symbol,date,HotScore,regularMarketPrice,regularMarketChangePercent,VolumeSpike,averageDailyVolume3Month,marketCap
AA,2025-11-26 20:46:26,0.7944010416666666,41.845,6.7474504,0.940394336752956,6727448.0,10836349952.0
AAUC,2025-11-26 20:46:26,0.8460937500000001,19.18,9.788214,1.052893252436969,342331.0,2378320128.0
ALAB,2025-11-26 20:46:26,0.7733072916666667,156.16,7.860205,0.6383833035814445,6266829.0,26375989248.0
ANF,2025-11-26 20:46:26,0.9055989583333336,96.205,6.610155,1.8834899305516977,2070173.0,4583525376.0
ARWR,2025-11-26 20:46:26,0.9563802083333334,58.675,25.400724,2.5015943063577564,2311350.0,8112261632.0
ASML,2025-11-26 20:46:26,0.8001302083333333,1048.445,4.507982,0.7710156115697779,1564801.0,406951460864.0
ATGE,2025-11-26 20:46:26,0.7385416666666667,93.37,4.1959624,0.7661753564028821,517392.0,3392247552.0
ATMU,2025-11-26 20:46:26,0.9026041666666664,51.27,6.745788,3.3718206552144494,679228.0,4211932160.0
BBAR,2025-11-26 20:46:26,0.8255208333333334,16.0993,11.988956,1.0313252454158175,1468528.0,3321203456.0
BE,2025-11-26 20:46:26,0.8014322916666666,101.34,7.4801,0.7688089242948989,14946615.0,23967997952.0
BMA,2025-11-26 20:46:26,0.8742187499999999,82.9,8.380185,0.9274132122637858,800862.0,5300737024.0
BMNR,2025-11-26 20:46:26,0.8003906249999999,31.7501,9.823935,1.0203786101012555,44949778.0,12194191360.0
BURL,2025-11-26 20:46:26,0.8488281249999999,260.29,4.261973,1.3248048544510094,1064590.0,16407385088.0
CIFR,2025-11-26 20:46:26,0.752734375,19.0999,9.022785,1.0006316838837004,51742653.0,7546218496.0
CLSK,2025-11-26 20:46:26,0.8151041666666666,13.445,13.747886,1.9092110994855371,32618701.0,3594329344.0
CRCL,2025-11-26 20:46:26,0.7296875,72.98,4.093571,1.0189549257307684,13110207.0,18568857600.0
CRDO,2025-11-26 20:46:26,0.766796875,165.65,7.4393578,0.6288493731891469,6165257.0,28656719872.0
DELL,2025-11-26 20:46:26,0.903515625,134.55,6.853562,1.825418328620807,7730107.0,90467803136.0
DUOL,2025-11-26 20:46:26,0.912109375,188.24,7.1005983,1.1760417315478044,1926600.0,8701837312.0
ECG,2025-11-26 20:46:26,0.8053385416666666,91.55,4.6884007,0.9450011705881368,478392.0,4669651968.0
ETOR,2025-11-26 20:46:26,0.8194010416666666,42.1213,5.540716,1.222432665340618,1167378.0,3525720832.0
EWTX,2025-11-26 20:46:26,0.8010416666666665,25.7,6.816298,0.9947795009378376,1025764.0,2720818688.0
FLNC,2025-11-26 20:46:26,0.81015625,19.135,14.102562,0.9677242439774476,7608900.0,3495267072.0
FN,2025-11-26 20:46:26,0.87109375,454.48,5.7692776,0.927904618060898,636934.0,16282749952.0
HNGE,2025-11-26 20:46:26,0.8114583333333334,50.54,4.702715,1.5967027429049838,1476318.0,3978479360.0
HOOD,2025-11-26 20:46:26,0.8820312499999999,128.6,11.274557,1.0997923798979348,35537503.0,115635691520.0
ICLR,2025-11-26 20:46:26,0.85546875,182.565,4.603795,1.2583151926798943,994084.0,14198468608.0
KLIC,2025-11-26 20:46:26,0.7497395833333333,45.17,3.696044,2.036633569440931,505984.0,2365236736.0
KSS,2025-11-26 20:46:26,0.8532552083333332,24.3971,8.818467,2.537685704903994,6160917.0,2734297344.0
LITE,2025-11-26 20:46:26,0.8697916666666666,311.96,7.103376,0.8271808445481551,4269573.0,22121891840.0
MESO,2025-11-26 20:46:26,0.8509114583333333,17.39,8.281445,1.5769988151805507,242231.0,2238888448.0
MODG,2025-11-26 20:46:26,0.812890625,12.8483,9.908473,1.4039661812047066,2472353.0,2362592000.0
NBIX,2025-11-26 20:46:26,0.8891927083333333,151.895,5.828054,1.3240341365696335,941981.0,15144797184.0
ODD,2025-11-26 20:46:26,0.8686197916666667,43.96,6.466452,1.6519092984804349,762060.0,2525012736.0
OLMA,2025-11-26 20:46:26,0.821875,28.09,7.7483716,1.1252298312733555,3238789.0,2251692288.0
ORCL,2025-11-26 20:46:26,0.7786458333333333,206.59,4.8520517,0.8423386734705258,26449695.0,588945227776.0
OSCR,2025-11-26 20:46:26,0.7623697916666667,18.175,8.637177,1.0116327231305218,17417160.0,5233621504.0
PAAS,2025-11-26 20:46:26,0.8123697916666667,42.3802,7.318809,0.9865896246791956,6470065.0,17886437376.0
PKX,2025-11-26 20:46:26,0.8192708333333333,54.78,4.862169,1.1369105962336552,143853.0,16570023936.0
PTCT,2025-11-26 20:46:26,0.7610677083333333,85.85,3.5210397,2.0966704580948035,1277443.0,6892750848.0
RCUS,2025-11-26 20:46:26,0.7819010416666667,25.86,6.508164,0.9549004385350994,1385978.0,3199620096.0
SYM,2025-11-26 20:46:26,0.9572916666666668,87.51,13.222928,2.340527438620952,2168859.0,51875262464.0
TER,2025-11-26 20:46:26,0.8104166666666668,180.58,7.6996503,0.6919768081850717,3768226.0,28725499904.0
TEVA,2025-11-26 20:46:26,0.734375,26.235,4.981996,1.3175467037208584,11010900.0,30098958336.0
TSEM,2025-11-26 20:46:26,0.8842447916666666,103.95,6.072507,1.4563041970666957,1395832.0,11655268352.0
UNF,2025-11-26 20:46:26,0.8294270833333333,173.775,4.0444193,1.372782292680135,139784.0,3142166784.0
URBN,2025-11-26 20:46:26,0.9584635416666666,77.07,12.823895,4.050246176284144,2098090.0,6913017856.0
VERA,2025-11-26 20:46:26,0.909375,33.48,13.761466,1.6990104269145176,1539957.0,2140311552.0
WSC,2025-11-26 20:46:26,0.7748697916666667,20.295,5.373831,1.9989328489916207,2918050.0,3695213824.0
ZYME,2025-11-26 20:46:26,0.7981770833333333,27.535,5.175705,1.7969454750683893,1077287.0,2085373824.0
AA,2025-11-26 20:46:27,0.7944010416666666,41.845,6.7474504,0.940394336752956,6727448.0,10836349952.0
AAUC,2025-11-26 20:46:27,0.8460937500000001,19.18,9.788214,1.052893252436969,342331.0,2378320128.0
ALAB,2025-11-26 20:46:27,0.7733072916666667,156.16,7.860205,0.6383833035814445,6266829.0,26375989248.0
ANF,2025-11-26 20:46:27,0.9055989583333336,96.205,6.610155,1.8834899305516977,2070173.0,4583525376.0
ARWR,2025-11-26 20:46:27,0.9563802083333334,58.675,25.400724,2.5015943063577564,2311350.0,8112261632.0
ASML,2025-11-26 20:46:27,0.8001302083333333,1048.445,4.507982,0.7710156115697779,1564801.0,406951460864.0
ATGE,2025-11-26 20:46:27,0.7385416666666667,93.37,4.1959624,0.7661753564028821,517392.0,3392247552.0
ATMU,2025-11-26 20:46:27,0.9026041666666664,51.27,6.745788,3.3718206552144494,679228.0,4211932160.0
BBAR,2025-11-26 20:46:27,0.8255208333333334,16.0993,11.988956,1.0313252454158175,1468528.0,3321203456.0
BE,2025-11-26 20:46:27,0.8014322916666666,101.34,7.4801,0.7688089242948989,14946615.0,23967997952.0
BMA,2025-11-26 20:46:27,0.8742187499999999,82.9,8.380185,0.9274132122637858,800862.0,5300737024.0
BMNR,2025-11-26 20:46:27,0.8003906249999999,31.7501,9.823935,1.0203786101012555,44949778.0,12194191360.0
BURL,2025-11-26 20:46:27,0.8488281249999999,260.29,4.261973,1.3248048544510094,1064590.0,16407385088.0
CIFR,2025-11-26 20:46:27,0.752734375,19.0999,9.022785,1.0006316838837004,51742653.0,7546218496.0
CLSK,2025-11-26 20:46:27,0.8151041666666666,13.445,13.747886,1.9092110994855371,32618701.0,3594329344.0
CRCL,2025-11-26 20:46:27,0.7296875,72.98,4.093571,1.0189549257307684,13110207.0,18568857600.0
CRDO,2025-11-26 20:46:27,0.766796875,165.65,7.4393578,0.6288493731891469,6165257.0,28656719872.0
DELL,2025-11-26 20:46:27,0.903515625,134.55,6.853562,1.825418328620807,7730107.0,90467803136.0
DUOL,2025-11-26 20:46:27,0.912109375,188.24,7.1005983,1.1760417315478044,1926600.0,8701837312.0
ECG,2025-11-26 20:46:27,0.8053385416666666,91.55,4.6884007,0.9450011705881368,478392.0,4669651968.0
ETOR,2025-11-26 20:46:27,0.8194010416666666,42.1213,5.540716,1.222432665340618,1167378.0,3525720832.0
EWTX,2025-11-26 20:46:27,0.8010416666666665,25.7,6.816298,0.9947795009378376,1025764.0,2720818688.0
FLNC,2025-11-26 20:46:27,0.81015625,19.135,14.102562,0.9677242439774476,7608900.0,3495267072.0
FN,2025-11-26 20:46:27,0.87109375,454.48,5.7692776,0.927904618060898,636934.0,16282749952.0
HNGE,2025-11-26 20:46:27,0.8114583333333334,50.54,4.702715,1.5967027429049838,1476318.0,3978479360.0
HOOD,2025-11-26 20:46:27,0.8820312499999999,128.6,11.274557,1.0997923798979348,35537503.0,115635691520.0
ICLR,2025-11-26 20:46:27,0.85546875,182.565,4.603795,1.2583151926798943,994084.0,14198468608.0
KLIC,2025-11-26 20:46:27,0.7497395833333333,45.17,3.696044,2.036633569440931,505984.0,2365236736.0
KSS,2025-11-26 20:46:27,0.8532552083333332,24.3971,8.818467,2.537685704903994,6160917.0,2734297344.0
LITE,2025-11-26 20:46:27,0.8697916666666666,311.96,7.103376,0.8271808445481551,4269573.0,22121891840.0
MESO,2025-11-26 20:46:27,0.8509114583333333,17.39,8.281445,1.5769988151805507,242231.0,2238888448.0
MODG,2025-11-26 20:46:27,0.812890625,12.8483,9.908473,1.4039661812047066,2472353.0,2362592000.0
NBIX,2025-11-26 20:46:27,0.8891927083333333,151.895,5.828054,1.3240341365696335,941981.0,15144797184.0
ODD,2025-11-26 20:46:27,0.8686197916666667,43.96,6.466452,1.6519092984804349,762060.0,2525012736.0
OLMA,2025-11-26 20:46:27,0.821875,28.09,7.7483716,1.1252298312733555,3238789.0,2251692288.0
ORCL,2025-11-26 20:46:27,0.7786458333333333,206.59,4.8520517,0.8423386734705258,26449695.0,588945227776.0
OSCR,2025-11-26 20:46:27,0.7623697916666667,18.175,8.637177,1.0116327231305218,17417160.0,5233621504.0
PAAS,2025-11-26 20:46:27,0.8123697916666667,42.3802,7.318809,0.9865896246791956,6470065.0,17886437376.0
PKX,2025-11-26 20:46:27,0.8192708333333333,54.78,4.862169,1.1369105962336552,143853.0,16570023936.0
PTCT,2025-11-26 20:46:27,0.7610677083333333,85.85,3.5210397,2.0966704580948035,1277443.0,6892750848.0
RCUS,2025-11-26 20:46:27,0.7819010416666667,25.86,6.508164,0.9549004385350994,1385978.0,3199620096.0
SYM,2025-11-26 20:46:27,0.9572916666666668,87.51,13.222928,2.340527438620952,2168859.0,51875262464.0
TER,2025-11-26 20:46:27,0.8104166666666668,180.58,7.6996503,0.6919768081850717,3768226.0,28725499904.0
TEVA,2025-11-26 20:46:27,0.734375,26.235,4.981996,1.3175467037208584,11010900.0,30098958336.0
TSEM,2025-11-26 20:46:27,0.8842447916666666,103.95,6.072507,1.4563041970666957,1395832.0,11655268352.0
UNF,2025-11-26 20:46:27,0.8294270833333333,173.775,4.0444193,1.372782292680135,139784.0,3142166784.0
URBN,2025-11-26 20:46:27,0.9584635416666666,77.07,12.823895,4.050246176284144,2098090.0,6913017856.0
VERA,2025-11-26 20:46:27,0.909375,33.48,13.761466,1.6990104269145176,1539957.0,2140311552.0
WSC,2025-11-26 20:46:27,0.7748697916666667,20.295,5.373831,1.9989328489916207,2918050.0,3695213824.0
ZYME,2025-11-26 20:46:27,0.7981770833333333,27.535,5.175705,1.7969454750683893,1077287.0,2085373824.0
AA,2025-11-26 21:03:59,0.773989218328841,41.56,6.0204096,1.0396307782683716,6727448.0,10762545152.0
AAUC,2025-11-26 21:03:59,0.85,19.21,9.95993,1.1952934440643703,342331.0,2382039808.0
ALAB,2025-11-26 21:03:59,0.7754716981132076,154.22,6.5202394,0.8197793493328125,6266829.0,26048315392.0
ANF,2025-11-26 21:03:59,0.8845013477088948,95.1728,5.4663124,2.120174497493688,2070173.0,4534347776.0
ARMN,2025-11-26 21:03:59,0.7389487870619946,14.015,6.8216496,0.9859079065389226,1735867.0,2855784704.0
ARWR,2025-11-26 21:03:59,0.9578167115902964,57.71,23.338316,3.002980076578623,2311350.0,7978843136.0
ASML,2025-11-26 21:03:59,0.7851752021563343,1040.97,3.7628837,0.9887391431881754,1564801.0,404050083840.0
ATMU,2025-11-26 21:03:59,0.9067385444743936,51.04,6.266921,3.6694026159110047,679228.0,4193037312.0
BBAR,2025-11-26 21:03:59,0.8175202156334233,15.9299,10.778164,1.1393334005207936,1468528.0,3286257152.0
BE,2025-11-26 21:03:59,0.7628032345013477,101.18,7.3072424,0.8391629141447746,14946615.0,23930157056.0
BMA,2025-11-26 21:03:59,0.8610512129380054,82.54,7.909535,1.0230039632296202,800862.0,5277718016.0
BMNR,2025-11-26 21:03:59,0.7796495956873315,31.715,9.702526,1.0840869781381346,44949778.0,12180710400.0
BURL,2025-11-26 21:03:59,0.8648247978436658,260.8,4.4662504,1.5860688152246405,1064590.0,16439531520.0
CIFR,2025-11-26 21:03:59,0.7474393530997304,19.15,9.303648,1.0912547333048424,51742653.0,7566012928.0
CLSK,2025-11-26 21:03:59,0.8237196765498652,13.45,13.790187,2.1256766478836786,32618701.0,3595666176.0
COIN,2025-11-26 21:03:59,0.7814016172506739,264.97,4.269639,0.9803773177606924,9561384.0,71447519232.0
CRDO,2025-11-26 21:03:59,0.7784366576819407,164.01,6.375666,0.8279864083524823,6165257.0,28373008384.0
DELL,2025-11-26 21:03:59,0.8828840970350404,133.24,5.8132205,2.004441594404838,7730107.0,89586999296.0
DUOL,2025-11-26 21:03:59,0.9142857142857144,188.43,7.208693,1.378065503996678,1926600.0,8710620160.0
ECG,2025-11-26 21:03:59,0.7846361185983828,90.77,3.796455,1.254237110988478,478392.0,4629866496.0
ETOR,2025-11-26 21:03:59,0.820754716981132,41.98,5.1866693,1.4349516609016102,1167378.0,3513893632.0
EWTX,2025-11-26 21:03:59,0.8056603773584905,25.52,6.068167,1.254467889300073,1025764.0,2701762560.0
FBIN,2025-11-26 21:03:59,0.7456873315363882,51.52,3.8919144,1.1526844876672293,1587640.0,6189528576.0
FLNC,2025-11-26 21:03:59,0.8017520215633424,18.99,13.237921,1.0873967327734626,7608900.0,3468780800.0
FN,2025-11-26 21:03:59,0.8451482479784367,449.165,4.5323386,1.1246110272021903,636934.0,16092327936.0
HNGE,2025-11-26 21:03:59,0.7672506738544475,50.06,3.7083094,1.8336936893000015,1476318.0,3940694016.0
HOOD,2025-11-26 21:03:59,0.8722371967654986,128.2,10.928439,1.2246765621096114,35537503.0,115276013568.0
ICLR,2025-11-26 21:03:59,0.8828840970350404,183.65,5.22546,1.6227562258320225,994084.0,14282851328.0
KSS,2025-11-26 21:03:59,0.8474393530997304,24.09,7.4487066,2.8030090325839483,6160917.0,2699879168.0
LITE,2025-11-26 21:03:59,0.8366576819407009,308.28,5.839946,0.9458172983574704,4269573.0,21860933632.0
MESO,2025-11-26 21:03:59,0.8623989218328841,17.37,8.15692,1.83598713624598,242231.0,2236313600.0
MODG,2025-11-26 21:03:59,0.8185983827493262,12.74,8.982038,1.7297412626756778,2472353.0,2342677504.0
NBIX,2025-11-26 21:03:59,0.8960916442048518,151.58,5.608586,1.8046351253369228,941981.0,15113390080.0
ODD,2025-11-26 21:03:59,0.8102425876010781,43.04,4.238314,2.102095635514264,762060.0,2472169216.0
OLMA,2025-11-26 21:03:59,0.8315363881401617,28.12,7.863449,1.268229884688382,3238789.0,2254096896.0
OSCR,2025-11-26 21:03:59,0.762533692722372,18.1575,8.532575,1.114547492243282,17417160.0,5228582400.0
PAAS,2025-11-26 21:03:59,0.8204851752021562,42.56,7.774119,1.1007911048807084,6470065.0,17962321920.0
PI,2025-11-26 21:03:59,0.7754716981132075,172.81,4.4863644,0.902318785382878,561889.0,5203159040.0
PKX,2025-11-26 21:03:59,0.8377358490566038,54.91,5.1110225,1.3534858501386833,143853.0,16609347584.0
PTCT,2025-11-26 21:03:59,0.8495956873315363,86.25,4.003376,8.583597076347047,1277443.0,6924866048.0
RCUS,2025-11-26 21:03:59,0.7642857142857142,25.57,5.3130107,1.15188552776451,1385978.0,3163738624.0
SYM,2025-11-26 21:03:59,0.9544474393530996,87.3,12.951225,2.6269743676283244,2168859.0,51750776832.0
TER,2025-11-26 21:03:59,0.8514824797843666,179.38,6.9839606,0.9528043169385276,3768226.0,28534611968.0
TEVA,2025-11-26 21:03:59,0.7621293800539084,26.325,5.3421407,1.5080722738377426,11010900.0,30202214400.0
TSEM,2025-11-26 21:03:59,0.8785714285714287,103.46,5.572504,1.6907228090486537,1395832.0,11600328704.0
UNF,2025-11-26 21:03:59,0.7618598382749325,172.07,3.0235918,1.8230341097693583,139784.0,3111337472.0
URBN,2025-11-26 21:03:59,0.9646900269541778,77.56,13.54121,4.771464999118246,2098090.0,6956969984.0
VERA,2025-11-26 21:03:59,0.9164420485175202,33.33,13.251789,2.0713227707007404,1539957.0,2130722432.0
WSC,2025-11-26 21:03:59,0.772911051212938,20.18,4.7767396,2.484137351998766,2918050.0,3674275328.0
ZYME,2025-11-26 21:03:59,0.7816711590296497,27.33,4.3926644,2.0297311672748304,1077287.0,2069848064.0
AA,2025-11-26 21:17:41,0.7892183288409704,41.57,6.04592,1.1367072625459165,6727448.0,10765134848.0
AAUC,2025-11-26 21:17:41,0.850134770889488,19.21,9.95993,1.1952934440643703,342331.0,2382039808.0
ALAB,2025-11-26 21:17:41,0.7654986522911051,154.22,6.5202394,0.826404230911678,6266829.0,26048315392.0
ANF,2025-11-26 21:17:41,0.88544474393531,95.14,5.42997,2.120174497493688,2070173.0,4532785152.0
ARWR,2025-11-26 21:17:41,0.9591644204851753,57.71,23.338316,3.055576178423865,2311350.0,7978843136.0
ASML,2025-11-26 21:17:41,0.7703504043126684,1040.97,3.7628837,0.9887391431881754,1564801.0,404050083840.0
ATMU,2025-11-26 21:17:41,0.9067385444743936,51.04,6.26692,3.6694026159110047,679228.0,4193037312.0
BBAR,2025-11-26 21:17:41,0.8132075471698114,15.92,10.7093,1.1393334005207936,1468528.0,3284214784.0
BE,2025-11-26 21:17:41,0.7491913746630727,101.14,7.26482,0.8391629141447746,14946615.0,23920697344.0
BMA,2025-11-26 21:17:41,0.8479784366576819,82.21,7.4781,1.0230039632296202,800862.0,5256617472.0
BMNR,2025-11-26 21:17:41,0.7756064690026955,31.74,9.789,1.0840869781381346,44949778.0,12190312448.0
BURL,2025-11-26 21:17:41,0.8656334231805931,260.65,4.40617,1.5860688152246405,1064590.0,16430076928.0
CIFR,2025-11-26 21:17:41,0.7405660377358491,19.15,9.303648,1.0912547333048424,51742653.0,7566012928.0
CLSK,2025-11-26 21:17:41,0.8243935309973045,13.45,13.790187,2.1256766478836786,32618701.0,3595666176.0
COIN,2025-11-26 21:17:41,0.7742587601078166,264.97,4.269639,0.9953065372126044,9561384.0,71447519232.0
CRDO,2025-11-26 21:17:41,0.7665768194070082,164.01,6.375666,0.8279864083524823,6165257.0,28373008384.0
DELL,2025-11-26 21:17:41,0.8892183288409703,133.26,5.82909,2.1174223073496914,7730107.0,89600442368.0
DUOL,2025-11-26 21:17:41,0.9146900269541778,188.43,7.208693,1.3896963562753035,1926600.0,8710620160.0
ECG,2025-11-26 21:17:41,0.7793800539083557,90.71,3.72785,1.254237110988478,478392.0,4626806272.0
ETOR,2025-11-26 21:17:41,0.8194070080862534,41.98,5.1866693,1.4349516609016102,1167378.0,3513893632.0
EWTX,2025-11-26 21:17:41,0.8057951482479785,25.52,6.068167,1.254467889300073,1025764.0,2701762560.0
FBIN,2025-11-26 21:17:41,0.7400269541778975,51.51,3.87174,1.1526844876672293,1587640.0,6188326912.0
FLNC,2025-11-26 21:17:41,0.7963611859838275,18.99,13.237921,1.0873967327734626,7608900.0,3468780800.0
FN,2025-11-26 21:17:41,0.8359838274932616,449.06,4.5079,1.1246110272021903,636934.0,16088565760.0
HNGE,2025-11-26 21:17:41,0.768733153638814,50.05,3.68759,1.8336936893000015,1476318.0,3939906816.0
HOOD,2025-11-26 21:17:41,0.879245283018868,128.2,10.928439,1.3124530443233449,35537503.0,115276013568.0
ICLR,2025-11-26 21:17:41,0.8839622641509433,183.65,5.22546,1.6227562258320225,994084.0,14282851328.0
KLIC,2025-11-26 21:17:41,0.7412398921832885,44.96,3.2139525,2.839407965469264,505984.0,2354240512.0
KSS,2025-11-26 21:17:41,0.8525606469002696,24.1,7.493311,2.9675812870064635,6160917.0,2700999936.0
LITE,2025-11-26 21:17:41,0.8210242587601078,308.28,5.839946,0.9498792970631956,4269573.0,21860933632.0
MESO,2025-11-26 21:17:41,0.8640161725067386,17.37,8.15692,1.83598713624598,242231.0,2236313600.0
MODG,2025-11-26 21:17:41,0.8262803234501348,12.72,8.810956,2.0623256468635343,2472353.0,2338999808.0
NBIX,2025-11-26 21:17:41,0.8971698113207548,151.58,5.608586,1.8046351253369228,941981.0,15113390080.0
ODD,2025-11-26 21:17:41,0.810377358490566,43.04,4.238314,2.102095635514264,762060.0,2472169216.0
OLMA,2025-11-26 21:17:41,0.8316711590296495,28.12,7.863449,1.268229884688382,3238789.0,2254096896.0
OSCR,2025-11-26 21:17:41,0.7675202156334232,18.16,8.547522,1.163059706634147,17417160.0,5229302272.0
PAAS,2025-11-26 21:17:41,0.8257412398921832,42.59,7.8500843,1.1406531464521608,6470065.0,17974982656.0
PI,2025-11-26 21:17:41,0.755121293800539,172.81,4.4863644,0.902318785382878,561889.0,5203159040.0
PKX,2025-11-26 21:17:41,0.8481132075471698,54.96,5.2067327,1.4585514379262163,143853.0,16624471040.0
PTCT,2025-11-26 21:17:41,0.8498652291105121,86.25,4.003376,8.583597076347047,1277443.0,6924866048.0
RCUS,2025-11-26 21:17:41,0.7820754716981131,25.56,5.2718234,1.3663607936056703,1385978.0,3162501376.0
SYM,2025-11-26 21:17:41,0.9548517520215632,87.3,12.951225,2.6269743676283244,2168859.0,51750776832.0
TER,2025-11-26 21:17:41,0.8471698113207546,179.38,6.9839606,0.9931784877021708,3768226.0,28534611968.0
TEVA,2025-11-26 21:17:41,0.7692722371967654,26.32,5.3221283,1.6063675993787974,11010900.0,30196475904.0
TSEM,2025-11-26 21:17:41,0.8799191374663073,103.46,5.572504,1.6907228090486537,1395832.0,11600328704.0
URBN,2025-11-26 21:17:41,0.9650943396226416,77.56,13.54121,4.771464999118246,2098090.0,6956969984.0
VERA,2025-11-26 21:17:41,0.9152291105121292,33.33,13.251789,2.0713227707007404,1539957.0,2130722432.0
VSCO,2025-11-26 21:17:41,0.7547169811320754,40.19,5.2921157,1.01962211009936,2553548.0,3221810688.0
WSC,2025-11-26 21:17:41,0.775067385444744,20.18,4.7767396,2.484137351998766,2918050.0,3674275328.0
ZYME,2025-11-26 21:17:41,0.7815363881401617,27.33,4.3926644,2.0297311672748304,1077287.0,2069848064.0
AA,2025-11-26 21:17:42,0.7892183288409704,41.57,6.04592,1.1367072625459165,6727448.0,10765134848.0
AAUC,2025-11-26 21:17:42,0.850134770889488,19.21,9.95993,1.1952934440643703,342331.0,2382039808.0
ALAB,2025-11-26 21:17:42,0.7654986522911051,154.22,6.5202394,0.826404230911678,6266829.0,26048315392.0
ANF,2025-11-26 21:17:42,0.88544474393531,95.14,5.42997,2.120174497493688,2070173.0,4532785152.0
ARWR,2025-11-26 21:17:42,0.9591644204851753,57.71,23.338316,3.055576178423865,2311350.0,7978843136.0
ASML,2025-11-26 21:17:42,0.7703504043126684,1040.97,3.7628837,0.9887391431881754,1564801.0,404050083840.0
ATMU,2025-11-26 21:17:42,0.9067385444743936,51.04,6.26692,3.6694026159110047,679228.0,4193037312.0
BBAR,2025-11-26 21:17:42,0.8132075471698114,15.92,10.7093,1.1393334005207936,1468528.0,3284214784.0
BE,2025-11-26 21:17:42,0.7491913746630727,101.14,7.26482,0.8391629141447746,14946615.0,23920697344.0
BMA,2025-11-26 21:17:42,0.8479784366576819,82.21,7.4781,1.0230039632296202,800862.0,5256617472.0
BMNR,2025-11-26 21:17:42,0.7756064690026955,31.74,9.789,1.0840869781381346,44949778.0,12190312448.0
BURL,2025-11-26 21:17:42,0.8656334231805931,260.65,4.40617,1.5860688152246405,1064590.0,16430076928.0
CIFR,2025-11-26 21:17:42,0.7405660377358491,19.15,9.303648,1.0912547333048424,51742653.0,7566012928.0
CLSK,2025-11-26 21:17:42,0.8243935309973045,13.45,13.790187,2.1256766478836786,32618701.0,3595666176.0
COIN,2025-11-26 21:17:42,0.7742587601078166,264.97,4.269639,0.9953065372126044,9561384.0,71447519232.0
CRDO,2025-11-26 21:17:42,0.7665768194070082,164.01,6.375666,0.8279864083524823,6165257.0,28373008384.0
DELL,2025-11-26 21:17:42,0.8892183288409703,133.26,5.82909,2.1174223073496914,7730107.0,89600442368.0
DUOL,2025-11-26 21:17:42,0.9146900269541778,188.43,7.208693,1.3896963562753035,1926600.0,8710620160.0
ECG,2025-11-26 21:17:42,0.7793800539083557,90.71,3.72785,1.254237110988478,478392.0,4626806272.0
ETOR,2025-11-26 21:17:42,0.8194070080862534,41.98,5.1866693,1.4349516609016102,1167378.0,3513893632.0
EWTX,2025-11-26 21:17:42,0.8057951482479785,25.52,6.068167,1.254467889300073,1025764.0,2701762560.0
FBIN,2025-11-26 21:17:42,0.7400269541778975,51.51,3.87174,1.1526844876672293,1587640.0,6188326912.0
FLNC,2025-11-26 21:17:42,0.7963611859838275,18.99,13.237921,1.0873967327734626,7608900.0,3468780800.0
FN,2025-11-26 21:17:42,0.8359838274932616,449.06,4.5079,1.1246110272021903,636934.0,16088565760.0
HNGE,2025-11-26 21:17:42,0.768733153638814,50.05,3.68759,1.8336936893000015,1476318.0,3939906816.0
HOOD,2025-11-26 21:17:42,0.879245283018868,128.2,10.928439,1.3124530443233449,35537503.0,115276013568.0
ICLR,2025-11-26 21:17:42,0.8839622641509433,183.65,5.22546,1.6227562258320225,994084.0,14282851328.0
KLIC,2025-11-26 21:17:42,0.7412398921832885,44.96,3.2139525,2.839407965469264,505984.0,2354240512.0
KSS,2025-11-26 21:17:42,0.8525606469002696,24.1,7.493311,2.9675812870064635,6160917.0,2700999936.0
LITE,2025-11-26 21:17:42,0.8210242587601078,308.28,5.839946,0.9498792970631956,4269573.0,21860933632.0
MESO,2025-11-26 21:17:42,0.8640161725067386,17.37,8.15692,1.83598713624598,242231.0,2236313600.0
MODG,2025-11-26 21:17:42,0.8262803234501348,12.72,8.810956,2.0623256468635343,2472353.0,2338999808.0
NBIX,2025-11-26 21:17:42,0.8971698113207548,151.58,5.608586,1.8046351253369228,941981.0,15113390080.0
ODD,2025-11-26 21:17:42,0.810377358490566,43.04,4.238314,2.102095635514264,762060.0,2472169216.0
OLMA,2025-11-26 21:17:42,0.8316711590296495,28.12,7.863449,1.268229884688382,3238789.0,2254096896.0
OSCR,2025-11-26 21:17:42,0.7675202156334232,18.16,8.547522,1.163059706634147,17417160.0,5229302272.0
PAAS,2025-11-26 21:17:42,0.8257412398921832,42.59,7.8500843,1.1406531464521608,6470065.0,17974982656.0
PI,2025-11-26 21:17:42,0.755121293800539,172.81,4.4863644,0.902318785382878,561889.0,5203159040.0
PKX,2025-11-26 21:17:42,0.8481132075471698,54.96,5.2067327,1.4585514379262163,143853.0,16624471040.0
PTCT,2025-11-26 21:17:42,0.8498652291105121,86.25,4.003376,8.583597076347047,1277443.0,6924866048.0
RCUS,2025-11-26 21:17:42,0.7820754716981131,25.56,5.2718234,1.3663607936056703,1385978.0,3162501376.0
SYM,2025-11-26 21:17:42,0.9548517520215632,87.3,12.951225,2.6269743676283244,2168859.0,51750776832.0
TER,2025-11-26 21:17:42,0.8471698113207546,179.38,6.9839606,0.9931784877021708,3768226.0,28534611968.0
TEVA,2025-11-26 21:17:42,0.7692722371967654,26.32,5.3221283,1.6063675993787974,11010900.0,30196475904.0
TSEM,2025-11-26 21:17:42,0.8799191374663073,103.46,5.572504,1.6907228090486537,1395832.0,11600328704.0
URBN,2025-11-26 21:17:42,0.9650943396226416,77.56,13.54121,4.771464999118246,2098090.0,6956969984.0
VERA,2025-11-26 21:17:42,0.9152291105121292,33.33,13.251789,2.0713227707007404,1539957.0,2130722432.0
VSCO,2025-11-26 21:17:42,0.7547169811320754,40.19,5.2921157,1.01962211009936,2553548.0,3221810688.0
WSC,2025-11-26 21:17:42,0.775067385444744,20.18,4.7767396,2.484137351998766,2918050.0,3674275328.0
ZYME,2025-11-26 21:17:42,0.7815363881401617,27.33,4.3926644,2.0297311672748304,1077287.0,2069848064.0
AA,2025-11-26 21:38:52,0.7929919137466308,41.57,6.04592,1.1367072625459165,6727448.0,10765134848.0
AAUC,2025-11-26 21:38:52,0.852021563342318,19.21,9.95993,1.1952934440643703,342331.0,2382039808.0
ALAB,2025-11-26 21:38:52,0.7758760107816711,154.22,6.5202394,0.826404230911678,6266829.0,26048315392.0
ANF,2025-11-26 21:38:52,0.8863881401617251,95.14,5.42997,2.120174497493688,2070173.0,4532785152.0
ARMN,2025-11-26 21:38:52,0.7452830188679246,14.02,6.85976,1.003314770083192,1735867.0,2856803328.0
ARWR,2025-11-26 21:38:52,0.9591644204851753,57.71,23.338316,3.055576178423865,2311350.0,7978843136.0
ASML,2025-11-26 21:38:52,0.7807277628032345,1040.97,3.7628837,0.9887391431881754,1564801.0,404050083840.0
ATMU,2025-11-26 21:38:52,0.9076819407008088,51.04,6.26692,3.6694026159110047,679228.0,4193037312.0
BBAR,2025-11-26 21:38:52,0.8172506738544475,15.92,10.7093,1.1393334005207936,1468528.0,3284214784.0
BE,2025-11-26 21:38:52,0.7595687331536388,101.14,7.26482,0.8391629141447746,14946615.0,23920697344.0
BMA,2025-11-26 21:38:52,0.8564690026954178,82.21,7.4781,1.0230039632296202,800862.0,5256617472.0
BMNR,2025-11-26 21:38:52,0.7831536388140162,31.74,9.789,1.0840869781381346,44949778.0,12190312448.0
BURL,2025-11-26 21:38:52,0.8665768194070081,260.65,4.40617,1.5860688152246405,1064590.0,16430076928.0
CIFR,2025-11-26 21:38:52,0.7481132075471697,19.15,9.303648,1.0912547333048424,51742653.0,7566012928.0
CLSK,2025-11-26 21:38:52,0.8253369272237197,13.45,13.790187,2.1256766478836786,32618701.0,3595666176.0
COIN,2025-11-26 21:38:52,0.7827493261455525,264.97,4.269639,0.9953065372126044,9561384.0,71447519232.0
CRDO,2025-11-26 21:38:52,0.7769541778975741,164.01,6.375666,0.8279864083524823,6165257.0,28373008384.0
DELL,2025-11-26 21:38:52,0.8901617250673853,133.26,5.82909,2.1174223073496914,7730107.0,89600442368.0
DUOL,2025-11-26 21:38:52,0.9156334231805928,188.43,7.208693,1.3896963562753035,1926600.0,8710620160.0
ECG,2025-11-26 21:38:52,0.7803234501347709,90.71,3.72785,1.254237110988478,478392.0,4626806272.0
ETOR,2025-11-26 21:38:52,0.8212938005390835,41.98,5.1866693,1.4349516609016102,1167378.0,3513893632.0
EWTX,2025-11-26 21:38:52,0.8067385444743935,25.52,6.068167,1.254467889300073,1025764.0,2701762560.0
FBIN,2025-11-26 21:38:52,0.7438005390835579,51.51,3.87174,1.1526844876672293,1587640.0,6188326912.0
FLNC,2025-11-26 21:38:52,0.8041778975741241,18.99,13.237921,1.0873967327734626,7608900.0,3468780800.0
FN,2025-11-26 21:38:52,0.8388140161725068,449.06,4.5079,1.1246110272021903,636934.0,16088565760.0
HNGE,2025-11-26 21:38:52,0.7706199460916442,50.05,3.68759,1.8336936893000015,1476318.0,3939906816.0
HOOD,2025-11-26 21:38:52,0.8832884097035041,128.2,10.928439,1.3124530443233449,35537503.0,115276013568.0
ICLR,2025-11-26 21:38:52,0.8839622641509433,183.65,5.22546,1.6227562258320225,994084.0,14282851328.0
KLIC,2025-11-26 21:38:52,0.7421832884097034,44.96,3.2139525,2.839407965469264,505984.0,2354240512.0
KSS,2025-11-26 21:38:52,0.8525606469002696,24.1,7.49331,2.9955209589741267,6160917.0,2700999936.0
LITE,2025-11-26 21:38:52,0.8342318059299191,308.28,5.839946,0.9498792970631956,4269573.0,21860933632.0
MESO,2025-11-26 21:38:52,0.8653638814016174,17.37,8.15692,1.83598713624598,242231.0,2236313600.0
MODG,2025-11-26 21:38:52,0.8210242587601078,12.72,8.81096,1.7297412626756778,2472353.0,2338999808.0
NBIX,2025-11-26 21:38:52,0.8981132075471698,151.58,5.608586,1.8046351253369228,941981.0,15113390080.0
ODD,2025-11-26 21:38:52,0.8122641509433961,43.04,4.238314,2.102095635514264,762060.0,2472169216.0
OLMA,2025-11-26 21:38:52,0.8335579514824798,28.12,7.863449,1.268229884688382,3238789.0,2254096896.0
OSCR,2025-11-26 21:38:52,0.7599730458221025,18.16,8.54752,1.114547492243282,17417160.0,5229302272.0
PAAS,2025-11-26 21:38:52,0.8200808625336926,42.59,7.85008,1.1007911048807084,6470065.0,17974982656.0
PI,2025-11-26 21:38:52,0.7702156334231806,172.81,4.4863644,0.902318785382878,561889.0,5203159040.0
PKX,2025-11-26 21:38:52,0.8424528301886793,54.96,5.20673,1.3534858501386833,143853.0,16624471040.0
PTCT,2025-11-26 21:38:52,0.8508086253369272,86.25,4.003376,8.583597076347047,1277443.0,6924866048.0
RCUS,2025-11-26 21:38:52,0.7617250673854447,25.56,5.27182,1.15188552776451,1385978.0,3162501376.0
SYM,2025-11-26 21:38:52,0.9557951482479784,87.3,12.951225,2.6269743676283244,2168859.0,51750776832.0
TER,2025-11-26 21:38:52,0.8547169811320754,179.38,6.9839606,0.9931784877021708,3768226.0,28534611968.0
TEVA,2025-11-26 21:38:52,0.7654986522911051,26.32,5.32213,1.5080722738377426,11010900.0,30196475904.0
TSEM,2025-11-26 21:38:52,0.8808625336927223,103.46,5.572504,1.6907228090486537,1395832.0,11600328704.0
URBN,2025-11-26 21:38:52,0.9660377358490566,77.56,13.54121,4.771464999118246,2098090.0,6956969984.0
VERA,2025-11-26 21:38:52,0.9171159029649596,33.33,13.251789,2.0713227707007404,1539957.0,2130722432.0
WSC,2025-11-26 21:38:52,0.7754716981132076,20.18,4.7767396,2.484137351998766,2918050.0,3674275328.0
ZYME,2025-11-26 21:38:52,0.7838274932614555,27.33,4.3926644,2.0297311672748304,1077287.0,2069848064.0
AA,2025-11-26 21:50:43,0.7929919137466308,41.57,6.04592,1.1367072625459165,6727448.0,10765134848.0
AAUC,2025-11-26 21:50:43,0.852021563342318,19.21,9.95993,1.1952934440643703,342331.0,2382039808.0
ALAB,2025-11-26 21:50:43,0.7749326145552561,154.22,6.5202394,0.826404230911678,6266829.0,26048315392.0
ANF,2025-11-26 21:50:43,0.8863881401617251,95.14,5.42997,2.120174497493688,2070173.0,4532785152.0
ARMN,2025-11-26 21:50:43,0.7448787061994608,14.02,6.85976,1.003314770083192,1735867.0,2856803328.0
ARWR,2025-11-26 21:50:43,0.9591644204851753,57.71,23.338316,3.055576178423865,2311350.0,7978843136.0
ASML,2025-11-26 21:50:43,0.7797843665768195,1040.97,3.7628837,0.9887391431881754,1564801.0,404050083840.0
ATMU,2025-11-26 21:50:43,0.9076819407008088,51.04,6.26692,3.6694026159110047,679228.0,4193037312.0
BBAR,2025-11-26 21:50:43,0.8169811320754717,15.92,10.7093,1.1393334005207936,1468528.0,3284214784.0
BE,2025-11-26 21:50:43,0.7586253369272237,101.14,7.26482,0.8391629141447746,14946615.0,23920697344.0
BMA,2025-11-26 21:50:43,0.8555256064690027,82.21,7.4781,1.0230039632296202,800862.0,5256617472.0
BMNR,2025-11-26 21:50:43,0.7812668463611859,31.74,9.789,1.0840869781381346,44949778.0,12190312448.0
BURL,2025-11-26 21:50:43,0.8665768194070081,260.65,4.40617,1.5860688152246405,1064590.0,16430076928.0
CIFR,2025-11-26 21:50:43,0.7462264150943395,19.15,9.303648,1.0912547333048424,51742653.0,7566012928.0
CLSK,2025-11-26 21:50:43,0.8253369272237197,13.45,13.790187,2.1256766478836786,32618701.0,3595666176.0
COIN,2025-11-26 21:50:43,0.7818059299191373,264.97,4.269639,0.9953065372126044,9561384.0,71447519232.0
CRDO,2025-11-26 21:50:43,0.776010781671159,164.01,6.375666,0.8279864083524823,6165257.0,28373008384.0
DELL,2025-11-26 21:50:43,0.8901617250673853,133.26,5.82909,2.1174223073496914,7730107.0,89600442368.0
DUOL,2025-11-26 21:50:43,0.9156334231805928,188.43,7.208693,1.3896963562753035,1926600.0,8710620160.0
ECG,2025-11-26 21:50:43,0.7803234501347709,90.71,3.72785,1.254237110988478,478392.0,4626806272.0
ETOR,2025-11-26 21:50:43,0.8212938005390835,41.98,5.1866693,1.4349516609016102,1167378.0,3513893632.0
EWTX,2025-11-26 21:50:43,0.8067385444743935,25.52,6.068167,1.254467889300073,1025764.0,2701762560.0
FBIN,2025-11-26 21:50:43,0.7438005390835579,51.51,3.87174,1.1526844876672293,1587640.0,6188326912.0
FLNC,2025-11-26 21:50:43,0.802021563342318,18.99,13.237921,1.0873967327734626,7608900.0,3468780800.0
FN,2025-11-26 21:50:43,0.8388140161725068,449.06,4.5079,1.1246110272021903,636934.0,16088565760.0
HNGE,2025-11-26 21:50:43,0.7706199460916442,50.05,3.68759,1.8336936893000015,1476318.0,3939906816.0
HOOD,2025-11-26 21:50:43,0.8830188679245283,128.2,10.928439,1.3124530443233449,35537503.0,115276013568.0
ICLR,2025-11-26 21:50:43,0.8839622641509433,183.65,5.22546,1.6227562258320225,994084.0,14282851328.0
KLIC,2025-11-26 21:50:43,0.7421832884097034,44.96,3.2139525,2.839407965469264,505984.0,2354240512.0
KSS,2025-11-26 21:50:43,0.8522911051212938,24.1,7.49331,2.9955209589741267,6160917.0,2700999936.0
LITE,2025-11-26 21:50:43,0.8332884097035039,308.28,5.839946,0.9498792970631956,4269573.0,21860933632.0
MESO,2025-11-26 21:50:43,0.8659029649595689,17.37,8.15692,1.83598713624598,242231.0,2236313600.0
MODG,2025-11-26 21:50:43,0.8215633423180593,12.72,8.81096,1.7297412626756778,2472353.0,2338999808.0
NBIX,2025-11-26 21:50:43,0.8981132075471698,151.58,5.608586,1.8046351253369228,941981.0,15113390080.0
ODD,2025-11-26 21:50:43,0.8122641509433961,43.04,4.238314,2.102095635514264,762060.0,2472169216.0
OLMA,2025-11-26 21:50:43,0.8335579514824798,28.12,7.863449,1.268229884688382,3238789.0,2254096896.0
OSCR,2025-11-26 21:50:43,0.7599730458221025,18.16,8.54752,1.114547492243282,17417160.0,5229302272.0
PAAS,2025-11-26 21:50:43,0.8200808625336926,42.59,7.85008,1.1007911048807084,6470065.0,17974982656.0
PI,2025-11-26 21:50:43,0.7692722371967655,172.81,4.4863644,0.902318785382878,561889.0,5203159040.0
PKX,2025-11-26 21:50:43,0.8424528301886793,54.96,5.20673,1.3534858501386833,143853.0,16624471040.0
PTCT,2025-11-26 21:50:43,0.8508086253369272,86.25,4.003376,8.583597076347047,1277443.0,6924866048.0
RCUS,2025-11-26 21:50:43,0.7622641509433962,25.56,5.27182,1.15188552776451,1385978.0,3162501376.0
SYM,2025-11-26 21:50:43,0.9557951482479784,87.3,12.951225,2.6269743676283244,2168859.0,51750776832.0
TER,2025-11-26 21:50:43,0.8537735849056602,179.38,6.9839606,0.9931784877021708,3768226.0,28534611968.0
TEVA,2025-11-26 21:50:43,0.7657681940700808,26.32,5.32213,1.5080722738377426,11010900.0,30196475904.0
TSEM,2025-11-26 21:50:43,0.8808625336927223,103.46,5.572504,1.6907228090486537,1395832.0,11600328704.0
URBN,2025-11-26 21:50:43,0.9660377358490566,77.56,13.54121,4.771464999118246,2098090.0,6956969984.0
VERA,2025-11-26 21:50:43,0.9171159029649596,33.33,13.251789,2.0713227707007404,1539957.0,2130722432.0
WSC,2025-11-26 21:50:43,0.776010781671159,20.18,4.7767396,2.484137351998766,2918050.0,3674275328.0
ZYME,2025-11-26 21:50:43,0.784366576819407,27.33,4.3926644,2.0297311672748304,1077287.0,2069848064.0
AA,2025-11-26 22:18:41,0.7878706199460916,41.57,6.04592,1.1367072625459165,6727448.0,10765134848.0
AAUC,2025-11-26 22:18:41,0.847843665768194,19.21,9.95993,1.1952934440643703,342331.0,2382039808.0
ALAB,2025-11-26 22:18:41,0.7654986522911051,154.22,6.5202394,0.8275547330236711,6266829.0,26048315392.0
ANF,2025-11-26 22:18:41,0.8855795148247978,95.14,5.42997,2.302913814449324,2070173.0,4532785152.0
ARMN,2025-11-26 22:18:41,0.7378706199460916,14.02,6.85976,1.003314770083192,1735867.0,2856803328.0
ARWR,2025-11-26 22:18:41,0.95822102425876,57.71,23.338316,3.055576178423865,2311350.0,7978843136.0
ASML,2025-11-26 22:18:41,0.7816711590296497,1040.97,3.7628837,1.0041449360014467,1564801.0,404050083840.0
ATMU,2025-11-26 22:18:41,0.9059299191374665,51.04,6.26692,3.6694026159110047,679228.0,4193037312.0
BBAR,2025-11-26 22:18:41,0.8121293800539083,15.92,10.7093,1.1393334005207936,1468528.0,3284214784.0
BE,2025-11-26 22:18:41,0.7712938005390835,101.14,7.26482,0.8870997881460116,14946615.0,23920697344.0
BMA,2025-11-26 22:18:41,0.8493261455525606,82.21,7.4781,1.0230039632296202,800862.0,5256617472.0
BMNR,2025-11-26 22:18:41,0.7769541778975741,31.74,9.789,1.0840869781381346,44949778.0,12190312448.0
BURL,2025-11-26 22:18:41,0.8703504043126685,260.65,4.40617,1.694686217229168,1064590.0,16430076928.0
CIFR,2025-11-26 22:18:41,0.7423180592991914,19.15,9.303648,1.0912547333048424,51742653.0,7566012928.0
CLSK,2025-11-26 22:18:41,0.8214285714285715,13.45,13.790187,2.144940658427814,32618701.0,3595666176.0
COIN,2025-11-26 22:18:41,0.7733153638814017,264.97,4.269639,0.9953065372126044,9561384.0,71447519232.0
CRDO,2025-11-26 22:18:41,0.7684636118598382,164.01,6.375666,0.8405012151156067,6165257.0,28373008384.0
DELL,2025-11-26 22:18:41,0.8873315363881401,133.26,5.82909,2.1174223073496914,7730107.0,89600442368.0
DUOL,2025-11-26 22:18:41,0.9128032345013476,188.43,7.208693,1.390508668120004,1926600.0,8710620160.0
ECG,2025-11-26 22:18:41,0.776954177897574,90.71,3.72785,1.254237110988478,478392.0,4626806272.0
ETOR,2025-11-26 22:18:41,0.817654986522911,41.98,5.1866693,1.4349516609016102,1167378.0,3513893632.0
EWTX,2025-11-26 22:18:41,0.8066037735849056,25.52,6.068167,1.274046466828627,1025764.0,2701762560.0
FBIN,2025-11-26 22:18:41,0.739487870619946,51.51,3.87174,1.1526844876672293,1587640.0,6188326912.0
FLNC,2025-11-26 22:18:41,0.7983827493261455,18.99,13.237921,1.0873967327734626,7608900.0,3468780800.0
FN,2025-11-26 22:18:41,0.8576819407008087,449.06,4.5079,1.2839634875827008,636934.0,16088565760.0
HNGE,2025-11-26 22:18:41,0.7683288409703504,50.05,3.68759,1.8336936893000015,1476318.0,3939906816.0
HOOD,2025-11-26 22:18:41,0.8805929919137466,128.2,10.928439,1.320289441832759,35537503.0,115276013568.0
ICLR,2025-11-26 22:18:41,0.8820754716981132,183.65,5.22546,1.6227562258320225,994084.0,14282851328.0
KLIC,2025-11-26 22:18:41,0.7401617250673854,44.96,3.2139525,2.839407965469264,505984.0,2354240512.0
KSS,2025-11-26 22:18:41,0.8500000000000001,24.1,7.49331,2.9955209589741267,6160917.0,2700999936.0
LITE,2025-11-26 22:18:41,0.8245283018867924,308.28,5.839946,0.9498792970631956,4269573.0,21860933632.0
MESO,2025-11-26 22:18:41,0.8630727762803235,17.37,8.15692,1.83598713624598,242231.0,2236313600.0
MODG,2025-11-26 22:18:41,0.8191374663072777,12.72,8.81096,1.7297412626756778,2472353.0,2338999808.0
NBIX,2025-11-26 22:18:41,0.8981132075471698,151.58,5.608586,1.8046351253369228,941981.0,15113390080.0
ODD,2025-11-26 22:18:41,0.8080862533692723,43.04,4.238314,2.102095635514264,762060.0,2472169216.0
OLMA,2025-11-26 22:18:41,0.8289757412398923,28.12,7.863449,1.268229884688382,3238789.0,2254096896.0
OSCR,2025-11-26 22:18:41,0.7539083557951483,18.16,8.54752,1.114547492243282,17417160.0,5229302272.0
PAAS,2025-11-26 22:18:41,0.8140161725067385,42.59,7.85008,1.1007911048807084,6470065.0,17974982656.0
PI,2025-11-26 22:18:41,0.7579514824797844,172.81,4.4863644,0.902318785382878,561889.0,5203159040.0
PKX,2025-11-26 22:18:41,0.8466307277628032,54.96,5.20673,1.466656934509534,143853.0,16624471040.0
PTCT,2025-11-26 22:18:41,0.8490566037735849,86.25,4.003376,8.583597076347047,1277443.0,6924866048.0
RCUS,2025-11-26 22:18:41,0.7571428571428571,25.56,5.27182,1.15188552776451,1385978.0,3162501376.0
SYM,2025-11-26 22:18:41,0.9545822102425876,87.3,12.951225,2.6269743676283244,2168859.0,51750776832.0
TER,2025-11-26 22:18:41,0.8459568733153637,179.38,6.9839606,0.9931784877021708,3768226.0,28534611968.0
TEVA,2025-11-26 22:18:41,0.7695417789757412,26.32,5.32213,1.666043556839132,11010900.0,30196475904.0
TSEM,2025-11-26 22:18:41,0.8791105121293801,103.46,5.572504,1.6907228090486537,1395832.0,11600328704.0
URBN,2025-11-26 22:18:41,0.9648247978436658,77.56,13.54121,4.771464999118246,2098090.0,6956969984.0
VERA,2025-11-26 22:18:41,0.9140161725067384,33.33,13.251789,2.0713227707007404,1539957.0,2130722432.0
WSC,2025-11-26 22:18:41,0.7731805929919138,20.18,4.7767396,2.484137351998766,2918050.0,3674275328.0
ZYME,2025-11-26 22:18:41,0.7808625336927224,27.33,4.3926644,2.0297311672748304,1077287.0,2069848064.0
AA,2025-11-26 22:18:42,0.7878706199460916,41.57,6.04592,1.1367072625459165,6727448.0,10765134848.0
AAUC,2025-11-26 22:18:42,0.847843665768194,19.21,9.95993,1.1952934440643703,342331.0,2382039808.0
ALAB,2025-11-26 22:18:42,0.7654986522911051,154.22,6.5202394,0.8275547330236711,6266829.0,26048315392.0
ANF,2025-11-26 22:18:42,0.8855795148247978,95.14,5.42997,2.302913814449324,2070173.0,4532785152.0
ARMN,2025-11-26 22:18:42,0.7378706199460916,14.02,6.85976,1.003314770083192,1735867.0,2856803328.0
ARWR,2025-11-26 22:18:42,0.95822102425876,57.71,23.338316,3.055576178423865,2311350.0,7978843136.0
ASML,2025-11-26 22:18:42,0.7816711590296497,1040.97,3.7628837,1.0041449360014467,1564801.0,404050083840.0
ATMU,2025-11-26 22:18:42,0.9059299191374665,51.04,6.26692,3.6694026159110047,679228.0,4193037312.0
BBAR,2025-11-26 22:18:42,0.8121293800539083,15.92,10.7093,1.1393334005207936,1468528.0,3284214784.0
BE,2025-11-26 22:18:42,0.7712938005390835,101.14,7.26482,0.8870997881460116,14946615.0,23920697344.0
BMA,2025-11-26 22:18:42,0.8493261455525606,82.21,7.4781,1.0230039632296202,800862.0,5256617472.0
BMNR,2025-11-26 22:18:42,0.7769541778975741,31.74,9.789,1.0840869781381346,44949778.0,12190312448.0
BURL,2025-11-26 22:18:42,0.8703504043126685,260.65,4.40617,1.694686217229168,1064590.0,16430076928.0
CIFR,2025-11-26 22:18:42,0.7423180592991914,19.15,9.303648,1.0912547333048424,51742653.0,7566012928.0
CLSK,2025-11-26 22:18:42,0.8214285714285715,13.45,13.790187,2.144940658427814,32618701.0,3595666176.0
COIN,2025-11-26 22:18:42,0.7733153638814017,264.97,4.269639,0.9953065372126044,9561384.0,71447519232.0
CRDO,2025-11-26 22:18:42,0.7684636118598382,164.01,6.375666,0.8405012151156067,6165257.0,28373008384.0
DELL,2025-11-26 22:18:42,0.8873315363881401,133.26,5.82909,2.1174223073496914,7730107.0,89600442368.0
DUOL,2025-11-26 22:18:42,0.9128032345013476,188.43,7.208693,1.390508668120004,1926600.0,8710620160.0
ECG,2025-11-26 22:18:42,0.776954177897574,90.71,3.72785,1.254237110988478,478392.0,4626806272.0
ETOR,2025-11-26 22:18:42,0.817654986522911,41.98,5.1866693,1.4349516609016102,1167378.0,3513893632.0
EWTX,2025-11-26 22:18:42,0.8066037735849056,25.52,6.068167,1.274046466828627,1025764.0,2701762560.0
FBIN,2025-11-26 22:18:42,0.739487870619946,51.51,3.87174,1.1526844876672293,1587640.0,6188326912.0
FLNC,2025-11-26 22:18:42,0.7983827493261455,18.99,13.237921,1.0873967327734626,7608900.0,3468780800.0
FN,2025-11-26 22:18:42,0.8576819407008087,449.06,4.5079,1.2839634875827008,636934.0,16088565760.0
HNGE,2025-11-26 22:18:42,0.7683288409703504,50.05,3.68759,1.8336936893000015,1476318.0,3939906816.0
HOOD,2025-11-26 22:18:42,0.8805929919137466,128.2,10.928439,1.320289441832759,35537503.0,115276013568.0
ICLR,2025-11-26 22:18:42,0.8820754716981132,183.65,5.22546,1.6227562258320225,994084.0,14282851328.0
KLIC,2025-11-26 22:18:42,0.7401617250673854,44.96,3.2139525,2.839407965469264,505984.0,2354240512.0
KSS,2025-11-26 22:18:42,0.8500000000000001,24.1,7.49331,2.9955209589741267,6160917.0,2700999936.0
LITE,2025-11-26 22:18:42,0.8245283018867924,308.28,5.839946,0.9498792970631956,4269573.0,21860933632.0
MESO,2025-11-26 22:18:42,0.8630727762803235,17.37,8.15692,1.83598713624598,242231.0,2236313600.0
MODG,2025-11-26 22:18:42,0.8191374663072777,12.72,8.81096,1.7297412626756778,2472353.0,2338999808.0
NBIX,2025-11-26 22:18:42,0.8981132075471698,151.58,5.608586,1.8046351253369228,941981.0,15113390080.0
ODD,2025-11-26 22:18:42,0.8080862533692723,43.04,4.238314,2.102095635514264,762060.0,2472169216.0
OLMA,2025-11-26 22:18:42,0.8289757412398923,28.12,7.863449,1.268229884688382,3238789.0,2254096896.0
OSCR,2025-11-26 22:18:42,0.7539083557951483,18.16,8.54752,1.114547492243282,17417160.0,5229302272.0
PAAS,2025-11-26 22:18:42,0.8140161725067385,42.59,7.85008,1.1007911048807084,6470065.0,17974982656.0
PI,2025-11-26 22:18:42,0.7579514824797844,172.81,4.4863644,0.902318785382878,561889.0,5203159040.0
PKX,2025-11-26 22:18:42,0.8466307277628032,54.96,5.20673,1.466656934509534,143853.0,16624471040.0
PTCT,2025-11-26 22:18:42,0.8490566037735849,86.25,4.003376,8.583597076347047,1277443.0,6924866048.0
RCUS,2025-11-26 22:18:42,0.7571428571428571,25.56,5.27182,1.15188552776451,1385978.0,3162501376.0
SYM,2025-11-26 22:18:42,0.9545822102425876,87.3,12.951225,2.6269743676283244,2168859.0,51750776832.0
TER,2025-11-26 22:18:42,0.8459568733153637,179.38,6.9839606,0.9931784877021708,3768226.0,28534611968.0
TEVA,2025-11-26 22:18:42,0.7695417789757412,26.32,5.32213,1.666043556839132,11010900.0,30196475904.0
TSEM,2025-11-26 22:18:42,0.8791105121293801,103.46,5.572504,1.6907228090486537,1395832.0,11600328704.0
URBN,2025-11-26 22:18:42,0.9648247978436658,77.56,13.54121,4.771464999118246,2098090.0,6956969984.0
VERA,2025-11-26 22:18:42,0.9140161725067384,33.33,13.251789,2.0713227707007404,1539957.0,2130722432.0
WSC,2025-11-26 22:18:42,0.7731805929919138,20.18,4.7767396,2.484137351998766,2918050.0,3674275328.0
ZYME,2025-11-26 22:18:42,0.7808625336927224,27.33,4.3926644,2.0297311672748304,1077287.0,2069848064.0
AA,2025-11-26 22:42:16,0.7896505376344085,41.57,6.04592,1.1367072625459165,6727448.0,10765134848.0
AAUC,2025-11-26 22:42:16,0.8491935483870968,19.21,9.95993,1.1952934440643703,342331.0,2382039808.0
ALAB,2025-11-26 22:42:16,0.7680107526881721,154.22,6.5202394,0.8275547330236711,6266829.0,26048315392.0
ANF,2025-11-26 22:42:16,0.8858870967741936,95.14,5.42997,2.302913814449324,2070173.0,4532785152.0
ARMN,2025-11-26 22:42:16,0.7403225806451612,14.02,6.85976,1.003314770083192,1735867.0,2856803328.0
ARWR,2025-11-26 22:42:16,0.9583333333333334,57.71,23.338316,3.055576178423865,2311350.0,7978843136.0
ASML,2025-11-26 22:42:16,0.7831989247311828,1040.97,3.7628837,1.0041449360014467,1564801.0,404050083840.0
ATMU,2025-11-26 22:42:16,0.9061827956989246,51.04,6.26692,3.6694026159110047,679228.0,4193037312.0
BBAR,2025-11-26 22:42:16,0.8133064516129033,15.92,10.7093,1.1393334005207936,1468528.0,3284214784.0
BE,2025-11-26 22:42:16,0.7740591397849462,101.14,7.26482,0.8870997881460116,14946615.0,23920697344.0
BMA,2025-11-26 22:42:16,0.8506720430107527,82.21,7.4781,1.0230039632296202,800862.0,5256617472.0
BMNR,2025-11-26 22:42:16,0.7782258064516129,31.74,9.789,1.0840869781381346,44949778.0,12190312448.0
BURL,2025-11-26 22:42:16,0.8716397849462364,260.65,4.40617,1.694686217229168,1064590.0,16430076928.0
CIFR,2025-11-26 22:42:16,0.7436827956989247,19.15,9.303648,1.0912547333048424,51742653.0,7566012928.0
CLSK,2025-11-26 22:42:16,0.8225806451612904,13.45,13.790187,2.144940658427814,32618701.0,3595666176.0
COIN,2025-11-26 22:42:16,0.7748655913978496,264.97,4.269639,0.9953065372126044,9561384.0,71447519232.0
CRDO,2025-11-26 22:42:16,0.7709677419354839,164.01,6.375666,0.8405012151156067,6165257.0,28373008384.0
DELL,2025-11-26 22:42:16,0.8880376344086022,133.26,5.82909,2.1174223073496914,7730107.0,89600442368.0
DUOL,2025-11-26 22:42:16,0.913978494623656,188.43,7.208693,1.390508668120004,1926600.0,8710620160.0
ECG,2025-11-26 22:42:16,0.778494623655914,90.71,3.72785,1.254237110988478,478392.0,4626806272.0
ETOR,2025-11-26 22:42:16,0.8190860215053763,41.98,5.1866693,1.4349516609016102,1167378.0,3513893632.0
EWTX,2025-11-26 22:42:16,0.8080645161290322,25.52,6.068167,1.274046466828627,1025764.0,2701762560.0
FBIN,2025-11-26 22:42:16,0.7411290322580644,51.51,3.87174,1.1526844876672293,1587640.0,6188326912.0
FLNC,2025-11-26 22:42:16,0.7998655913978494,18.99,13.237921,1.0873967327734626,7608900.0,3468780800.0
FN,2025-11-26 22:42:16,0.859005376344086,449.06,4.5079,1.2839634875827008,636934.0,16088565760.0
HNGE,2025-11-26 22:42:16,0.7698924731182795,50.05,3.68759,1.8336936893000015,1476318.0,3939906816.0
HOOD,2025-11-26 22:42:16,0.8821236559139785,128.2,10.928439,1.320289441832759,35537503.0,115276013568.0
ICLR,2025-11-26 22:42:16,0.8833333333333334,183.65,5.22546,1.6227562258320225,994084.0,14282851328.0
KLIC,2025-11-26 22:42:16,0.7408602150537633,44.96,3.2139525,2.839407965469264,505984.0,2354240512.0
KSS,2025-11-26 22:42:16,0.8504032258064516,24.1,7.49331,2.9955209589741267,6160917.0,2700999936.0
LITE,2025-11-26 22:42:16,0.8259408602150538,308.28,5.839946,0.9498792970631956,4269573.0,21860933632.0
MESO,2025-11-26 22:42:16,0.8649193548387097,17.37,8.15692,1.83598713624598,242231.0,2236313600.0
MODG,2025-11-26 22:42:16,0.8213709677419355,12.72,8.81096,1.7297412626756778,2472353.0,2338999808.0
NBIX,2025-11-26 22:42:16,0.8993279569892474,151.58,5.608586,1.8046351253369228,941981.0,15113390080.0
ODD,2025-11-26 22:42:16,0.8095430107526881,43.04,4.238314,2.102095635514264,762060.0,2472169216.0
OLMA,2025-11-26 22:42:16,0.8303763440860215,28.12,7.863449,1.268229884688382,3238789.0,2254096896.0
OSCR,2025-11-26 22:42:16,0.7555107526881719,18.16,8.54752,1.114547492243282,17417160.0,5229302272.0
PAAS,2025-11-26 22:42:16,0.8157258064516129,42.59,7.85008,1.1007911048807084,6470065.0,17974982656.0
PI,2025-11-26 22:42:16,0.760483870967742,172.81,4.4863644,0.902318785382878,561889.0,5203159040.0
PKX,2025-11-26 22:42:16,0.8479838709677419,54.96,5.20673,1.466656934509534,143853.0,16624471040.0
PTCT,2025-11-26 22:42:16,0.8494623655913978,86.25,4.003376,8.583597076347047,1277443.0,6924866048.0
RCUS,2025-11-26 22:42:16,0.758736559139785,25.56,5.27182,1.15188552776451,1385978.0,3162501376.0
SYM,2025-11-26 22:42:16,0.9547043010752688,87.3,12.951225,2.6269743676283244,2168859.0,51750776832.0
TER,2025-11-26 22:42:16,0.8473118279569892,179.38,6.9839606,0.9931784877021708,3768226.0,28534611968.0
TEVA,2025-11-26 22:42:16,0.7716397849462366,26.32,5.32213,1.666043556839132,11010900.0,30196475904.0
TSEM,2025-11-26 22:42:16,0.8803763440860215,103.46,5.572504,1.6907228090486537,1395832.0,11600328704.0
URBN,2025-11-26 22:42:16,0.9649193548387096,77.56,13.54121,4.771464999118246,2098090.0,6956969984.0
VERA,2025-11-26 22:42:16,0.9146505376344084,33.33,13.251789,2.0713227707007404,1539957.0,2130722432.0
WSC,2025-11-26 22:42:16,0.7745967741935483,20.18,4.7767396,2.484137351998766,2918050.0,3674275328.0
ZYME,2025-11-26 22:42:16,0.7829301075268817,27.33,4.3926644,2.0297311672748304,1077287.0,2069848064.0
AA,2025-11-26 22:42:17,0.7896505376344085,41.57,6.04592,1.1367072625459165,6727448.0,10765134848.0
AAUC,2025-11-26 22:42:17,0.8491935483870968,19.21,9.95993,1.1952934440643703,342331.0,2382039808.0
ALAB,2025-11-26 22:42:17,0.7680107526881721,154.22,6.5202394,0.8275547330236711,6266829.0,26048315392.0
ANF,2025-11-26 22:42:17,0.8858870967741936,95.14,5.42997,2.302913814449324,2070173.0,4532785152.0
ARMN,2025-11-26 22:42:17,0.7403225806451612,14.02,6.85976,1.003314770083192,1735867.0,2856803328.0
ARWR,2025-11-26 22:42:17,0.9583333333333334,57.71,23.338316,3.055576178423865,2311350.0,7978843136.0
ASML,2025-11-26 22:42:17,0.7831989247311828,1040.97,3.7628837,1.0041449360014467,1564801.0,404050083840.0
ATMU,2025-11-26 22:42:17,0.9061827956989246,51.04,6.26692,3.6694026159110047,679228.0,4193037312.0
BBAR,2025-11-26 22:42:17,0.8133064516129033,15.92,10.7093,1.1393334005207936,1468528.0,3284214784.0
BE,2025-11-26 22:42:17,0.7740591397849462,101.14,7.26482,0.8870997881460116,14946615.0,23920697344.0
BMA,2025-11-26 22:42:17,0.8506720430107527,82.21,7.4781,1.0230039632296202,800862.0,5256617472.0
BMNR,2025-11-26 22:42:17,0.7782258064516129,31.74,9.789,1.0840869781381346,44949778.0,12190312448.0
BURL,2025-11-26 22:42:17,0.8716397849462364,260.65,4.40617,1.694686217229168,1064590.0,16430076928.0
CIFR,2025-11-26 22:42:17,0.7436827956989247,19.15,9.303648,1.0912547333048424,51742653.0,7566012928.0
CLSK,2025-11-26 22:42:17,0.8225806451612904,13.45,13.790187,2.144940658427814,32618701.0,3595666176.0
COIN,2025-11-26 22:42:17,0.7748655913978496,264.97,4.269639,0.9953065372126044,9561384.0,71447519232.0
CRDO,2025-11-26 22:42:17,0.7709677419354839,164.01,6.375666,0.8405012151156067,6165257.0,28373008384.0
DELL,2025-11-26 22:42:17,0.8880376344086022,133.26,5.82909,2.1174223073496914,7730107.0,89600442368.0
DUOL,2025-11-26 22:42:17,0.913978494623656,188.43,7.208693,1.390508668120004,1926600.0,8710620160.0
ECG,2025-11-26 22:42:17,0.778494623655914,90.71,3.72785,1.254237110988478,478392.0,4626806272.0
ETOR,2025-11-26 22:42:17,0.8190860215053763,41.98,5.1866693,1.4349516609016102,1167378.0,3513893632.0
EWTX,2025-11-26 22:42:17,0.8080645161290322,25.52,6.068167,1.274046466828627,1025764.0,2701762560.0
FBIN,2025-11-26 22:42:17,0.7411290322580644,51.51,3.87174,1.1526844876672293,1587640.0,6188326912.0
FLNC,2025-11-26 22:42:17,0.7998655913978494,18.99,13.237921,1.0873967327734626,7608900.0,3468780800.0
FN,2025-11-26 22:42:17,0.859005376344086,449.06,4.5079,1.2839634875827008,636934.0,16088565760.0
HNGE,2025-11-26 22:42:17,0.7698924731182795,50.05,3.68759,1.8336936893000015,1476318.0,3939906816.0
HOOD,2025-11-26 22:42:17,0.8821236559139785,128.2,10.928439,1.320289441832759,35537503.0,115276013568.0
ICLR,2025-11-26 22:42:17,0.8833333333333334,183.65,5.22546,1.6227562258320225,994084.0,14282851328.0
KLIC,2025-11-26 22:42:17,0.7408602150537633,44.96,3.2139525,2.839407965469264,505984.0,2354240512.0
KSS,2025-11-26 22:42:17,0.8504032258064516,24.1,7.49331,2.9955209589741267,6160917.0,2700999936.0
LITE,2025-11-26 22:42:17,0.8259408602150538,308.28,5.839946,0.9498792970631956,4269573.0,21860933632.0
MESO,2025-11-26 22:42:17,0.8649193548387097,17.37,8.15692,1.83598713624598,242231.0,2236313600.0
MODG,2025-11-26 22:42:17,0.8213709677419355,12.72,8.81096,1.7297412626756778,2472353.0,2338999808.0
NBIX,2025-11-26 22:42:17,0.8993279569892474,151.58,5.608586,1.8046351253369228,941981.0,15113390080.0
ODD,2025-11-26 22:42:17,0.8095430107526881,43.04,4.238314,2.102095635514264,762060.0,2472169216.0
OLMA,2025-11-26 22:42:17,0.8303763440860215,28.12,7.863449,1.268229884688382,3238789.0,2254096896.0
OSCR,2025-11-26 22:42:17,0.7555107526881719,18.16,8.54752,1.114547492243282,17417160.0,5229302272.0
PAAS,2025-11-26 22:42:17,0.8157258064516129,42.59,7.85008,1.1007911048807084,6470065.0,17974982656.0
PI,2025-11-26 22:42:17,0.760483870967742,172.81,4.4863644,0.902318785382878,561889.0,5203159040.0
PKX,2025-11-26 22:42:17,0.8479838709677419,54.96,5.20673,1.466656934509534,143853.0,16624471040.0
PTCT,2025-11-26 22:42:17,0.8494623655913978,86.25,4.003376,8.583597076347047,1277443.0,6924866048.0
RCUS,2025-11-26 22:42:17,0.758736559139785,25.56,5.27182,1.15188552776451,1385978.0,3162501376.0
SYM,2025-11-26 22:42:17,0.9547043010752688,87.3,12.951225,2.6269743676283244,2168859.0,51750776832.0
TER,2025-11-26 22:42:17,0.8473118279569892,179.38,6.9839606,0.9931784877021708,3768226.0,28534611968.0
TEVA,2025-11-26 22:42:17,0.7716397849462366,26.32,5.32213,1.666043556839132,11010900.0,30196475904.0
TSEM,2025-11-26 22:42:17,0.8803763440860215,103.46,5.572504,1.6907228090486537,1395832.0,11600328704.0
URBN,2025-11-26 22:42:17,0.9649193548387096,77.56,13.54121,4.771464999118246,2098090.0,6956969984.0
VERA,2025-11-26 22:42:17,0.9146505376344084,33.33,13.251789,2.0713227707007404,1539957.0,2130722432.0
WSC,2025-11-26 22:42:17,0.7745967741935483,20.18,4.7767396,2.484137351998766,2918050.0,3674275328.0
ZYME,2025-11-26 22:42:17,0.7829301075268817,27.33,4.3926644,2.0297311672748304,1077287.0,2069848064.0
AA,2025-11-26 22:52:14,0.7896505376344085,41.57,6.04592,1.1367072625459165,6727448.0,10765134848.0
AAUC,2025-11-26 22:52:14,0.8491935483870968,19.21,9.95993,1.1952934440643703,342331.0,2382039808.0
ALAB,2025-11-26 22:52:14,0.7680107526881721,154.22,6.5202394,0.8275547330236711,6266829.0,26048315392.0
ANF,2025-11-26 22:52:14,0.8858870967741936,95.14,5.42997,2.302913814449324,2070173.0,4532785152.0
ARMN,2025-11-26 22:52:14,0.7403225806451612,14.02,6.85976,1.003314770083192,1735867.0,2856803328.0
ARWR,2025-11-26 22:52:14,0.9583333333333334,57.71,23.338316,3.055576178423865,2311350.0,7978843136.0
ASML,2025-11-26 22:52:14,0.7831989247311828,1040.97,3.7628837,1.0041449360014467,1564801.0,404050083840.0
ATMU,2025-11-26 22:52:14,0.9061827956989246,51.04,6.26692,3.6694026159110047,679228.0,4193037312.0
BBAR,2025-11-26 22:52:14,0.8133064516129033,15.92,10.7093,1.1393334005207936,1468528.0,3284214784.0
BE,2025-11-26 22:52:14,0.7740591397849462,101.14,7.26482,0.8870997881460116,14946615.0,23920697344.0
BMA,2025-11-26 22:52:14,0.8506720430107527,82.21,7.4781,1.0230039632296202,800862.0,5256617472.0
BMNR,2025-11-26 22:52:14,0.7782258064516129,31.74,9.789,1.0840869781381346,44949778.0,12190312448.0
BURL,2025-11-26 22:52:14,0.8716397849462364,260.65,4.40617,1.694686217229168,1064590.0,16430076928.0
CIFR,2025-11-26 22:52:14,0.7436827956989247,19.15,9.303648,1.0912547333048424,51742653.0,7566012928.0
CLSK,2025-11-26 22:52:14,0.8225806451612904,13.45,13.790187,2.144940658427814,32618701.0,3595666176.0
COIN,2025-11-26 22:52:14,0.7748655913978496,264.97,4.269639,0.9953065372126044,9561384.0,71447519232.0
CRDO,2025-11-26 22:52:14,0.7709677419354839,164.01,6.375666,0.8405012151156067,6165257.0,28373008384.0
DELL,2025-11-26 22:52:14,0.8880376344086022,133.26,5.82909,2.1174223073496914,7730107.0,89600442368.0
DUOL,2025-11-26 22:52:14,0.913978494623656,188.43,7.208693,1.390508668120004,1926600.0,8710620160.0
ECG,2025-11-26 22:52:14,0.778494623655914,90.71,3.72785,1.254237110988478,478392.0,4626806272.0
ETOR,2025-11-26 22:52:14,0.8190860215053763,41.98,5.1866693,1.4349516609016102,1167378.0,3513893632.0
EWTX,2025-11-26 22:52:14,0.8080645161290322,25.52,6.068167,1.274046466828627,1025764.0,2701762560.0
FBIN,2025-11-26 22:52:14,0.7411290322580644,51.51,3.87174,1.1526844876672293,1587640.0,6188326912.0
FLNC,2025-11-26 22:52:14,0.7998655913978494,18.99,13.237921,1.0873967327734626,7608900.0,3468780800.0
FN,2025-11-26 22:52:14,0.859005376344086,449.06,4.5079,1.2839634875827008,636934.0,16088565760.0
HNGE,2025-11-26 22:52:14,0.7698924731182795,50.05,3.68759,1.8336936893000015,1476318.0,3939906816.0
HOOD,2025-11-26 22:52:14,0.8821236559139785,128.2,10.928439,1.320289441832759,35537503.0,115276013568.0
ICLR,2025-11-26 22:52:14,0.8833333333333334,183.65,5.22546,1.6227562258320225,994084.0,14282851328.0
KLIC,2025-11-26 22:52:14,0.7408602150537633,44.96,3.2139525,2.839407965469264,505984.0,2354240512.0
KSS,2025-11-26 22:52:14,0.8504032258064516,24.1,7.49331,2.9955209589741267,6160917.0,2700999936.0
LITE,2025-11-26 22:52:14,0.8259408602150538,308.28,5.839946,0.9498792970631956,4269573.0,21860933632.0
MESO,2025-11-26 22:52:14,0.8649193548387097,17.37,8.15692,1.83598713624598,242231.0,2236313600.0
MODG,2025-11-26 22:52:14,0.8213709677419355,12.72,8.81096,1.7297412626756778,2472353.0,2338999808.0
NBIX,2025-11-26 22:52:14,0.8993279569892474,151.58,5.608586,1.8046351253369228,941981.0,15113390080.0
ODD,2025-11-26 22:52:14,0.8095430107526881,43.04,4.238314,2.102095635514264,762060.0,2472169216.0
OLMA,2025-11-26 22:52:14,0.8303763440860215,28.12,7.863449,1.268229884688382,3238789.0,2254096896.0
OSCR,2025-11-26 22:52:14,0.7555107526881719,18.16,8.54752,1.114547492243282,17417160.0,5229302272.0
PAAS,2025-11-26 22:52:14,0.8157258064516129,42.59,7.85008,1.1007911048807084,6470065.0,17974982656.0
PI,2025-11-26 22:52:14,0.760483870967742,172.81,4.4863644,0.902318785382878,561889.0,5203159040.0
PKX,2025-11-26 22:52:14,0.8479838709677419,54.96,5.20673,1.466656934509534,143853.0,16624471040.0
PTCT,2025-11-26 22:52:14,0.8494623655913978,86.25,4.003376,8.583597076347047,1277443.0,6924866048.0
RCUS,2025-11-26 22:52:14,0.758736559139785,25.56,5.27182,1.15188552776451,1385978.0,3162501376.0
SYM,2025-11-26 22:52:14,0.9547043010752688,87.3,12.951225,2.6269743676283244,2168859.0,51750776832.0
TER,2025-11-26 22:52:14,0.8473118279569892,179.38,6.9839606,0.9931784877021708,3768226.0,28534611968.0
TEVA,2025-11-26 22:52:14,0.7716397849462366,26.32,5.32213,1.666043556839132,11010900.0,30196475904.0
TSEM,2025-11-26 22:52:14,0.8803763440860215,103.46,5.572504,1.6907228090486537,1395832.0,11600328704.0
URBN,2025-11-26 22:52:14,0.9649193548387096,77.56,13.54121,4.771464999118246,2098090.0,6956969984.0
VERA,2025-11-26 22:52:14,0.9146505376344084,33.33,13.251789,2.0713227707007404,1539957.0,2130722432.0
WSC,2025-11-26 22:52:14,0.7745967741935483,20.18,4.7767396,2.484137351998766,2918050.0,3674275328.0
ZYME,2025-11-26 22:52:14,0.7829301075268817,27.33,4.3926644,2.0297311672748304,1077287.0,2069848064.0
AA,2025-11-26 22:52:15,0.7896505376344085,41.57,6.04592,1.1367072625459165,6727448.0,10765134848.0
AAUC,2025-11-26 22:52:15,0.8491935483870968,19.21,9.95993,1.1952934440643703,342331.0,2382039808.0
ALAB,2025-11-26 22:52:15,0.7680107526881721,154.22,6.5202394,0.8275547330236711,6266829.0,26048315392.0
ANF,2025-11-26 22:52:15,0.8858870967741936,95.14,5.42997,2.302913814449324,2070173.0,4532785152.0
ARMN,2025-11-26 22:52:15,0.7403225806451612,14.02,6.85976,1.003314770083192,1735867.0,2856803328.0
ARWR,2025-11-26 22:52:15,0.9583333333333334,57.71,23.338316,3.055576178423865,2311350.0,7978843136.0
ASML,2025-11-26 22:52:15,0.7831989247311828,1040.97,3.7628837,1.0041449360014467,1564801.0,404050083840.0
ATMU,2025-11-26 22:52:15,0.9061827956989246,51.04,6.26692,3.6694026159110047,679228.0,4193037312.0
BBAR,2025-11-26 22:52:15,0.8133064516129033,15.92,10.7093,1.1393334005207936,1468528.0,3284214784.0
BE,2025-11-26 22:52:15,0.7740591397849462,101.14,7.26482,0.8870997881460116,14946615.0,23920697344.0
BMA,2025-11-26 22:52:15,0.8506720430107527,82.21,7.4781,1.0230039632296202,800862.0,5256617472.0
BMNR,2025-11-26 22:52:15,0.7782258064516129,31.74,9.789,1.0840869781381346,44949778.0,12190312448.0
BURL,2025-11-26 22:52:15,0.8716397849462364,260.65,4.40617,1.694686217229168,1064590.0,16430076928.0
CIFR,2025-11-26 22:52:15,0.7436827956989247,19.15,9.303648,1.0912547333048424,51742653.0,7566012928.0
CLSK,2025-11-26 22:52:15,0.8225806451612904,13.45,13.790187,2.144940658427814,32618701.0,3595666176.0
COIN,2025-11-26 22:52:15,0.7748655913978496,264.97,4.269639,0.9953065372126044,9561384.0,71447519232.0
CRDO,2025-11-26 22:52:15,0.7709677419354839,164.01,6.375666,0.8405012151156067,6165257.0,28373008384.0
DELL,2025-11-26 22:52:15,0.8880376344086022,133.26,5.82909,2.1174223073496914,7730107.0,89600442368.0
DUOL,2025-11-26 22:52:15,0.913978494623656,188.43,7.208693,1.390508668120004,1926600.0,8710620160.0
ECG,2025-11-26 22:52:15,0.778494623655914,90.71,3.72785,1.254237110988478,478392.0,4626806272.0
ETOR,2025-11-26 22:52:15,0.8190860215053763,41.98,5.1866693,1.4349516609016102,1167378.0,3513893632.0
EWTX,2025-11-26 22:52:15,0.8080645161290322,25.52,6.068167,1.274046466828627,1025764.0,2701762560.0
FBIN,2025-11-26 22:52:15,0.7411290322580644,51.51,3.87174,1.1526844876672293,1587640.0,6188326912.0
FLNC,2025-11-26 22:52:15,0.7998655913978494,18.99,13.237921,1.0873967327734626,7608900.0,3468780800.0
FN,2025-11-26 22:52:15,0.859005376344086,449.06,4.5079,1.2839634875827008,636934.0,16088565760.0
HNGE,2025-11-26 22:52:15,0.7698924731182795,50.05,3.68759,1.8336936893000015,1476318.0,3939906816.0
HOOD,2025-11-26 22:52:15,0.8821236559139785,128.2,10.928439,1.320289441832759,35537503.0,115276013568.0
ICLR,2025-11-26 22:52:15,0.8833333333333334,183.65,5.22546,1.6227562258320225,994084.0,14282851328.0
KLIC,2025-11-26 22:52:15,0.7408602150537633,44.96,3.2139525,2.839407965469264,505984.0,2354240512.0
KSS,2025-11-26 22:52:15,0.8504032258064516,24.1,7.49331,2.9955209589741267,6160917.0,2700999936.0
LITE,2025-11-26 22:52:15,0.8259408602150538,308.28,5.839946,0.9498792970631956,4269573.0,21860933632.0
MESO,2025-11-26 22:52:15,0.8649193548387097,17.37,8.15692,1.83598713624598,242231.0,2236313600.0
MODG,2025-11-26 22:52:15,0.8213709677419355,12.72,8.81096,1.7297412626756778,2472353.0,2338999808.0
NBIX,2025-11-26 22:52:15,0.8993279569892474,151.58,5.608586,1.8046351253369228,941981.0,15113390080.0
ODD,2025-11-26 22:52:15,0.8095430107526881,43.04,4.238314,2.102095635514264,762060.0,2472169216.0
OLMA,2025-11-26 22:52:15,0.8303763440860215,28.12,7.863449,1.268229884688382,3238789.0,2254096896.0
OSCR,2025-11-26 22:52:15,0.7555107526881719,18.16,8.54752,1.114547492243282,17417160.0,5229302272.0
PAAS,2025-11-26 22:52:15,0.8157258064516129,42.59,7.85008,1.1007911048807084,6470065.0,17974982656.0
PI,2025-11-26 22:52:15,0.760483870967742,172.81,4.4863644,0.902318785382878,561889.0,5203159040.0
PKX,2025-11-26 22:52:15,0.8479838709677419,54.96,5.20673,1.466656934509534,143853.0,16624471040.0
PTCT,2025-11-26 22:52:15,0.8494623655913978,86.25,4.003376,8.583597076347047,1277443.0,6924866048.0
RCUS,2025-11-26 22:52:15,0.758736559139785,25.56,5.27182,1.15188552776451,1385978.0,3162501376.0
SYM,2025-11-26 22:52:15,0.9547043010752688,87.3,12.951225,2.6269743676283244,2168859.0,51750776832.0
TER,2025-11-26 22:52:15,0.8473118279569892,179.38,6.9839606,0.9931784877021708,3768226.0,28534611968.0
TEVA,2025-11-26 22:52:15,0.7716397849462366,26.32,5.32213,1.666043556839132,11010900.0,30196475904.0
TSEM,2025-11-26 22:52:15,0.8803763440860215,103.46,5.572504,1.6907228090486537,1395832.0,11600328704.0
URBN,2025-11-26 22:52:15,0.9649193548387096,77.56,13.54121,4.771464999118246,2098090.0,6956969984.0
VERA,2025-11-26 22:52:15,0.9146505376344084,33.33,13.251789,2.0713227707007404,1539957.0,2130722432.0
WSC,2025-11-26 22:52:15,0.7745967741935483,20.18,4.7767396,2.484137351998766,2918050.0,3674275328.0
ZYME,2025-11-26 22:52:15,0.7829301075268817,27.33,4.3926644,2.0297311672748304,1077287.0,2069848064.0
AA,2025-11-27 14:11:31,0.7878706199460916,41.57,6.04592,1.1263496212871054,6789312.0,10765134848.0
AAUC,2025-11-27 14:11:31,0.847843665768194,19.21,9.95993,1.1767382070520434,347729.0,2382039808.0
ALAB,2025-11-27 14:11:31,0.7648247978436657,154.22,6.52024,0.822120743134666,6308251.0,26048315392.0
ANF,2025-11-27 14:11:31,0.8867924528301887,95.14,5.42997,2.338948691518678,2038279.0,4532785152.0
ARMN,2025-11-27 14:11:31,0.738544474393531,14.02,6.85976,1.0110255957757566,1722628.0,2856803328.0
ARWR,2025-11-27 14:11:31,0.9564690026954176,57.71,23.3383,2.959194781262793,2386631.0,7978843136.0
ASML,2025-11-27 14:11:31,0.7797843665768195,1040.97,3.76288,0.9998390114155542,1571540.0,404050083840.0
ATMU,2025-11-27 14:11:31,0.9048517520215632,51.04,6.26692,3.4957543676574545,712968.0,4193037312.0
BBAR,2025-11-27 14:11:31,0.8115902964959568,15.92,10.7093,1.133741617093709,1475771.0,3666923776.0
BE,2025-11-27 14:11:31,0.7706199460916442,101.14,7.26482,0.8811704963631413,15047189.0,23920697344.0
BMA,2025-11-27 14:11:31,0.8502695417789757,82.21,7.4781,1.0225915362868752,801185.0,5256617472.0
BMNR,2025-11-27 14:11:31,0.7797843665768194,31.74,9.789,1.0886932511341982,44759595.0,12190312448.0
BURL,2025-11-27 14:11:31,0.8703504043126685,260.65,4.40617,1.6806157039151264,1073503.0,16401924096.0
CIFR,2025-11-27 14:11:31,0.7407008086253369,19.15,9.30365,1.0795348490135428,52304393.0,7566012928.0
CLSK,2025-11-27 14:11:31,0.8206199460916442,13.45,13.7902,2.0903752068297985,33470153.0,3595666176.0
COIN,2025-11-27 14:11:31,0.7723719676549865,264.97,4.26964,0.9885861583303052,9626382.0,71447519232.0
CRDO,2025-11-27 14:11:31,0.7684636118598382,164.01,6.37567,0.8363945736344021,6195528.0,28373008384.0
DELL,2025-11-27 14:11:31,0.8867924528301887,133.26,5.82909,2.0634147097851683,7932434.0,89600442368.0
DUOL,2025-11-27 14:11:31,0.9128032345013476,188.43,7.20869,1.3737204156613996,1950145.0,8710620160.0
ECG,2025-11-27 14:11:31,0.776954177897574,90.71,3.72785,1.2336408438686703,486379.0,4626806272.0
ETOR,2025-11-27 14:11:31,0.817654986522911,41.98,5.18667,1.4155801354287352,1183353.0,3513893632.0
EWTX,2025-11-27 14:11:31,0.8056603773584906,25.52,6.06817,1.2595181554285098,1037596.0,2701762560.0
FBIN,2025-11-27 14:11:31,0.7385444743935311,51.51,3.87174,1.1394550559034364,1606073.0,6188326912.0
FLNC,2025-11-27 14:11:31,0.7952830188679245,18.99,13.2379,1.0754803555916277,7693207.0,3472675328.0
FN,2025-11-27 14:11:31,0.8595687331536388,449.06,4.5079,1.2891814690804533,634356.0,16088565760.0
HNGE,2025-11-27 14:11:31,0.7680592991913746,50.05,3.68759,1.7948120400450838,1508300.0,3939906816.0
HOOD,2025-11-27 14:11:31,0.8808625336927224,128.2,10.9284,1.3138446071057803,35711826.0,115276013568.0
ICLR,2025-11-27 14:11:31,0.8820754716981132,183.65,5.22546,1.5996517400108283,1008442.0,14282851328.0
KLIC,2025-11-27 14:11:31,0.7401617250673854,44.96,3.21395,2.7658855600519026,519434.0,2354240512.0
KSS,2025-11-27 14:11:31,0.855121293800539,24.1,7.49331,3.231827319786216,5710440.0,2700999936.0
LITE,2025-11-27 14:11:31,0.8250673854447439,308.28,5.83995,0.9457053733347294,4288417.0,21860933632.0
MESO,2025-11-27 14:11:31,0.8628032345013478,17.37,8.15692,1.803568749112882,246585.0,2236313600.0
MODG,2025-11-27 14:11:31,0.8191374663072777,12.72,8.81096,1.6989049065082702,2517228.0,2338999808.0
NBIX,2025-11-27 14:11:31,0.8983827493261456,151.58,5.60859,1.7754304024330636,957476.0,15113390080.0
ODD,2025-11-27 14:11:31,0.8078167115902966,43.04,4.23831,2.052076834884421,780635.0,2472169216.0
OLMA,2025-11-27 14:11:31,0.8274932614555256,28.12,7.86345,1.2451151363402817,3298915.0,2254096896.0
OSCR,2025-11-27 14:11:31,0.7543126684636119,18.16,8.54752,1.1073495005098293,17530375.0,5229302272.0
PAAS,2025-11-27 14:11:31,0.8140161725067385,42.59,7.85008,1.0889669279077867,6540318.0,17974982656.0
PI,2025-11-27 14:11:31,0.7607816711590296,172.81,4.48636,0.9109141967024024,556587.0,5203159040.0
PKX,2025-11-27 14:11:31,0.8456873315363882,54.96,5.20673,1.4475280266750827,145754.0,16624471040.0
PTCT,2025-11-27 14:11:31,0.8479784366576819,86.25,4.00338,7.275015409153667,1507221.0,6924866048.0
RCUS,2025-11-27 14:11:31,0.7543126684636118,25.56,5.27182,1.1332431369598333,1408778.0,3162501376.0
SYM,2025-11-27 14:11:31,0.9545822102425876,87.3,12.9512,2.5435115096775576,2240028.0,51750776832.0
TER,2025-11-27 14:11:31,0.8487870619946092,179.38,6.98396,0.991242681597686,3775585.0,28534611968.0
TEVA,2025-11-27 14:11:31,0.7690026954177898,26.32,5.32213,1.643266991934531,11163517.0,30196475904.0
TSEM,2025-11-27 14:11:31,0.8815363881401617,103.46,5.5725,1.6832005534673733,1402070.0,11600328704.0
URBN,2025-11-27 14:11:31,0.9640161725067384,77.56,13.5412,4.546889087017087,2201717.0,6956969984.0
VERA,2025-11-27 14:11:31,0.9142857142857144,33.33,13.2518,2.0360297219993475,1566651.0,2130722432.0
WSC,2025-11-27 14:11:31,0.7714285714285714,20.18,4.77674,2.407138293520073,3011392.0,3674275328.0
ZYME,2025-11-27 14:11:31,0.7803234501347709,27.33,4.39266,1.973723142968813,1107857.0,2069848064.0
AA,2025-11-27 14:19:38,0.7878706199460916,41.57,6.04592,1.1263496212871054,6789312.0,10765134848.0
AAUC,2025-11-27 14:19:38,0.847843665768194,19.21,9.95993,1.1767382070520434,347729.0,2382039808.0
ALAB,2025-11-27 14:19:38,0.7648247978436657,154.22,6.52024,0.822120743134666,6308251.0,26048315392.0
ANF,2025-11-27 14:19:38,0.8867924528301887,95.14,5.42997,2.338948691518678,2038279.0,4532785152.0
ARMN,2025-11-27 14:19:38,0.738544474393531,14.02,6.85976,1.0110255957757566,1722628.0,2856803328.0
ARWR,2025-11-27 14:19:38,0.9564690026954176,57.71,23.3383,2.959194781262793,2386631.0,7978843136.0
ASML,2025-11-27 14:19:38,0.7797843665768195,1040.97,3.76288,0.9998390114155542,1571540.0,404050083840.0
ATMU,2025-11-27 14:19:38,0.9048517520215632,51.04,6.26692,3.4957543676574545,712968.0,4193037312.0
BBAR,2025-11-27 14:19:38,0.8115902964959568,15.92,10.7093,1.133741617093709,1475771.0,3666923776.0
BE,2025-11-27 14:19:38,0.7706199460916442,101.14,7.26482,0.8811704963631413,15047189.0,23920697344.0
BMA,2025-11-27 14:19:38,0.8502695417789757,82.21,7.4781,1.0225915362868752,801185.0,5256617472.0
BMNR,2025-11-27 14:19:38,0.7797843665768194,31.74,9.789,1.0886932511341982,44759595.0,12190312448.0
BURL,2025-11-27 14:19:38,0.8703504043126685,260.65,4.40617,1.6806157039151264,1073503.0,16401924096.0
CIFR,2025-11-27 14:19:38,0.7407008086253369,19.15,9.30365,1.0795348490135428,52304393.0,7566012928.0
CLSK,2025-11-27 14:19:38,0.8206199460916442,13.45,13.7902,2.0903752068297985,33470153.0,3595666176.0
COIN,2025-11-27 14:19:38,0.7723719676549865,264.97,4.26964,0.9885861583303052,9626382.0,71447519232.0
CRDO,2025-11-27 14:19:38,0.7684636118598382,164.01,6.37567,0.8363945736344021,6195528.0,28373008384.0
DELL,2025-11-27 14:19:38,0.8867924528301887,133.26,5.82909,2.0634147097851683,7932434.0,89600442368.0
DUOL,2025-11-27 14:19:38,0.9128032345013476,188.43,7.20869,1.3737204156613996,1950145.0,8710620160.0
ECG,2025-11-27 14:19:38,0.776954177897574,90.71,3.72785,1.2336408438686703,486379.0,4626806272.0
ETOR,2025-11-27 14:19:38,0.817654986522911,41.98,5.18667,1.4155801354287352,1183353.0,3513893632.0
EWTX,2025-11-27 14:19:38,0.8056603773584906,25.52,6.06817,1.2595181554285098,1037596.0,2701762560.0
FBIN,2025-11-27 14:19:38,0.7385444743935311,51.51,3.87174,1.1394550559034364,1606073.0,6188326912.0
FLNC,2025-11-27 14:19:38,0.7952830188679245,18.99,13.2379,1.0754803555916277,7693207.0,3472675328.0
FN,2025-11-27 14:19:38,0.8595687331536388,449.06,4.5079,1.2891814690804533,634356.0,16088565760.0
HNGE,2025-11-27 14:19:38,0.7680592991913746,50.05,3.68759,1.7948120400450838,1508300.0,3939906816.0
HOOD,2025-11-27 14:19:38,0.8808625336927224,128.2,10.9284,1.3138446071057803,35711826.0,115276013568.0
ICLR,2025-11-27 14:19:38,0.8820754716981132,183.65,5.22546,1.5996517400108283,1008442.0,14282851328.0
KLIC,2025-11-27 14:19:38,0.7401617250673854,44.96,3.21395,2.7658855600519026,519434.0,2354240512.0
KSS,2025-11-27 14:19:38,0.855121293800539,24.1,7.49331,3.231827319786216,5710440.0,2700999936.0
LITE,2025-11-27 14:19:38,0.8250673854447439,308.28,5.83995,0.9457053733347294,4288417.0,21860933632.0
MESO,2025-11-27 14:19:38,0.8628032345013478,17.37,8.15692,1.803568749112882,246585.0,2236313600.0
MODG,2025-11-27 14:19:38,0.8191374663072777,12.72,8.81096,1.6989049065082702,2517228.0,2338999808.0
NBIX,2025-11-27 14:19:38,0.8983827493261456,151.58,5.60859,1.7754304024330636,957476.0,15113390080.0
ODD,2025-11-27 14:19:38,0.8078167115902966,43.04,4.23831,2.052076834884421,780635.0,2472169216.0
OLMA,2025-11-27 14:19:38,0.8274932614555256,28.12,7.86345,1.2451151363402817,3298915.0,2254096896.0
OSCR,2025-11-27 14:19:38,0.7543126684636119,18.16,8.54752,1.1073495005098293,17530375.0,5229302272.0
PAAS,2025-11-27 14:19:38,0.8140161725067385,42.59,7.85008,1.0889669279077867,6540318.0,17974982656.0
PI,2025-11-27 14:19:38,0.7607816711590296,172.81,4.48636,0.9109141967024024,556587.0,5203159040.0
PKX,2025-11-27 14:19:38,0.8456873315363882,54.96,5.20673,1.4475280266750827,145754.0,16624471040.0
PTCT,2025-11-27 14:19:38,0.8479784366576819,86.25,4.00338,7.275015409153667,1507221.0,6924866048.0
RCUS,2025-11-27 14:19:38,0.7543126684636118,25.56,5.27182,1.1332431369598333,1408778.0,3162501376.0
SYM,2025-11-27 14:19:38,0.9545822102425876,87.3,12.9512,2.5435115096775576,2240028.0,51750776832.0
TER,2025-11-27 14:19:38,0.8487870619946092,179.38,6.98396,0.991242681597686,3775585.0,28534611968.0
TEVA,2025-11-27 14:19:38,0.7690026954177898,26.32,5.32213,1.643266991934531,11163517.0,30196475904.0
TSEM,2025-11-27 14:19:38,0.8815363881401617,103.46,5.5725,1.6832005534673733,1402070.0,11600328704.0
URBN,2025-11-27 14:19:38,0.9640161725067384,77.56,13.5412,4.546889087017087,2201717.0,6956969984.0
VERA,2025-11-27 14:19:38,0.9142857142857144,33.33,13.2518,2.0360297219993475,1566651.0,2130722432.0
WSC,2025-11-27 14:19:38,0.7714285714285714,20.18,4.77674,2.407138293520073,3011392.0,3674275328.0
ZYME,2025-11-27 14:19:38,0.7803234501347709,27.33,4.39266,1.973723142968813,1107857.0,2069848064.0
AA,2025-11-27 14:44:37,0.7896505376344085,41.57,6.04592,1.1263496212871054,6789312.0,10765134848.0
AAUC,2025-11-27 14:44:37,0.8491935483870967,19.21,9.95993,1.1767382070520434,347729.0,2382039808.0
ALAB,2025-11-27 14:44:37,0.7673387096774194,154.22,6.52024,0.822120743134666,6308251.0,26048315392.0
ANF,2025-11-27 14:44:37,0.8870967741935484,95.14,5.42997,2.338948691518678,2038279.0,4532785152.0
ARMN,2025-11-27 14:44:37,0.740994623655914,14.02,6.85976,1.0110255957757566,1722628.0,2856803328.0
ARWR,2025-11-27 14:44:37,0.9565860215053764,57.71,23.3383,2.959194781262793,2386631.0,7978843136.0
ASML,2025-11-27 14:44:37,0.7813172043010753,1040.97,3.76288,0.9998390114155542,1571540.0,404050083840.0
ATMU,2025-11-27 14:44:37,0.9051075268817204,51.04,6.26692,3.4957543676574545,712968.0,4193037312.0
BBAR,2025-11-27 14:44:37,0.812768817204301,15.92,10.7093,1.133741617093709,1475771.0,3666923776.0
BE,2025-11-27 14:44:37,0.7733870967741935,101.14,7.26482,0.8811704963631413,15047189.0,23920697344.0
BMA,2025-11-27 14:44:37,0.8525537634408602,82.21,7.4781,1.0225915362868752,801185.0,5256617472.0
BMNR,2025-11-27 14:44:37,0.7810483870967743,31.74,9.789,1.0886932511341982,44759595.0,12190312448.0
BURL,2025-11-27 14:44:37,0.8716397849462364,260.65,4.40617,1.6806157039151264,1073503.0,16401924096.0
CIFR,2025-11-27 14:44:37,0.7420698924731183,19.15,9.30365,1.0795348490135428,52304393.0,7566012928.0
CLSK,2025-11-27 14:44:37,0.8217741935483871,13.45,13.7902,2.0903752068297985,33470153.0,3595666176.0
COIN,2025-11-27 14:44:37,0.7739247311827958,264.97,4.26964,0.9885861583303052,9626382.0,71447519232.0
CRDO,2025-11-27 14:44:37,0.7709677419354839,164.01,6.37567,0.8363945736344021,6195528.0,28373008384.0
DELL,2025-11-27 14:44:37,0.8875,133.26,5.82909,2.0634147097851683,7932434.0,89600442368.0
DUOL,2025-11-27 14:44:37,0.913978494623656,188.43,7.20869,1.3737204156613996,1950145.0,8710620160.0
ECG,2025-11-27 14:44:37,0.778494623655914,90.71,3.72785,1.2336408438686703,486379.0,4626806272.0
ETOR,2025-11-27 14:44:37,0.8190860215053763,41.98,5.18667,1.4155801354287352,1183353.0,3513893632.0
EWTX,2025-11-27 14:44:37,0.8071236559139785,25.52,6.06817,1.2595181554285098,1037596.0,2701762560.0
FBIN,2025-11-27 14:44:37,0.7401881720430108,51.51,3.87174,1.1394550559034364,1606073.0,6188326912.0
FLNC,2025-11-27 14:44:37,0.7967741935483871,18.99,13.2379,1.0754803555916277,7693207.0,3472675328.0
FN,2025-11-27 14:44:37,0.8608870967741935,449.06,4.5079,1.2891814690804533,634356.0,16088565760.0
HNGE,2025-11-27 14:44:37,0.7696236559139784,50.05,3.68759,1.7948120400450838,1508300.0,3939906816.0
HOOD,2025-11-27 14:44:37,0.8823924731182795,128.2,10.9284,1.3138446071057803,35711826.0,115276013568.0
ICLR,2025-11-27 14:44:37,0.8833333333333334,183.65,5.22546,1.5996517400108283,1008442.0,14282851328.0
KLIC,2025-11-27 14:44:37,0.7408602150537633,44.96,3.21395,2.7658855600519026,519434.0,2354240512.0
KSS,2025-11-27 14:44:37,0.8555107526881721,24.1,7.49331,3.231827319786216,5710440.0,2700999936.0
LITE,2025-11-27 14:44:37,0.8264784946236559,308.28,5.83995,0.9457053733347294,4288417.0,21860933632.0
MESO,2025-11-27 14:44:37,0.8646505376344087,17.37,8.15692,1.803568749112882,246585.0,2236313600.0
MODG,2025-11-27 14:44:37,0.8213709677419355,12.72,8.81096,1.6989049065082702,2517228.0,2338999808.0
NBIX,2025-11-27 14:44:37,0.8995967741935484,151.58,5.60859,1.7754304024330636,957476.0,15113390080.0
ODD,2025-11-27 14:44:37,0.809274193548387,43.04,4.23831,2.052076834884421,780635.0,2472169216.0
OLMA,2025-11-27 14:44:37,0.8288978494623656,28.12,7.86345,1.2451151363402817,3298915.0,2254096896.0
OSCR,2025-11-27 14:44:37,0.7559139784946236,18.16,8.54752,1.1073495005098293,17530375.0,5229302272.0
PAAS,2025-11-27 14:44:37,0.8157258064516129,42.59,7.85008,1.0889669279077867,6540318.0,17974982656.0
PI,2025-11-27 14:44:37,0.7623655913978495,172.81,4.48636,0.9109141967024024,556587.0,5203159040.0
PKX,2025-11-27 14:44:37,0.8470430107526882,54.96,5.20673,1.4475280266750827,145754.0,16624471040.0
PTCT,2025-11-27 14:44:37,0.8483870967741935,86.25,4.00338,7.275015409153667,1507221.0,6924866048.0
RCUS,2025-11-27 14:44:37,0.7559139784946236,25.56,5.27182,1.1332431369598333,1408778.0,3162501376.0
SYM,2025-11-27 14:44:37,0.9547043010752688,87.3,12.9512,2.5435115096775576,2240028.0,51750776832.0
TER,2025-11-27 14:44:37,0.8501344086021505,179.38,6.98396,0.991242681597686,3775585.0,28534611968.0
TEVA,2025-11-27 14:44:37,0.7711021505376344,26.32,5.32213,1.643266991934531,11163517.0,30196475904.0
TSEM,2025-11-27 14:44:37,0.8827956989247312,103.46,5.5725,1.6832005534673733,1402070.0,11600328704.0
URBN,2025-11-27 14:44:37,0.9641129032258065,77.56,13.5412,4.546889087017087,2201717.0,6956969984.0
VERA,2025-11-27 14:44:37,0.9149193548387096,33.33,13.2518,2.0360297219993475,1566651.0,2130722432.0
WSC,2025-11-27 14:44:37,0.7728494623655914,20.18,4.77674,2.407138293520073,3011392.0,3674275328.0
ZYME,2025-11-27 14:44:37,0.7823924731182795,27.33,4.39266,1.973723142968813,1107857.0,2069848064.0
AA,2025-11-27 14:55:48,0.7878706199460916,41.57,6.04592,1.1263496212871054,6789312.0,10765134848.0
AAUC,2025-11-27 14:55:48,0.847843665768194,19.21,9.95993,1.1767382070520434,347729.0,2382039808.0
ALAB,2025-11-27 14:55:48,0.7648247978436657,154.22,6.52024,0.822120743134666,6308251.0,26048315392.0
ANF,2025-11-27 14:55:48,0.8867924528301887,95.14,5.42997,2.338948691518678,2038279.0,4532785152.0
ARMN,2025-11-27 14:55:48,0.738544474393531,14.02,6.85976,1.0110255957757566,1722628.0,2856803328.0
ARWR,2025-11-27 14:55:48,0.9564690026954176,57.71,23.3383,2.959194781262793,2386631.0,7978843136.0
ASML,2025-11-27 14:55:48,0.7797843665768195,1040.97,3.76288,0.9998390114155542,1571540.0,404050083840.0
ATMU,2025-11-27 14:55:48,0.9048517520215632,51.04,6.26692,3.4957543676574545,712968.0,4193037312.0
BBAR,2025-11-27 14:55:48,0.8115902964959568,15.92,10.7093,1.133741617093709,1475771.0,3666923776.0
BE,2025-11-27 14:55:48,0.7706199460916442,101.14,7.26482,0.8811704963631413,15047189.0,23920697344.0
BMA,2025-11-27 14:55:48,0.8502695417789757,82.21,7.4781,1.0225915362868752,801185.0,5256617472.0
BMNR,2025-11-27 14:55:48,0.7797843665768194,31.74,9.789,1.0886932511341982,44759595.0,12190312448.0
BURL,2025-11-27 14:55:48,0.8703504043126685,260.65,4.40617,1.6806157039151264,1073503.0,16401924096.0
CIFR,2025-11-27 14:55:48,0.7407008086253369,19.15,9.30365,1.0795348490135428,52304393.0,7566012928.0
CLSK,2025-11-27 14:55:48,0.8206199460916442,13.45,13.7902,2.0903752068297985,33470153.0,3595666176.0
COIN,2025-11-27 14:55:48,0.7723719676549865,264.97,4.26964,0.9885861583303052,9626382.0,71447519232.0
CRDO,2025-11-27 14:55:48,0.7684636118598382,164.01,6.37567,0.8363945736344021,6195528.0,28373008384.0
DELL,2025-11-27 14:55:48,0.8867924528301887,133.26,5.82909,2.0634147097851683,7932434.0,89600442368.0
DUOL,2025-11-27 14:55:48,0.9128032345013476,188.43,7.20869,1.3737204156613996,1950145.0,8710620160.0
ECG,2025-11-27 14:55:48,0.776954177897574,90.71,3.72785,1.2336408438686703,486379.0,4626806272.0
ETOR,2025-11-27 14:55:48,0.817654986522911,41.98,5.18667,1.4155801354287352,1183353.0,3513893632.0
EWTX,2025-11-27 14:55:48,0.8056603773584906,25.52,6.06817,1.2595181554285098,1037596.0,2701762560.0
FBIN,2025-11-27 14:55:48,0.7385444743935311,51.51,3.87174,1.1394550559034364,1606073.0,6188326912.0
FLNC,2025-11-27 14:55:48,0.7952830188679245,18.99,13.2379,1.0754803555916277,7693207.0,3472675328.0
FN,2025-11-27 14:55:48,0.8595687331536388,449.06,4.5079,1.2891814690804533,634356.0,16088565760.0
HNGE,2025-11-27 14:55:48,0.7680592991913746,50.05,3.68759,1.7948120400450838,1508300.0,3939906816.0
HOOD,2025-11-27 14:55:48,0.8808625336927224,128.2,10.9284,1.3138446071057803,35711826.0,115276013568.0
ICLR,2025-11-27 14:55:48,0.8820754716981132,183.65,5.22546,1.5996517400108283,1008442.0,14282851328.0
KLIC,2025-11-27 14:55:48,0.7401617250673854,44.96,3.21395,2.7658855600519026,519434.0,2354240512.0
KSS,2025-11-27 14:55:48,0.855121293800539,24.1,7.49331,3.231827319786216,5710440.0,2700999936.0
LITE,2025-11-27 14:55:48,0.8250673854447439,308.28,5.83995,0.9457053733347294,4288417.0,21860933632.0
MESO,2025-11-27 14:55:48,0.8628032345013478,17.37,8.15692,1.803568749112882,246585.0,2236313600.0
MODG,2025-11-27 14:55:48,0.8191374663072777,12.72,8.81096,1.6989049065082702,2517228.0,2338999808.0
NBIX,2025-11-27 14:55:48,0.8983827493261456,151.58,5.60859,1.7754304024330636,957476.0,15113390080.0
ODD,2025-11-27 14:55:48,0.8078167115902966,43.04,4.23831,2.052076834884421,780635.0,2472169216.0
OLMA,2025-11-27 14:55:48,0.8274932614555256,28.12,7.86345,1.2451151363402817,3298915.0,2254096896.0
OSCR,2025-11-27 14:55:48,0.7543126684636119,18.16,8.54752,1.1073495005098293,17530375.0,5229302272.0
PAAS,2025-11-27 14:55:48,0.8140161725067385,42.59,7.85008,1.0889669279077867,6540318.0,17974982656.0
PI,2025-11-27 14:55:48,0.7607816711590296,172.81,4.48636,0.9109141967024024,556587.0,5203159040.0
PKX,2025-11-27 14:55:48,0.8456873315363882,54.96,5.20673,1.4475280266750827,145754.0,16624471040.0
PTCT,2025-11-27 14:55:48,0.8479784366576819,86.25,4.00338,7.275015409153667,1507221.0,6924866048.0
RCUS,2025-11-27 14:55:48,0.7543126684636118,25.56,5.27182,1.1332431369598333,1408778.0,3162501376.0
SYM,2025-11-27 14:55:48,0.9545822102425876,87.3,12.9512,2.5435115096775576,2240028.0,51750776832.0
TER,2025-11-27 14:55:48,0.8487870619946092,179.38,6.98396,0.991242681597686,3775585.0,28534611968.0
TEVA,2025-11-27 14:55:48,0.7690026954177898,26.32,5.32213,1.643266991934531,11163517.0,30196475904.0
TSEM,2025-11-27 14:55:48,0.8815363881401617,103.46,5.5725,1.6832005534673733,1402070.0,11600328704.0
URBN,2025-11-27 14:55:48,0.9640161725067384,77.56,13.5412,4.546889087017087,2201717.0,6956969984.0
VERA,2025-11-27 14:55:48,0.9142857142857144,33.33,13.2518,2.0360297219993475,1566651.0,2130722432.0
WSC,2025-11-27 14:55:48,0.7714285714285714,20.18,4.77674,2.407138293520073,3011392.0,3674275328.0
ZYME,2025-11-27 14:55:48,0.7803234501347709,27.33,4.39266,1.973723142968813,1107857.0,2069848064.0
AA,2025-11-27 14:55:49,0.7878706199460916,41.57,6.04592,1.1263496212871054,6789312.0,10765134848.0
AAUC,2025-11-27 14:55:49,0.847843665768194,19.21,9.95993,1.1767382070520434,347729.0,2382039808.0
ALAB,2025-11-27 14:55:49,0.7648247978436657,154.22,6.52024,0.822120743134666,6308251.0,26048315392.0
ANF,2025-11-27 14:55:49,0.8867924528301887,95.14,5.42997,2.338948691518678,2038279.0,4532785152.0
ARMN,2025-11-27 14:55:49,0.738544474393531,14.02,6.85976,1.0110255957757566,1722628.0,2856803328.0
ARWR,2025-11-27 14:55:49,0.9564690026954176,57.71,23.3383,2.959194781262793,2386631.0,7978843136.0
ASML,2025-11-27 14:55:49,0.7797843665768195,1040.97,3.76288,0.9998390114155542,1571540.0,404050083840.0
ATMU,2025-11-27 14:55:49,0.9048517520215632,51.04,6.26692,3.4957543676574545,712968.0,4193037312.0
BBAR,2025-11-27 14:55:49,0.8115902964959568,15.92,10.7093,1.133741617093709,1475771.0,3666923776.0
BE,2025-11-27 14:55:49,0.7706199460916442,101.14,7.26482,0.8811704963631413,15047189.0,23920697344.0
BMA,2025-11-27 14:55:49,0.8502695417789757,82.21,7.4781,1.0225915362868752,801185.0,5256617472.0
BMNR,2025-11-27 14:55:49,0.7797843665768194,31.74,9.789,1.0886932511341982,44759595.0,12190312448.0
BURL,2025-11-27 14:55:49,0.8703504043126685,260.65,4.40617,1.6806157039151264,1073503.0,16401924096.0
CIFR,2025-11-27 14:55:49,0.7407008086253369,19.15,9.30365,1.0795348490135428,52304393.0,7566012928.0
CLSK,2025-11-27 14:55:49,0.8206199460916442,13.45,13.7902,2.0903752068297985,33470153.0,3595666176.0
COIN,2025-11-27 14:55:49,0.7723719676549865,264.97,4.26964,0.9885861583303052,9626382.0,71447519232.0
CRDO,2025-11-27 14:55:49,0.7684636118598382,164.01,6.37567,0.8363945736344021,6195528.0,28373008384.0
DELL,2025-11-27 14:55:49,0.8867924528301887,133.26,5.82909,2.0634147097851683,7932434.0,89600442368.0
DUOL,2025-11-27 14:55:49,0.9128032345013476,188.43,7.20869,1.3737204156613996,1950145.0,8710620160.0
ECG,2025-11-27 14:55:49,0.776954177897574,90.71,3.72785,1.2336408438686703,486379.0,4626806272.0
ETOR,2025-11-27 14:55:49,0.817654986522911,41.98,5.18667,1.4155801354287352,1183353.0,3513893632.0
EWTX,2025-11-27 14:55:49,0.8056603773584906,25.52,6.06817,1.2595181554285098,1037596.0,2701762560.0
FBIN,2025-11-27 14:55:49,0.7385444743935311,51.51,3.87174,1.1394550559034364,1606073.0,6188326912.0
FLNC,2025-11-27 14:55:49,0.7952830188679245,18.99,13.2379,1.0754803555916277,7693207.0,3472675328.0
FN,2025-11-27 14:55:49,0.8595687331536388,449.06,4.5079,1.2891814690804533,634356.0,16088565760.0
HNGE,2025-11-27 14:55:49,0.7680592991913746,50.05,3.68759,1.7948120400450838,1508300.0,3939906816.0
HOOD,2025-11-27 14:55:49,0.8808625336927224,128.2,10.9284,1.3138446071057803,35711826.0,115276013568.0
ICLR,2025-11-27 14:55:49,0.8820754716981132,183.65,5.22546,1.5996517400108283,1008442.0,14282851328.0
KLIC,2025-11-27 14:55:49,0.7401617250673854,44.96,3.21395,2.7658855600519026,519434.0,2354240512.0
KSS,2025-11-27 14:55:49,0.855121293800539,24.1,7.49331,3.231827319786216,5710440.0,2700999936.0
LITE,2025-11-27 14:55:49,0.8250673854447439,308.28,5.83995,0.9457053733347294,4288417.0,21860933632.0
MESO,2025-11-27 14:55:49,0.8628032345013478,17.37,8.15692,1.803568749112882,246585.0,2236313600.0
MODG,2025-11-27 14:55:49,0.8191374663072777,12.72,8.81096,1.6989049065082702,2517228.0,2338999808.0
NBIX,2025-11-27 14:55:49,0.8983827493261456,151.58,5.60859,1.7754304024330636,957476.0,15113390080.0
ODD,2025-11-27 14:55:49,0.8078167115902966,43.04,4.23831,2.052076834884421,780635.0,2472169216.0
OLMA,2025-11-27 14:55:49,0.8274932614555256,28.12,7.86345,1.2451151363402817,3298915.0,2254096896.0
OSCR,2025-11-27 14:55:49,0.7543126684636119,18.16,8.54752,1.1073495005098293,17530375.0,5229302272.0
PAAS,2025-11-27 14:55:49,0.8140161725067385,42.59,7.85008,1.0889669279077867,6540318.0,17974982656.0
PI,2025-11-27 14:55:49,0.7607816711590296,172.81,4.48636,0.9109141967024024,556587.0,5203159040.0
PKX,2025-11-27 14:55:49,0.8456873315363882,54.96,5.20673,1.4475280266750827,145754.0,16624471040.0
PTCT,2025-11-27 14:55:49,0.8479784366576819,86.25,4.00338,7.275015409153667,1507221.0,6924866048.0
RCUS,2025-11-27 14:55:49,0.7543126684636118,25.56,5.27182,1.1332431369598333,1408778.0,3162501376.0
SYM,2025-11-27 14:55:49,0.9545822102425876,87.3,12.9512,2.5435115096775576,2240028.0,51750776832.0
TER,2025-11-27 14:55:49,0.8487870619946092,179.38,6.98396,0.991242681597686,3775585.0,28534611968.0
TEVA,2025-11-27 14:55:49,0.7690026954177898,26.32,5.32213,1.643266991934531,11163517.0,30196475904.0
TSEM,2025-11-27 14:55:49,0.8815363881401617,103.46,5.5725,1.6832005534673733,1402070.0,11600328704.0
URBN,2025-11-27 14:55:49,0.9640161725067384,77.56,13.5412,4.546889087017087,2201717.0,6956969984.0
VERA,2025-11-27 14:55:49,0.9142857142857144,33.33,13.2518,2.0360297219993475,1566651.0,2130722432.0
WSC,2025-11-27 14:55:49,0.7714285714285714,20.18,4.77674,2.407138293520073,3011392.0,3674275328.0
ZYME,2025-11-27 14:55:49,0.7803234501347709,27.33,4.39266,1.973723142968813,1107857.0,2069848064.0
AA,2025-11-27 15:20:33,0.7878706199460916,41.57,6.04592,1.1263496212871054,6789312.0,10765134848.0
AAUC,2025-11-27 15:20:33,0.847843665768194,19.21,9.95993,1.1767382070520434,347729.0,2382039808.0
ALAB,2025-11-27 15:20:33,0.7648247978436657,154.22,6.52024,0.822120743134666,6308251.0,26048315392.0
ANF,2025-11-27 15:20:33,0.8867924528301887,95.14,5.42997,2.338948691518678,2038279.0,4532785152.0
ARMN,2025-11-27 15:20:33,0.738544474393531,14.02,6.85976,1.0110255957757566,1722628.0,2856803328.0
ARWR,2025-11-27 15:20:33,0.9564690026954176,57.71,23.3383,2.959194781262793,2386631.0,7978843136.0
ASML,2025-11-27 15:20:33,0.7797843665768195,1040.97,3.76288,0.9998390114155542,1571540.0,404050083840.0
ATMU,2025-11-27 15:20:33,0.9048517520215632,51.04,6.26692,3.4957543676574545,712968.0,4193037312.0
BBAR,2025-11-27 15:20:33,0.8115902964959568,15.92,10.7093,1.133741617093709,1475771.0,3666923776.0
BE,2025-11-27 15:20:33,0.7706199460916442,101.14,7.26482,0.8811704963631413,15047189.0,23920697344.0
BMA,2025-11-27 15:20:33,0.8502695417789757,82.21,7.4781,1.0225915362868752,801185.0,5256617472.0
BMNR,2025-11-27 15:20:33,0.7797843665768194,31.74,9.789,1.0886932511341982,44759595.0,12190312448.0
BURL,2025-11-27 15:20:33,0.8703504043126685,260.65,4.40617,1.6806157039151264,1073503.0,16401924096.0
CIFR,2025-11-27 15:20:33,0.7407008086253369,19.15,9.30365,1.0795348490135428,52304393.0,7566012928.0
CLSK,2025-11-27 15:20:33,0.8206199460916442,13.45,13.7902,2.0903752068297985,33470153.0,3595666176.0
COIN,2025-11-27 15:20:33,0.7723719676549865,264.97,4.26964,0.9885861583303052,9626382.0,71447519232.0
CRDO,2025-11-27 15:20:33,0.7684636118598382,164.01,6.37567,0.8363945736344021,6195528.0,28373008384.0
DELL,2025-11-27 15:20:33,0.8867924528301887,133.26,5.82909,2.0634147097851683,7932434.0,89600442368.0
DUOL,2025-11-27 15:20:33,0.9128032345013476,188.43,7.20869,1.3737204156613996,1950145.0,8710620160.0
ECG,2025-11-27 15:20:33,0.776954177897574,90.71,3.72785,1.2336408438686703,486379.0,4626806272.0
ETOR,2025-11-27 15:20:33,0.817654986522911,41.98,5.18667,1.4155801354287352,1183353.0,3513893632.0
EWTX,2025-11-27 15:20:33,0.8056603773584906,25.52,6.06817,1.2595181554285098,1037596.0,2701762560.0
FBIN,2025-11-27 15:20:33,0.7385444743935311,51.51,3.87174,1.1394550559034364,1606073.0,6188326912.0
FLNC,2025-11-27 15:20:33,0.7952830188679245,18.99,13.2379,1.0754803555916277,7693207.0,3472675328.0
FN,2025-11-27 15:20:33,0.8595687331536388,449.06,4.5079,1.2891814690804533,634356.0,16088565760.0
HNGE,2025-11-27 15:20:33,0.7680592991913746,50.05,3.68759,1.7948120400450838,1508300.0,3939906816.0
HOOD,2025-11-27 15:20:33,0.8808625336927224,128.2,10.9284,1.3138446071057803,35711826.0,115276013568.0
ICLR,2025-11-27 15:20:33,0.8820754716981132,183.65,5.22546,1.5996517400108283,1008442.0,14282851328.0
KLIC,2025-11-27 15:20:33,0.7401617250673854,44.96,3.21395,2.7658855600519026,519434.0,2354240512.0
KSS,2025-11-27 15:20:33,0.855121293800539,24.1,7.49331,3.231827319786216,5710440.0,2700999936.0
LITE,2025-11-27 15:20:33,0.8250673854447439,308.28,5.83995,0.9457053733347294,4288417.0,21860933632.0
MESO,2025-11-27 15:20:33,0.8628032345013478,17.37,8.15692,1.803568749112882,246585.0,2236313600.0
MODG,2025-11-27 15:20:33,0.8191374663072777,12.72,8.81096,1.6989049065082702,2517228.0,2338999808.0
NBIX,2025-11-27 15:20:33,0.8983827493261456,151.58,5.60859,1.7754304024330636,957476.0,15113390080.0
ODD,2025-11-27 15:20:33,0.8078167115902966,43.04,4.23831,2.052076834884421,780635.0,2472169216.0
OLMA,2025-11-27 15:20:33,0.8274932614555256,28.12,7.86345,1.2451151363402817,3298915.0,2254096896.0
OSCR,2025-11-27 15:20:33,0.7543126684636119,18.16,8.54752,1.1073495005098293,17530375.0,5229302272.0
PAAS,2025-11-27 15:20:33,0.8140161725067385,42.59,7.85008,1.0889669279077867,6540318.0,17974982656.0
PI,2025-11-27 15:20:33,0.7607816711590296,172.81,4.48636,0.9109141967024024,556587.0,5203159040.0
PKX,2025-11-27 15:20:33,0.8456873315363882,54.96,5.20673,1.4475280266750827,145754.0,16624471040.0
PTCT,2025-11-27 15:20:33,0.8479784366576819,86.25,4.00338,7.275015409153667,1507221.0,6924866048.0
RCUS,2025-11-27 15:20:33,0.7543126684636118,25.56,5.27182,1.1332431369598333,1408778.0,3162501376.0
SYM,2025-11-27 15:20:33,0.9545822102425876,87.3,12.9512,2.5435115096775576,2240028.0,51750776832.0
TER,2025-11-27 15:20:33,0.8487870619946092,179.38,6.98396,0.991242681597686,3775585.0,28534611968.0
TEVA,2025-11-27 15:20:33,0.7690026954177898,26.32,5.32213,1.643266991934531,11163517.0,30196475904.0
TSEM,2025-11-27 15:20:33,0.8815363881401617,103.46,5.5725,1.6832005534673733,1402070.0,11600328704.0
URBN,2025-11-27 15:20:33,0.9640161725067384,77.56,13.5412,4.546889087017087,2201717.0,6956969984.0
VERA,2025-11-27 15:20:33,0.9142857142857144,33.33,13.2518,2.0360297219993475,1566651.0,2130722432.0
WSC,2025-11-27 15:20:33,0.7714285714285714,20.18,4.77674,2.407138293520073,3011392.0,3674275328.0
ZYME,2025-11-27 15:20:33,0.7803234501347709,27.33,4.39266,1.973723142968813,1107857.0,2069848064.0
AA,2025-11-27 15:20:34,0.7878706199460916,41.57,6.04592,1.1263496212871054,6789312.0,10765134848.0
AAUC,2025-11-27 15:20:34,0.847843665768194,19.21,9.95993,1.1767382070520434,347729.0,2382039808.0
ALAB,2025-11-27 15:20:34,0.7648247978436657,154.22,6.52024,0.822120743134666,6308251.0,26048315392.0
ANF,2025-11-27 15:20:34,0.8867924528301887,95.14,5.42997,2.338948691518678,2038279.0,4532785152.0
ARMN,2025-11-27 15:20:34,0.738544474393531,14.02,6.85976,1.0110255957757566,1722628.0,2856803328.0
ARWR,2025-11-27 15:20:34,0.9564690026954176,57.71,23.3383,2.959194781262793,2386631.0,7978843136.0
ASML,2025-11-27 15:20:34,0.7797843665768195,1040.97,3.76288,0.9998390114155542,1571540.0,404050083840.0
ATMU,2025-11-27 15:20:34,0.9048517520215632,51.04,6.26692,3.4957543676574545,712968.0,4193037312.0
BBAR,2025-11-27 15:20:34,0.8115902964959568,15.92,10.7093,1.133741617093709,1475771.0,3666923776.0
BE,2025-11-27 15:20:34,0.7706199460916442,101.14,7.26482,0.8811704963631413,15047189.0,23920697344.0
BMA,2025-11-27 15:20:34,0.8502695417789757,82.21,7.4781,1.0225915362868752,801185.0,5256617472.0
BMNR,2025-11-27 15:20:34,0.7797843665768194,31.74,9.789,1.0886932511341982,44759595.0,12190312448.0
BURL,2025-11-27 15:20:34,0.8703504043126685,260.65,4.40617,1.6806157039151264,1073503.0,16401924096.0
CIFR,2025-11-27 15:20:34,0.7407008086253369,19.15,9.30365,1.0795348490135428,52304393.0,7566012928.0
CLSK,2025-11-27 15:20:34,0.8206199460916442,13.45,13.7902,2.0903752068297985,33470153.0,3595666176.0
COIN,2025-11-27 15:20:34,0.7723719676549865,264.97,4.26964,0.9885861583303052,9626382.0,71447519232.0
CRDO,2025-11-27 15:20:34,0.7684636118598382,164.01,6.37567,0.8363945736344021,6195528.0,28373008384.0
DELL,2025-11-27 15:20:34,0.8867924528301887,133.26,5.82909,2.0634147097851683,7932434.0,89600442368.0
DUOL,2025-11-27 15:20:34,0.9128032345013476,188.43,7.20869,1.3737204156613996,1950145.0,8710620160.0
ECG,2025-11-27 15:20:34,0.776954177897574,90.71,3.72785,1.2336408438686703,486379.0,4626806272.0
ETOR,2025-11-27 15:20:34,0.817654986522911,41.98,5.18667,1.4155801354287352,1183353.0,3513893632.0
EWTX,2025-11-27 15:20:34,0.8056603773584906,25.52,6.06817,1.2595181554285098,1037596.0,2701762560.0
FBIN,2025-11-27 15:20:34,0.7385444743935311,51.51,3.87174,1.1394550559034364,1606073.0,6188326912.0
FLNC,2025-11-27 15:20:34,0.7952830188679245,18.99,13.2379,1.0754803555916277,7693207.0,3472675328.0
FN,2025-11-27 15:20:34,0.8595687331536388,449.06,4.5079,1.2891814690804533,634356.0,16088565760.0
HNGE,2025-11-27 15:20:34,0.7680592991913746,50.05,3.68759,1.7948120400450838,1508300.0,3939906816.0
HOOD,2025-11-27 15:20:34,0.8808625336927224,128.2,10.9284,1.3138446071057803,35711826.0,115276013568.0
ICLR,2025-11-27 15:20:34,0.8820754716981132,183.65,5.22546,1.5996517400108283,1008442.0,14282851328.0
KLIC,2025-11-27 15:20:34,0.7401617250673854,44.96,3.21395,2.7658855600519026,519434.0,2354240512.0
KSS,2025-11-27 15:20:34,0.855121293800539,24.1,7.49331,3.231827319786216,5710440.0,2700999936.0
LITE,2025-11-27 15:20:34,0.8250673854447439,308.28,5.83995,0.9457053733347294,4288417.0,21860933632.0
MESO,2025-11-27 15:20:34,0.8628032345013478,17.37,8.15692,1.803568749112882,246585.0,2236313600.0
MODG,2025-11-27 15:20:34,0.8191374663072777,12.72,8.81096,1.6989049065082702,2517228.0,2338999808.0
NBIX,2025-11-27 15:20:34,0.8983827493261456,151.58,5.60859,1.7754304024330636,957476.0,15113390080.0
ODD,2025-11-27 15:20:34,0.8078167115902966,43.04,4.23831,2.052076834884421,780635.0,2472169216.0
OLMA,2025-11-27 15:20:34,0.8274932614555256,28.12,7.86345,1.2451151363402817,3298915.0,2254096896.0
OSCR,2025-11-27 15:20:34,0.7543126684636119,18.16,8.54752,1.1073495005098293,17530375.0,5229302272.0
PAAS,2025-11-27 15:20:34,0.8140161725067385,42.59,7.85008,1.0889669279077867,6540318.0,17974982656.0
PI,2025-11-27 15:20:34,0.7607816711590296,172.81,4.48636,0.9109141967024024,556587.0,5203159040.0
PKX,2025-11-27 15:20:34,0.8456873315363882,54.96,5.20673,1.4475280266750827,145754.0,16624471040.0
PTCT,2025-11-27 15:20:34,0.8479784366576819,86.25,4.00338,7.275015409153667,1507221.0,6924866048.0
RCUS,2025-11-27 15:20:34,0.7543126684636118,25.56,5.27182,1.1332431369598333,1408778.0,3162501376.0
SYM,2025-11-27 15:20:34,0.9545822102425876,87.3,12.9512,2.5435115096775576,2240028.0,51750776832.0
TER,2025-11-27 15:20:34,0.8487870619946092,179.38,6.98396,0.991242681597686,3775585.0,28534611968.0
TEVA,2025-11-27 15:20:34,0.7690026954177898,26.32,5.32213,1.643266991934531,11163517.0,30196475904.0
TSEM,2025-11-27 15:20:34,0.8815363881401617,103.46,5.5725,1.6832005534673733,1402070.0,11600328704.0
URBN,2025-11-27 15:20:34,0.9640161725067384,77.56,13.5412,4.546889087017087,2201717.0,6956969984.0
VERA,2025-11-27 15:20:34,0.9142857142857144,33.33,13.2518,2.0360297219993475,1566651.0,2130722432.0
WSC,2025-11-27 15:20:34,0.7714285714285714,20.18,4.77674,2.407138293520073,3011392.0,3674275328.0
ZYME,2025-11-27 15:20:34,0.7803234501347709,27.33,4.39266,1.973723142968813,1107857.0,2069848064.0
AA,2025-11-27 15:42:30,0.7878706199460916,41.57,6.04592,1.1263496212871054,6789312.0,10765134848.0
AAUC,2025-11-27 15:42:30,0.847843665768194,19.21,9.95993,1.1767382070520434,347729.0,2382039808.0
ALAB,2025-11-27 15:42:30,0.7648247978436657,154.22,6.52024,0.822120743134666,6308251.0,26048315392.0
ANF,2025-11-27 15:42:30,0.8867924528301887,95.14,5.42997,2.338948691518678,2038279.0,4532785152.0
ARMN,2025-11-27 15:42:30,0.738544474393531,14.02,6.85976,1.0110255957757566,1722628.0,2856803328.0
ARWR,2025-11-27 15:42:30,0.9564690026954176,57.71,23.3383,2.959194781262793,2386631.0,7978843136.0
ASML,2025-11-27 15:42:30,0.7797843665768195,1040.97,3.76288,0.9998390114155542,1571540.0,404050083840.0
ATMU,2025-11-27 15:42:30,0.9048517520215632,51.04,6.26692,3.4957543676574545,712968.0,4193037312.0
BBAR,2025-11-27 15:42:30,0.8115902964959568,15.92,10.7093,1.133741617093709,1475771.0,3666923776.0
BE,2025-11-27 15:42:30,0.7706199460916442,101.14,7.26482,0.8811704963631413,15047189.0,23920697344.0
BMA,2025-11-27 15:42:30,0.8502695417789757,82.21,7.4781,1.0225915362868752,801185.0,5256617472.0
BMNR,2025-11-27 15:42:30,0.7797843665768194,31.74,9.789,1.0886932511341982,44759595.0,12190312448.0
BURL,2025-11-27 15:42:30,0.8703504043126685,260.65,4.40617,1.6806157039151264,1073503.0,16401924096.0
CIFR,2025-11-27 15:42:30,0.7407008086253369,19.15,9.30365,1.0795348490135428,52304393.0,7566012928.0
CLSK,2025-11-27 15:42:30,0.8206199460916442,13.45,13.7902,2.0903752068297985,33470153.0,3595666176.0
COIN,2025-11-27 15:42:30,0.7723719676549865,264.97,4.26964,0.9885861583303052,9626382.0,71447519232.0
CRDO,2025-11-27 15:42:30,0.7684636118598382,164.01,6.37567,0.8363945736344021,6195528.0,28373008384.0
DELL,2025-11-27 15:42:30,0.8867924528301887,133.26,5.82909,2.0634147097851683,7932434.0,89600442368.0
DUOL,2025-11-27 15:42:30,0.9128032345013476,188.43,7.20869,1.3737204156613996,1950145.0,8710620160.0
ECG,2025-11-27 15:42:30,0.776954177897574,90.71,3.72785,1.2336408438686703,486379.0,4626806272.0
ETOR,2025-11-27 15:42:30,0.817654986522911,41.98,5.18667,1.4155801354287352,1183353.0,3513893632.0
EWTX,2025-11-27 15:42:30,0.8056603773584906,25.52,6.06817,1.2595181554285098,1037596.0,2701762560.0
FBIN,2025-11-27 15:42:30,0.7385444743935311,51.51,3.87174,1.1394550559034364,1606073.0,6188326912.0
FLNC,2025-11-27 15:42:30,0.7952830188679245,18.99,13.2379,1.0754803555916277,7693207.0,3472675328.0
FN,2025-11-27 15:42:30,0.8595687331536388,449.06,4.5079,1.2891814690804533,634356.0,16088565760.0
HNGE,2025-11-27 15:42:30,0.7680592991913746,50.05,3.68759,1.7948120400450838,1508300.0,3939906816.0
HOOD,2025-11-27 15:42:30,0.8808625336927224,128.2,10.9284,1.3138446071057803,35711826.0,115276013568.0
ICLR,2025-11-27 15:42:30,0.8820754716981132,183.65,5.22546,1.5996517400108283,1008442.0,14282851328.0
KLIC,2025-11-27 15:42:30,0.7401617250673854,44.96,3.21395,2.7658855600519026,519434.0,2354240512.0
KSS,2025-11-27 15:42:30,0.855121293800539,24.1,7.49331,3.231827319786216,5710440.0,2700999936.0
LITE,2025-11-27 15:42:30,0.8250673854447439,308.28,5.83995,0.9457053733347294,4288417.0,21860933632.0
MESO,2025-11-27 15:42:30,0.8628032345013478,17.37,8.15692,1.803568749112882,246585.0,2236313600.0
MODG,2025-11-27 15:42:30,0.8191374663072777,12.72,8.81096,1.6989049065082702,2517228.0,2338999808.0
NBIX,2025-11-27 15:42:30,0.8983827493261456,151.58,5.60859,1.7754304024330636,957476.0,15113390080.0
ODD,2025-11-27 15:42:30,0.8078167115902966,43.04,4.23831,2.052076834884421,780635.0,2472169216.0
OLMA,2025-11-27 15:42:30,0.8274932614555256,28.12,7.86345,1.2451151363402817,3298915.0,2254096896.0
OSCR,2025-11-27 15:42:30,0.7543126684636119,18.16,8.54752,1.1073495005098293,17530375.0,5229302272.0
PAAS,2025-11-27 15:42:30,0.8140161725067385,42.59,7.85008,1.0889669279077867,6540318.0,17974982656.0
PI,2025-11-27 15:42:30,0.7607816711590296,172.81,4.48636,0.9109141967024024,556587.0,5203159040.0
PKX,2025-11-27 15:42:30,0.8456873315363882,54.96,5.20673,1.4475280266750827,145754.0,16624471040.0
PTCT,2025-11-27 15:42:30,0.8479784366576819,86.25,4.00338,7.275015409153667,1507221.0,6924866048.0
RCUS,2025-11-27 15:42:30,0.7543126684636118,25.56,5.27182,1.1332431369598333,1408778.0,3162501376.0
SYM,2025-11-27 15:42:30,0.9545822102425876,87.3,12.9512,2.5435115096775576,2240028.0,51750776832.0
TER,2025-11-27 15:42:30,0.8487870619946092,179.38,6.98396,0.991242681597686,3775585.0,28534611968.0
TEVA,2025-11-27 15:42:30,0.7690026954177898,26.32,5.32213,1.643266991934531,11163517.0,30196475904.0
TSEM,2025-11-27 15:42:30,0.8815363881401617,103.46,5.5725,1.6832005534673733,1402070.0,11600328704.0
URBN,2025-11-27 15:42:30,0.9640161725067384,77.56,13.5412,4.546889087017087,2201717.0,6956969984.0
VERA,2025-11-27 15:42:30,0.9142857142857144,33.33,13.2518,2.0360297219993475,1566651.0,2130722432.0
WSC,2025-11-27 15:42:30,0.7714285714285714,20.18,4.77674,2.407138293520073,3011392.0,3674275328.0
ZYME,2025-11-27 15:42:30,0.7803234501347709,27.33,4.39266,1.973723142968813,1107857.0,2069848064.0
AA,2025-11-27 15:52:58,0.7878706199460916,41.57,6.04592,1.1263496212871054,6789312.0,10765134848.0
AAUC,2025-11-27 15:52:58,0.847843665768194,19.21,9.95993,1.1767382070520434,347729.0,2382039808.0
ALAB,2025-11-27 15:52:58,0.7648247978436657,154.22,6.52024,0.822120743134666,6308251.0,26048315392.0
ANF,2025-11-27 15:52:58,0.8867924528301887,95.14,5.42997,2.338948691518678,2038279.0,4532785152.0
ARMN,2025-11-27 15:52:58,0.738544474393531,14.02,6.85976,1.0110255957757566,1722628.0,2856803328.0
ARWR,2025-11-27 15:52:58,0.9564690026954176,57.71,23.3383,2.959194781262793,2386631.0,7978843136.0
ASML,2025-11-27 15:52:58,0.7797843665768195,1040.97,3.76288,0.9998390114155542,1571540.0,404050083840.0
ATMU,2025-11-27 15:52:58,0.9048517520215632,51.04,6.26692,3.4957543676574545,712968.0,4193037312.0
BBAR,2025-11-27 15:52:58,0.8115902964959568,15.92,10.7093,1.133741617093709,1475771.0,3666923776.0
BE,2025-11-27 15:52:58,0.7706199460916442,101.14,7.26482,0.8811704963631413,15047189.0,23920697344.0
BMA,2025-11-27 15:52:58,0.8502695417789757,82.21,7.4781,1.0225915362868752,801185.0,5256617472.0
BMNR,2025-11-27 15:52:58,0.7797843665768194,31.74,9.789,1.0886932511341982,44759595.0,12190312448.0
BURL,2025-11-27 15:52:58,0.8703504043126685,260.65,4.40617,1.6806157039151264,1073503.0,16401924096.0
CIFR,2025-11-27 15:52:58,0.7407008086253369,19.15,9.30365,1.0795348490135428,52304393.0,7566012928.0
CLSK,2025-11-27 15:52:58,0.8206199460916442,13.45,13.7902,2.0903752068297985,33470153.0,3595666176.0
COIN,2025-11-27 15:52:58,0.7723719676549865,264.97,4.26964,0.9885861583303052,9626382.0,71447519232.0
CRDO,2025-11-27 15:52:58,0.7684636118598382,164.01,6.37567,0.8363945736344021,6195528.0,28373008384.0
DELL,2025-11-27 15:52:58,0.8867924528301887,133.26,5.82909,2.0634147097851683,7932434.0,89600442368.0
DUOL,2025-11-27 15:52:58,0.9128032345013476,188.43,7.20869,1.3737204156613996,1950145.0,8710620160.0
ECG,2025-11-27 15:52:58,0.776954177897574,90.71,3.72785,1.2336408438686703,486379.0,4626806272.0
ETOR,2025-11-27 15:52:58,0.817654986522911,41.98,5.18667,1.4155801354287352,1183353.0,3513893632.0
EWTX,2025-11-27 15:52:58,0.8056603773584906,25.52,6.06817,1.2595181554285098,1037596.0,2701762560.0
FBIN,2025-11-27 15:52:58,0.7385444743935311,51.51,3.87174,1.1394550559034364,1606073.0,6188326912.0
FLNC,2025-11-27 15:52:58,0.7952830188679245,18.99,13.2379,1.0754803555916277,7693207.0,3472675328.0
FN,2025-11-27 15:52:58,0.8595687331536388,449.06,4.5079,1.2891814690804533,634356.0,16088565760.0
HNGE,2025-11-27 15:52:58,0.7680592991913746,50.05,3.68759,1.7948120400450838,1508300.0,3939906816.0
HOOD,2025-11-27 15:52:58,0.8808625336927224,128.2,10.9284,1.3138446071057803,35711826.0,115276013568.0
ICLR,2025-11-27 15:52:58,0.8820754716981132,183.65,5.22546,1.5996517400108283,1008442.0,14282851328.0
KLIC,2025-11-27 15:52:58,0.7401617250673854,44.96,3.21395,2.7658855600519026,519434.0,2354240512.0
KSS,2025-11-27 15:52:58,0.855121293800539,24.1,7.49331,3.231827319786216,5710440.0,2700999936.0
LITE,2025-11-27 15:52:58,0.8250673854447439,308.28,5.83995,0.9457053733347294,4288417.0,21860933632.0
MESO,2025-11-27 15:52:58,0.8628032345013478,17.37,8.15692,1.803568749112882,246585.0,2236313600.0
MODG,2025-11-27 15:52:58,0.8191374663072777,12.72,8.81096,1.6989049065082702,2517228.0,2338999808.0
NBIX,2025-11-27 15:52:58,0.8983827493261456,151.58,5.60859,1.7754304024330636,957476.0,15113390080.0
ODD,2025-11-27 15:52:58,0.8078167115902966,43.04,4.23831,2.052076834884421,780635.0,2472169216.0
OLMA,2025-11-27 15:52:58,0.8274932614555256,28.12,7.86345,1.2451151363402817,3298915.0,2254096896.0
OSCR,2025-11-27 15:52:58,0.7543126684636119,18.16,8.54752,1.1073495005098293,17530375.0,5229302272.0
PAAS,2025-11-27 15:52:58,0.8140161725067385,42.59,7.85008,1.0889669279077867,6540318.0,17974982656.0
PI,2025-11-27 15:52:58,0.7607816711590296,172.81,4.48636,0.9109141967024024,556587.0,5203159040.0
PKX,2025-11-27 15:52:58,0.8456873315363882,54.96,5.20673,1.4475280266750827,145754.0,16624471040.0
PTCT,2025-11-27 15:52:58,0.8479784366576819,86.25,4.00338,7.275015409153667,1507221.0,6924866048.0
RCUS,2025-11-27 15:52:58,0.7543126684636118,25.56,5.27182,1.1332431369598333,1408778.0,3162501376.0
SYM,2025-11-27 15:52:58,0.9545822102425876,87.3,12.9512,2.5435115096775576,2240028.0,51750776832.0
TER,2025-11-27 15:52:58,0.8487870619946092,179.38,6.98396,0.991242681597686,3775585.0,28534611968.0
TEVA,2025-11-27 15:52:58,0.7690026954177898,26.32,5.32213,1.643266991934531,11163517.0,30196475904.0
TSEM,2025-11-27 15:52:58,0.8815363881401617,103.46,5.5725,1.6832005534673733,1402070.0,11600328704.0
URBN,2025-11-27 15:52:58,0.9640161725067384,77.56,13.5412,4.546889087017087,2201717.0,6956969984.0
VERA,2025-11-27 15:52:58,0.9142857142857144,33.33,13.2518,2.0360297219993475,1566651.0,2130722432.0
WSC,2025-11-27 15:52:58,0.7714285714285714,20.18,4.77674,2.407138293520073,3011392.0,3674275328.0
ZYME,2025-11-27 15:52:58,0.7803234501347709,27.33,4.39266,1.973723142968813,1107857.0,2069848064.0
AA,2025-11-27 16:23:50,0.7878706199460916,41.57,6.04592,1.1263496212871054,6789312.0,10765134848.0
AAUC,2025-11-27 16:23:50,0.847843665768194,19.21,9.95993,1.1767382070520434,347729.0,2382039808.0
ALAB,2025-11-27 16:23:50,0.7648247978436657,154.22,6.52024,0.822120743134666,6308251.0,26048315392.0
ANF,2025-11-27 16:23:50,0.8867924528301887,95.14,5.42997,2.338948691518678,2038279.0,4532785152.0
ARMN,2025-11-27 16:23:50,0.738544474393531,14.02,6.85976,1.0110255957757566,1722628.0,2856803328.0
ARWR,2025-11-27 16:23:50,0.9564690026954176,57.71,23.3383,2.959194781262793,2386631.0,7978843136.0
ASML,2025-11-27 16:23:50,0.7797843665768195,1040.97,3.76288,0.9998390114155542,1571540.0,404050083840.0
ATMU,2025-11-27 16:23:50,0.9048517520215632,51.04,6.26692,3.4957543676574545,712968.0,4193037312.0
BBAR,2025-11-27 16:23:50,0.8115902964959568,15.92,10.7093,1.133741617093709,1475771.0,3666923776.0
BE,2025-11-27 16:23:50,0.7706199460916442,101.14,7.26482,0.8811704963631413,15047189.0,23920697344.0
BMA,2025-11-27 16:23:50,0.8502695417789757,82.21,7.4781,1.0225915362868752,801185.0,5256617472.0
BMNR,2025-11-27 16:23:50,0.7797843665768194,31.74,9.789,1.0886932511341982,44759595.0,12190312448.0
BURL,2025-11-27 16:23:50,0.8703504043126685,260.65,4.40617,1.6806157039151264,1073503.0,16401924096.0
CIFR,2025-11-27 16:23:50,0.7407008086253369,19.15,9.30365,1.0795348490135428,52304393.0,7566012928.0
CLSK,2025-11-27 16:23:50,0.8206199460916442,13.45,13.7902,2.0903752068297985,33470153.0,3595666176.0
COIN,2025-11-27 16:23:50,0.7723719676549865,264.97,4.26964,0.9885861583303052,9626382.0,71447519232.0
CRDO,2025-11-27 16:23:50,0.7684636118598382,164.01,6.37567,0.8363945736344021,6195528.0,28373008384.0
DELL,2025-11-27 16:23:50,0.8867924528301887,133.26,5.82909,2.0634147097851683,7932434.0,89600442368.0
DUOL,2025-11-27 16:23:50,0.9128032345013476,188.43,7.20869,1.3737204156613996,1950145.0,8710620160.0
ECG,2025-11-27 16:23:50,0.776954177897574,90.71,3.72785,1.2336408438686703,486379.0,4626806272.0
ETOR,2025-11-27 16:23:50,0.817654986522911,41.98,5.18667,1.4155801354287352,1183353.0,3513893632.0
EWTX,2025-11-27 16:23:50,0.8056603773584906,25.52,6.06817,1.2595181554285098,1037596.0,2701762560.0
FBIN,2025-11-27 16:23:50,0.7385444743935311,51.51,3.87174,1.1394550559034364,1606073.0,6188326912.0
FLNC,2025-11-27 16:23:50,0.7952830188679245,18.99,13.2379,1.0754803555916277,7693207.0,3472675328.0
FN,2025-11-27 16:23:50,0.8595687331536388,449.06,4.5079,1.2891814690804533,634356.0,16088565760.0
HNGE,2025-11-27 16:23:50,0.7680592991913746,50.05,3.68759,1.7948120400450838,1508300.0,3939906816.0
HOOD,2025-11-27 16:23:50,0.8808625336927224,128.2,10.9284,1.3138446071057803,35711826.0,115276013568.0
ICLR,2025-11-27 16:23:50,0.8820754716981132,183.65,5.22546,1.5996517400108283,1008442.0,14282851328.0
KLIC,2025-11-27 16:23:50,0.7401617250673854,44.96,3.21395,2.7658855600519026,519434.0,2354240512.0
KSS,2025-11-27 16:23:50,0.855121293800539,24.1,7.49331,3.231827319786216,5710440.0,2700999936.0
LITE,2025-11-27 16:23:50,0.8250673854447439,308.28,5.83995,0.9457053733347294,4288417.0,21860933632.0
MESO,2025-11-27 16:23:50,0.8628032345013478,17.37,8.15692,1.803568749112882,246585.0,2236313600.0
MODG,2025-11-27 16:23:50,0.8191374663072777,12.72,8.81096,1.6989049065082702,2517228.0,2338999808.0
NBIX,2025-11-27 16:23:50,0.8983827493261456,151.58,5.60859,1.7754304024330636,957476.0,15113390080.0
ODD,2025-11-27 16:23:50,0.8078167115902966,43.04,4.23831,2.052076834884421,780635.0,2472169216.0
OLMA,2025-11-27 16:23:50,0.8274932614555256,28.12,7.86345,1.2451151363402817,3298915.0,2254096896.0
OSCR,2025-11-27 16:23:50,0.7543126684636119,18.16,8.54752,1.1073495005098293,17530375.0,5229302272.0
PAAS,2025-11-27 16:23:50,0.8140161725067385,42.59,7.85008,1.0889669279077867,6540318.0,17974982656.0
PI,2025-11-27 16:23:50,0.7607816711590296,172.81,4.48636,0.9109141967024024,556587.0,5203159040.0
PKX,2025-11-27 16:23:50,0.8456873315363882,54.96,5.20673,1.4475280266750827,145754.0,16624471040.0
PTCT,2025-11-27 16:23:50,0.8479784366576819,86.25,4.00338,7.275015409153667,1507221.0,6924866048.0
RCUS,2025-11-27 16:23:50,0.7543126684636118,25.56,5.27182,1.1332431369598333,1408778.0,3162501376.0
SYM,2025-11-27 16:23:50,0.9545822102425876,87.3,12.9512,2.5435115096775576,2240028.0,51750776832.0
TER,2025-11-27 16:23:50,0.8487870619946092,179.38,6.98396,0.991242681597686,3775585.0,28534611968.0
TEVA,2025-11-27 16:23:50,0.7690026954177898,26.32,5.32213,1.643266991934531,11163517.0,30196475904.0
TSEM,2025-11-27 16:23:50,0.8815363881401617,103.46,5.5725,1.6832005534673733,1402070.0,11600328704.0
URBN,2025-11-27 16:23:50,0.9640161725067384,77.56,13.5412,4.546889087017087,2201717.0,6956969984.0
VERA,2025-11-27 16:23:50,0.9142857142857144,33.33,13.2518,2.0360297219993475,1566651.0,2130722432.0
WSC,2025-11-27 16:23:50,0.7714285714285714,20.18,4.77674,2.407138293520073,3011392.0,3674275328.0
ZYME,2025-11-27 16:23:50,0.7803234501347709,27.33,4.39266,1.973723142968813,1107857.0,2069848064.0
AA,2025-11-27 16:48:05,0.7896505376344085,41.57,6.04592,1.1263496212871054,6789312.0,10765134848.0
AAUC,2025-11-27 16:48:05,0.8491935483870967,19.21,9.95993,1.1767382070520434,347729.0,2382039808.0
ALAB,2025-11-27 16:48:05,0.7673387096774194,154.22,6.52024,0.822120743134666,6308251.0,26048315392.0
ANF,2025-11-27 16:48:05,0.8870967741935484,95.14,5.42997,2.338948691518678,2038279.0,4532785152.0
ARMN,2025-11-27 16:48:05,0.740994623655914,14.02,6.85976,1.0110255957757566,1722628.0,2856803328.0
ARWR,2025-11-27 16:48:05,0.9565860215053764,57.71,23.3383,2.959194781262793,2386631.0,7978843136.0
ASML,2025-11-27 16:48:05,0.7813172043010753,1040.97,3.76288,0.9998390114155542,1571540.0,404050083840.0
ATMU,2025-11-27 16:48:05,0.9051075268817204,51.04,6.26692,3.4957543676574545,712968.0,4193037312.0
BBAR,2025-11-27 16:48:05,0.812768817204301,15.92,10.7093,1.133741617093709,1475771.0,3666923776.0
BE,2025-11-27 16:48:05,0.7733870967741935,101.14,7.26482,0.8811704963631413,15047189.0,23920697344.0
BMA,2025-11-27 16:48:05,0.8525537634408602,82.21,7.4781,1.0225915362868752,801185.0,5256617472.0
BMNR,2025-11-27 16:48:05,0.7810483870967743,31.74,9.789,1.0886932511341982,44759595.0,12190312448.0
BURL,2025-11-27 16:48:05,0.8716397849462364,260.65,4.40617,1.6806157039151264,1073503.0,16401924096.0
CIFR,2025-11-27 16:48:05,0.7420698924731183,19.15,9.30365,1.0795348490135428,52304393.0,7566012928.0
CLSK,2025-11-27 16:48:05,0.8217741935483871,13.45,13.7902,2.0903752068297985,33470153.0,3595666176.0
COIN,2025-11-27 16:48:05,0.7739247311827958,264.97,4.26964,0.9885861583303052,9626382.0,71447519232.0
CRDO,2025-11-27 16:48:05,0.7709677419354839,164.01,6.37567,0.8363945736344021,6195528.0,28373008384.0
DELL,2025-11-27 16:48:05,0.8875,133.26,5.82909,2.0634147097851683,7932434.0,89600442368.0
DUOL,2025-11-27 16:48:05,0.913978494623656,188.43,7.20869,1.3737204156613996,1950145.0,8710620160.0
ECG,2025-11-27 16:48:05,0.778494623655914,90.71,3.72785,1.2336408438686703,486379.0,4626806272.0
ETOR,2025-11-27 16:48:05,0.8190860215053763,41.98,5.18667,1.4155801354287352,1183353.0,3513893632.0
EWTX,2025-11-27 16:48:05,0.8071236559139785,25.52,6.06817,1.2595181554285098,1037596.0,2701762560.0
FBIN,2025-11-27 16:48:05,0.7401881720430108,51.51,3.87174,1.1394550559034364,1606073.0,6188326912.0
FLNC,2025-11-27 16:48:05,0.7967741935483871,18.99,13.2379,1.0754803555916277,7693207.0,3472675328.0
FN,2025-11-27 16:48:05,0.8608870967741935,449.06,4.5079,1.2891814690804533,634356.0,16088565760.0
HNGE,2025-11-27 16:48:05,0.7696236559139784,50.05,3.68759,1.7948120400450838,1508300.0,3939906816.0
HOOD,2025-11-27 16:48:05,0.8823924731182795,128.2,10.9284,1.3138446071057803,35711826.0,115276013568.0
ICLR,2025-11-27 16:48:05,0.8833333333333334,183.65,5.22546,1.5996517400108283,1008442.0,14282851328.0
KLIC,2025-11-27 16:48:05,0.7408602150537633,44.96,3.21395,2.7658855600519026,519434.0,2354240512.0
KSS,2025-11-27 16:48:05,0.8555107526881721,24.1,7.49331,3.231827319786216,5710440.0,2700999936.0
LITE,2025-11-27 16:48:05,0.8264784946236559,308.28,5.83995,0.9457053733347294,4288417.0,21860933632.0
MESO,2025-11-27 16:48:05,0.8646505376344087,17.37,8.15692,1.803568749112882,246585.0,2236313600.0
MODG,2025-11-27 16:48:05,0.8213709677419355,12.72,8.81096,1.6989049065082702,2517228.0,2338999808.0
NBIX,2025-11-27 16:48:05,0.8995967741935484,151.58,5.60859,1.7754304024330636,957476.0,15113390080.0
ODD,2025-11-27 16:48:05,0.809274193548387,43.04,4.23831,2.052076834884421,780635.0,2472169216.0
OLMA,2025-11-27 16:48:05,0.8288978494623656,28.12,7.86345,1.2451151363402817,3298915.0,2254096896.0
OSCR,2025-11-27 16:48:05,0.7559139784946236,18.16,8.54752,1.1073495005098293,17530375.0,5229302272.0
PAAS,2025-11-27 16:48:05,0.8157258064516129,42.59,7.85008,1.0889669279077867,6540318.0,17974982656.0
PI,2025-11-27 16:48:05,0.7623655913978495,172.81,4.48636,0.9109141967024024,556587.0,5203159040.0
PKX,2025-11-27 16:48:05,0.8470430107526882,54.96,5.20673,1.4475280266750827,145754.0,16624471040.0
PTCT,2025-11-27 16:48:05,0.8483870967741935,86.25,4.00338,7.275015409153667,1507221.0,6924866048.0
RCUS,2025-11-27 16:48:05,0.7559139784946236,25.56,5.27182,1.1332431369598333,1408778.0,3162501376.0
SYM,2025-11-27 16:48:05,0.9547043010752688,87.3,12.9512,2.5435115096775576,2240028.0,51750776832.0
TER,2025-11-27 16:48:05,0.8501344086021505,179.38,6.98396,0.991242681597686,3775585.0,28534611968.0
TEVA,2025-11-27 16:48:05,0.7711021505376344,26.32,5.32213,1.643266991934531,11163517.0,30196475904.0
TSEM,2025-11-27 16:48:05,0.8827956989247312,103.46,5.5725,1.6832005534673733,1402070.0,11600328704.0
URBN,2025-11-27 16:48:05,0.9641129032258065,77.56,13.5412,4.546889087017087,2201717.0,6956969984.0
VERA,2025-11-27 16:48:05,0.9149193548387096,33.33,13.2518,2.0360297219993475,1566651.0,2130722432.0
WSC,2025-11-27 16:48:05,0.7728494623655914,20.18,4.77674,2.407138293520073,3011392.0,3674275328.0
ZYME,2025-11-27 16:48:05,0.7823924731182795,27.33,4.39266,1.973723142968813,1107857.0,2069848064.0
AA,2025-11-27 16:48:06,0.7896505376344085,41.57,6.04592,1.1263496212871054,6789312.0,10765134848.0
AAUC,2025-11-27 16:48:06,0.8491935483870967,19.21,9.95993,1.1767382070520434,347729.0,2382039808.0
ALAB,2025-11-27 16:48:06,0.7673387096774194,154.22,6.52024,0.822120743134666,6308251.0,26048315392.0
ANF,2025-11-27 16:48:06,0.8870967741935484,95.14,5.42997,2.338948691518678,2038279.0,4532785152.0
ARMN,2025-11-27 16:48:06,0.740994623655914,14.02,6.85976,1.0110255957757566,1722628.0,2856803328.0
ARWR,2025-11-27 16:48:06,0.9565860215053764,57.71,23.3383,2.959194781262793,2386631.0,7978843136.0
ASML,2025-11-27 16:48:06,0.7813172043010753,1040.97,3.76288,0.9998390114155542,1571540.0,404050083840.0
ATMU,2025-11-27 16:48:06,0.9051075268817204,51.04,6.26692,3.4957543676574545,712968.0,4193037312.0
BBAR,2025-11-27 16:48:06,0.812768817204301,15.92,10.7093,1.133741617093709,1475771.0,3666923776.0
BE,2025-11-27 16:48:06,0.7733870967741935,101.14,7.26482,0.8811704963631413,15047189.0,23920697344.0
BMA,2025-11-27 16:48:06,0.8525537634408602,82.21,7.4781,1.0225915362868752,801185.0,5256617472.0
BMNR,2025-11-27 16:48:06,0.7810483870967743,31.74,9.789,1.0886932511341982,44759595.0,12190312448.0
BURL,2025-11-27 16:48:06,0.8716397849462364,260.65,4.40617,1.6806157039151264,1073503.0,16401924096.0
CIFR,2025-11-27 16:48:06,0.7420698924731183,19.15,9.30365,1.0795348490135428,52304393.0,7566012928.0
CLSK,2025-11-27 16:48:06,0.8217741935483871,13.45,13.7902,2.0903752068297985,33470153.0,3595666176.0
COIN,2025-11-27 16:48:06,0.7739247311827958,264.97,4.26964,0.9885861583303052,9626382.0,71447519232.0
CRDO,2025-11-27 16:48:06,0.7709677419354839,164.01,6.37567,0.8363945736344021,6195528.0,28373008384.0
DELL,2025-11-27 16:48:06,0.8875,133.26,5.82909,2.0634147097851683,7932434.0,89600442368.0
DUOL,2025-11-27 16:48:06,0.913978494623656,188.43,7.20869,1.3737204156613996,1950145.0,8710620160.0
ECG,2025-11-27 16:48:06,0.778494623655914,90.71,3.72785,1.2336408438686703,486379.0,4626806272.0
ETOR,2025-11-27 16:48:06,0.8190860215053763,41.98,5.18667,1.4155801354287352,1183353.0,3513893632.0
EWTX,2025-11-27 16:48:06,0.8071236559139785,25.52,6.06817,1.2595181554285098,1037596.0,2701762560.0
FBIN,2025-11-27 16:48:06,0.7401881720430108,51.51,3.87174,1.1394550559034364,1606073.0,6188326912.0
FLNC,2025-11-27 16:48:06,0.7967741935483871,18.99,13.2379,1.0754803555916277,7693207.0,3472675328.0
FN,2025-11-27 16:48:06,0.8608870967741935,449.06,4.5079,1.2891814690804533,634356.0,16088565760.0
HNGE,2025-11-27 16:48:06,0.7696236559139784,50.05,3.68759,1.7948120400450838,1508300.0,3939906816.0
HOOD,2025-11-27 16:48:06,0.8823924731182795,128.2,10.9284,1.3138446071057803,35711826.0,115276013568.0
ICLR,2025-11-27 16:48:06,0.8833333333333334,183.65,5.22546,1.5996517400108283,1008442.0,14282851328.0
KLIC,2025-11-27 16:48:06,0.7408602150537633,44.96,3.21395,2.7658855600519026,519434.0,2354240512.0
KSS,2025-11-27 16:48:06,0.8555107526881721,24.1,7.49331,3.231827319786216,5710440.0,2700999936.0
LITE,2025-11-27 16:48:06,0.8264784946236559,308.28,5.83995,0.9457053733347294,4288417.0,21860933632.0
MESO,2025-11-27 16:48:06,0.8646505376344087,17.37,8.15692,1.803568749112882,246585.0,2236313600.0
MODG,2025-11-27 16:48:06,0.8213709677419355,12.72,8.81096,1.6989049065082702,2517228.0,2338999808.0
NBIX,2025-11-27 16:48:06,0.8995967741935484,151.58,5.60859,1.7754304024330636,957476.0,15113390080.0
ODD,2025-11-27 16:48:06,0.809274193548387,43.04,4.23831,2.052076834884421,780635.0,2472169216.0
OLMA,2025-11-27 16:48:06,0.8288978494623656,28.12,7.86345,1.2451151363402817,3298915.0,2254096896.0
OSCR,2025-11-27 16:48:06,0.7559139784946236,18.16,8.54752,1.1073495005098293,17530375.0,5229302272.0
PAAS,2025-11-27 16:48:06,0.8157258064516129,42.59,7.85008,1.0889669279077867,6540318.0,17974982656.0
PI,2025-11-27 16:48:06,0.7623655913978495,172.81,4.48636,0.9109141967024024,556587.0,5203159040.0
PKX,2025-11-27 16:48:06,0.8470430107526882,54.96,5.20673,1.4475280266750827,145754.0,16624471040.0
PTCT,2025-11-27 16:48:06,0.8483870967741935,86.25,4.00338,7.275015409153667,1507221.0,6924866048.0
RCUS,2025-11-27 16:48:06,0.7559139784946236,25.56,5.27182,1.1332431369598333,1408778.0,3162501376.0
SYM,2025-11-27 16:48:06,0.9547043010752688,87.3,12.9512,2.5435115096775576,2240028.0,51750776832.0
TER,2025-11-27 16:48:06,0.8501344086021505,179.38,6.98396,0.991242681597686,3775585.0,28534611968.0
TEVA,2025-11-27 16:48:06,0.7711021505376344,26.32,5.32213,1.643266991934531,11163517.0,30196475904.0
TSEM,2025-11-27 16:48:06,0.8827956989247312,103.46,5.5725,1.6832005534673733,1402070.0,11600328704.0
URBN,2025-11-27 16:48:06,0.9641129032258065,77.56,13.5412,4.546889087017087,2201717.0,6956969984.0
VERA,2025-11-27 16:48:06,0.9149193548387096,33.33,13.2518,2.0360297219993475,1566651.0,2130722432.0
WSC,2025-11-27 16:48:06,0.7728494623655914,20.18,4.77674,2.407138293520073,3011392.0,3674275328.0
ZYME,2025-11-27 16:48:06,0.7823924731182795,27.33,4.39266,1.973723142968813,1107857.0,2069848064.0
AA,2025-11-27 17:16:41,0.7896505376344085,41.57,6.04592,1.1263496212871054,6789312.0,10765134848.0
AAUC,2025-11-27 17:16:41,0.8491935483870967,19.21,9.95993,1.1767382070520434,347729.0,2382039808.0
ALAB,2025-11-27 17:16:41,0.7673387096774194,154.22,6.52024,0.822120743134666,6308251.0,26048315392.0
ANF,2025-11-27 17:16:41,0.8870967741935484,95.14,5.42997,2.338948691518678,2038279.0,4532785152.0
ARMN,2025-11-27 17:16:41,0.740994623655914,14.02,6.85976,1.0110255957757566,1722628.0,2856803328.0
ARWR,2025-11-27 17:16:41,0.9565860215053764,57.71,23.3383,2.959194781262793,2386631.0,7978843136.0
ASML,2025-11-27 17:16:41,0.7813172043010753,1040.97,3.76288,0.9998390114155542,1571540.0,404050083840.0
ATMU,2025-11-27 17:16:41,0.9051075268817204,51.04,6.26692,3.4957543676574545,712968.0,4193037312.0
BBAR,2025-11-27 17:16:41,0.812768817204301,15.92,10.7093,1.133741617093709,1475771.0,3666923776.0
BE,2025-11-27 17:16:41,0.7733870967741935,101.14,7.26482,0.8811704963631413,15047189.0,23920697344.0
BMA,2025-11-27 17:16:41,0.8525537634408602,82.21,7.4781,1.0225915362868752,801185.0,5256617472.0
BMNR,2025-11-27 17:16:41,0.7810483870967743,31.74,9.789,1.0886932511341982,44759595.0,12190312448.0
BURL,2025-11-27 17:16:41,0.8716397849462364,260.65,4.40617,1.6806157039151264,1073503.0,16401924096.0
CIFR,2025-11-27 17:16:41,0.7420698924731183,19.15,9.30365,1.0795348490135428,52304393.0,7566012928.0
CLSK,2025-11-27 17:16:41,0.8217741935483871,13.45,13.7902,2.0903752068297985,33470153.0,3595666176.0
COIN,2025-11-27 17:16:41,0.7739247311827958,264.97,4.26964,0.9885861583303052,9626382.0,71447519232.0
CRDO,2025-11-27 17:16:41,0.7709677419354839,164.01,6.37567,0.8363945736344021,6195528.0,28373008384.0
DELL,2025-11-27 17:16:41,0.8875,133.26,5.82909,2.0634147097851683,7932434.0,89600442368.0
DUOL,2025-11-27 17:16:41,0.913978494623656,188.43,7.20869,1.3737204156613996,1950145.0,8710620160.0
ECG,2025-11-27 17:16:41,0.778494623655914,90.71,3.72785,1.2336408438686703,486379.0,4626806272.0
ETOR,2025-11-27 17:16:41,0.8190860215053763,41.98,5.18667,1.4155801354287352,1183353.0,3513893632.0
EWTX,2025-11-27 17:16:41,0.8071236559139785,25.52,6.06817,1.2595181554285098,1037596.0,2701762560.0
FBIN,2025-11-27 17:16:41,0.7401881720430108,51.51,3.87174,1.1394550559034364,1606073.0,6188326912.0
FLNC,2025-11-27 17:16:41,0.7967741935483871,18.99,13.2379,1.0754803555916277,7693207.0,3472675328.0
FN,2025-11-27 17:16:41,0.8608870967741935,449.06,4.5079,1.2891814690804533,634356.0,16088565760.0
HNGE,2025-11-27 17:16:41,0.7696236559139784,50.05,3.68759,1.7948120400450838,1508300.0,3939906816.0
HOOD,2025-11-27 17:16:41,0.8823924731182795,128.2,10.9284,1.3138446071057803,35711826.0,115276013568.0
ICLR,2025-11-27 17:16:41,0.8833333333333334,183.65,5.22546,1.5996517400108283,1008442.0,14282851328.0
KLIC,2025-11-27 17:16:41,0.7408602150537633,44.96,3.21395,2.7658855600519026,519434.0,2354240512.0
KSS,2025-11-27 17:16:41,0.8555107526881721,24.1,7.49331,3.231827319786216,5710440.0,2700999936.0
LITE,2025-11-27 17:16:41,0.8264784946236559,308.28,5.83995,0.9457053733347294,4288417.0,21860933632.0
MESO,2025-11-27 17:16:41,0.8646505376344087,17.37,8.15692,1.803568749112882,246585.0,2236313600.0
MODG,2025-11-27 17:16:41,0.8213709677419355,12.72,8.81096,1.6989049065082702,2517228.0,2338999808.0
NBIX,2025-11-27 17:16:41,0.8995967741935484,151.58,5.60859,1.7754304024330636,957476.0,15113390080.0
ODD,2025-11-27 17:16:41,0.809274193548387,43.04,4.23831,2.052076834884421,780635.0,2472169216.0
OLMA,2025-11-27 17:16:41,0.8288978494623656,28.12,7.86345,1.2451151363402817,3298915.0,2254096896.0
OSCR,2025-11-27 17:16:41,0.7559139784946236,18.16,8.54752,1.1073495005098293,17530375.0,5229302272.0
PAAS,2025-11-27 17:16:41,0.8157258064516129,42.59,7.85008,1.0889669279077867,6540318.0,17974982656.0
PI,2025-11-27 17:16:41,0.7623655913978495,172.81,4.48636,0.9109141967024024,556587.0,5203159040.0
PKX,2025-11-27 17:16:41,0.8470430107526882,54.96,5.20673,1.4475280266750827,145754.0,16624471040.0
PTCT,2025-11-27 17:16:41,0.8483870967741935,86.25,4.00338,7.275015409153667,1507221.0,6924866048.0
RCUS,2025-11-27 17:16:41,0.7559139784946236,25.56,5.27182,1.1332431369598333,1408778.0,3162501376.0
SYM,2025-11-27 17:16:41,0.9547043010752688,87.3,12.9512,2.5435115096775576,2240028.0,51750776832.0
TER,2025-11-27 17:16:41,0.8501344086021505,179.38,6.98396,0.991242681597686,3775585.0,28534611968.0
TEVA,2025-11-27 17:16:41,0.7711021505376344,26.32,5.32213,1.643266991934531,11163517.0,30196475904.0
TSEM,2025-11-27 17:16:41,0.8827956989247312,103.46,5.5725,1.6832005534673733,1402070.0,11600328704.0
URBN,2025-11-27 17:16:41,0.9641129032258065,77.56,13.5412,4.546889087017087,2201717.0,6956969984.0
VERA,2025-11-27 17:16:41,0.9149193548387096,33.33,13.2518,2.0360297219993475,1566651.0,2130722432.0
WSC,2025-11-27 17:16:41,0.7728494623655914,20.18,4.77674,2.407138293520073,3011392.0,3674275328.0
ZYME,2025-11-27 17:16:41,0.7823924731182795,27.33,4.39266,1.973723142968813,1107857.0,2069848064.0
AA,2025-11-27 17:40:06,0.7896505376344085,41.57,6.04592,1.1263496212871054,6789312.0,10765134848.0
AAUC,2025-11-27 17:40:06,0.8491935483870967,19.21,9.95993,1.1767382070520434,347729.0,2382039808.0
ALAB,2025-11-27 17:40:06,0.7673387096774194,154.22,6.52024,0.822120743134666,6308251.0,26048315392.0
ANF,2025-11-27 17:40:06,0.8870967741935484,95.14,5.42997,2.338948691518678,2038279.0,4532785152.0
ARMN,2025-11-27 17:40:06,0.740994623655914,14.02,6.85976,1.0110255957757566,1722628.0,2856803328.0
ARWR,2025-11-27 17:40:06,0.9565860215053764,57.71,23.3383,2.959194781262793,2386631.0,7978843136.0
ASML,2025-11-27 17:40:06,0.7813172043010753,1040.97,3.76288,0.9998390114155542,1571540.0,404050083840.0
ATMU,2025-11-27 17:40:06,0.9051075268817204,51.04,6.26692,3.4957543676574545,712968.0,4193037312.0
BBAR,2025-11-27 17:40:06,0.812768817204301,15.92,10.7093,1.133741617093709,1475771.0,3666923776.0
BE,2025-11-27 17:40:06,0.7733870967741935,101.14,7.26482,0.8811704963631413,15047189.0,23920697344.0
BMA,2025-11-27 17:40:06,0.8525537634408602,82.21,7.4781,1.0225915362868752,801185.0,5256617472.0
BMNR,2025-11-27 17:40:06,0.7810483870967743,31.74,9.789,1.0886932511341982,44759595.0,12190312448.0
BURL,2025-11-27 17:40:06,0.8716397849462364,260.65,4.40617,1.6806157039151264,1073503.0,16401924096.0
CIFR,2025-11-27 17:40:06,0.7420698924731183,19.15,9.30365,1.0795348490135428,52304393.0,7566012928.0
CLSK,2025-11-27 17:40:06,0.8217741935483871,13.45,13.7902,2.0903752068297985,33470153.0,3595666176.0
COIN,2025-11-27 17:40:06,0.7739247311827958,264.97,4.26964,0.9885861583303052,9626382.0,71447519232.0
CRDO,2025-11-27 17:40:06,0.7709677419354839,164.01,6.37567,0.8363945736344021,6195528.0,28373008384.0
DELL,2025-11-27 17:40:06,0.8875,133.26,5.82909,2.0634147097851683,7932434.0,89600442368.0
DUOL,2025-11-27 17:40:06,0.913978494623656,188.43,7.20869,1.3737204156613996,1950145.0,8710620160.0
ECG,2025-11-27 17:40:06,0.778494623655914,90.71,3.72785,1.2336408438686703,486379.0,4626806272.0
ETOR,2025-11-27 17:40:06,0.8190860215053763,41.98,5.18667,1.4155801354287352,1183353.0,3513893632.0
EWTX,2025-11-27 17:40:06,0.8071236559139785,25.52,6.06817,1.2595181554285098,1037596.0,2701762560.0
FBIN,2025-11-27 17:40:06,0.7401881720430108,51.51,3.87174,1.1394550559034364,1606073.0,6188326912.0
FLNC,2025-11-27 17:40:06,0.7967741935483871,18.99,13.2379,1.0754803555916277,7693207.0,3472675328.0
FN,2025-11-27 17:40:06,0.8608870967741935,449.06,4.5079,1.2891814690804533,634356.0,16088565760.0
HNGE,2025-11-27 17:40:06,0.7696236559139784,50.05,3.68759,1.7948120400450838,1508300.0,3939906816.0
HOOD,2025-11-27 17:40:06,0.8823924731182795,128.2,10.9284,1.3138446071057803,35711826.0,115276013568.0
ICLR,2025-11-27 17:40:06,0.8833333333333334,183.65,5.22546,1.5996517400108283,1008442.0,14282851328.0
KLIC,2025-11-27 17:40:06,0.7408602150537633,44.96,3.21395,2.7658855600519026,519434.0,2354240512.0
KSS,2025-11-27 17:40:06,0.8555107526881721,24.1,7.49331,3.231827319786216,5710440.0,2700999936.0
LITE,2025-11-27 17:40:06,0.8264784946236559,308.28,5.83995,0.9457053733347294,4288417.0,21860933632.0
MESO,2025-11-27 17:40:06,0.8646505376344087,17.37,8.15692,1.803568749112882,246585.0,2236313600.0
MODG,2025-11-27 17:40:06,0.8213709677419355,12.72,8.81096,1.6989049065082702,2517228.0,2338999808.0
NBIX,2025-11-27 17:40:06,0.8995967741935484,151.58,5.60859,1.7754304024330636,957476.0,15113390080.0
ODD,2025-11-27 17:40:06,0.809274193548387,43.04,4.23831,2.052076834884421,780635.0,2472169216.0
OLMA,2025-11-27 17:40:06,0.8288978494623656,28.12,7.86345,1.2451151363402817,3298915.0,2254096896.0
OSCR,2025-11-27 17:40:06,0.7559139784946236,18.16,8.54752,1.1073495005098293,17530375.0,5229302272.0
PAAS,2025-11-27 17:40:06,0.8157258064516129,42.59,7.85008,1.0889669279077867,6540318.0,17974982656.0
PI,2025-11-27 17:40:06,0.7623655913978495,172.81,4.48636,0.9109141967024024,556587.0,5203159040.0
PKX,2025-11-27 17:40:06,0.8470430107526882,54.96,5.20673,1.4475280266750827,145754.0,16624471040.0
PTCT,2025-11-27 17:40:06,0.8483870967741935,86.25,4.00338,7.275015409153667,1507221.0,6924866048.0
RCUS,2025-11-27 17:40:06,0.7559139784946236,25.56,5.27182,1.1332431369598333,1408778.0,3162501376.0
SYM,2025-11-27 17:40:06,0.9547043010752688,87.3,12.9512,2.5435115096775576,2240028.0,51750776832.0
TER,2025-11-27 17:40:06,0.8501344086021505,179.38,6.98396,0.991242681597686,3775585.0,28534611968.0
TEVA,2025-11-27 17:40:06,0.7711021505376344,26.32,5.32213,1.643266991934531,11163517.0,30196475904.0
TSEM,2025-11-27 17:40:06,0.8827956989247312,103.46,5.5725,1.6832005534673733,1402070.0,11600328704.0
URBN,2025-11-27 17:40:06,0.9641129032258065,77.56,13.5412,4.546889087017087,2201717.0,6956969984.0
VERA,2025-11-27 17:40:06,0.9149193548387096,33.33,13.2518,2.0360297219993475,1566651.0,2130722432.0
WSC,2025-11-27 17:40:06,0.7728494623655914,20.18,4.77674,2.407138293520073,3011392.0,3674275328.0
ZYME,2025-11-27 17:40:06,0.7823924731182795,27.33,4.39266,1.973723142968813,1107857.0,2069848064.0
AA,2025-11-27 17:50:52,0.7896505376344085,41.57,6.04592,1.1263496212871054,6789312.0,10765134848.0
AAUC,2025-11-27 17:50:52,0.8491935483870967,19.21,9.95993,1.1767382070520434,347729.0,2382039808.0
ALAB,2025-11-27 17:50:52,0.7673387096774194,154.22,6.52024,0.822120743134666,6308251.0,26048315392.0
ANF,2025-11-27 17:50:52,0.8870967741935484,95.14,5.42997,2.338948691518678,2038279.0,4532785152.0
ARMN,2025-11-27 17:50:52,0.740994623655914,14.02,6.85976,1.0110255957757566,1722628.0,2856803328.0
ARWR,2025-11-27 17:50:52,0.9565860215053764,57.71,23.3383,2.959194781262793,2386631.0,7978843136.0
ASML,2025-11-27 17:50:52,0.7813172043010753,1040.97,3.76288,0.9998390114155542,1571540.0,404050083840.0
ATMU,2025-11-27 17:50:52,0.9051075268817204,51.04,6.26692,3.4957543676574545,712968.0,4193037312.0
BBAR,2025-11-27 17:50:52,0.812768817204301,15.92,10.7093,1.133741617093709,1475771.0,3666923776.0
BE,2025-11-27 17:50:52,0.7733870967741935,101.14,7.26482,0.8811704963631413,15047189.0,23920697344.0
BMA,2025-11-27 17:50:52,0.8525537634408602,82.21,7.4781,1.0225915362868752,801185.0,5256617472.0
BMNR,2025-11-27 17:50:52,0.7810483870967743,31.74,9.789,1.0886932511341982,44759595.0,12190312448.0
BURL,2025-11-27 17:50:52,0.8716397849462364,260.65,4.40617,1.6806157039151264,1073503.0,16401924096.0
CIFR,2025-11-27 17:50:52,0.7420698924731183,19.15,9.30365,1.0795348490135428,52304393.0,7566012928.0
CLSK,2025-11-27 17:50:52,0.8217741935483871,13.45,13.7902,2.0903752068297985,33470153.0,3595666176.0
COIN,2025-11-27 17:50:52,0.7739247311827958,264.97,4.26964,0.9885861583303052,9626382.0,71447519232.0
CRDO,2025-11-27 17:50:52,0.7709677419354839,164.01,6.37567,0.8363945736344021,6195528.0,28373008384.0
DELL,2025-11-27 17:50:52,0.8875,133.26,5.82909,2.0634147097851683,7932434.0,89600442368.0
DUOL,2025-11-27 17:50:52,0.913978494623656,188.43,7.20869,1.3737204156613996,1950145.0,8710620160.0
ECG,2025-11-27 17:50:52,0.778494623655914,90.71,3.72785,1.2336408438686703,486379.0,4626806272.0
ETOR,2025-11-27 17:50:52,0.8190860215053763,41.98,5.18667,1.4155801354287352,1183353.0,3513893632.0
EWTX,2025-11-27 17:50:52,0.8071236559139785,25.52,6.06817,1.2595181554285098,1037596.0,2701762560.0
FBIN,2025-11-27 17:50:52,0.7401881720430108,51.51,3.87174,1.1394550559034364,1606073.0,6188326912.0
FLNC,2025-11-27 17:50:52,0.7967741935483871,18.99,13.2379,1.0754803555916277,7693207.0,3472675328.0
FN,2025-11-27 17:50:52,0.8608870967741935,449.06,4.5079,1.2891814690804533,634356.0,16088565760.0
HNGE,2025-11-27 17:50:52,0.7696236559139784,50.05,3.68759,1.7948120400450838,1508300.0,3939906816.0
HOOD,2025-11-27 17:50:52,0.8823924731182795,128.2,10.9284,1.3138446071057803,35711826.0,115276013568.0
ICLR,2025-11-27 17:50:52,0.8833333333333334,183.65,5.22546,1.5996517400108283,1008442.0,14282851328.0
KLIC,2025-11-27 17:50:52,0.7408602150537633,44.96,3.21395,2.7658855600519026,519434.0,2354240512.0
KSS,2025-11-27 17:50:52,0.8555107526881721,24.1,7.49331,3.231827319786216,5710440.0,2700999936.0
LITE,2025-11-27 17:50:52,0.8264784946236559,308.28,5.83995,0.9457053733347294,4288417.0,21860933632.0
MESO,2025-11-27 17:50:52,0.8646505376344087,17.37,8.15692,1.803568749112882,246585.0,2236313600.0
MODG,2025-11-27 17:50:52,0.8213709677419355,12.72,8.81096,1.6989049065082702,2517228.0,2338999808.0
NBIX,2025-11-27 17:50:52,0.8995967741935484,151.58,5.60859,1.7754304024330636,957476.0,15113390080.0
ODD,2025-11-27 17:50:52,0.809274193548387,43.04,4.23831,2.052076834884421,780635.0,2472169216.0
OLMA,2025-11-27 17:50:52,0.8288978494623656,28.12,7.86345,1.2451151363402817,3298915.0,2254096896.0
OSCR,2025-11-27 17:50:52,0.7559139784946236,18.16,8.54752,1.1073495005098293,17530375.0,5229302272.0
PAAS,2025-11-27 17:50:52,0.8157258064516129,42.59,7.85008,1.0889669279077867,6540318.0,17974982656.0
PI,2025-11-27 17:50:52,0.7623655913978495,172.81,4.48636,0.9109141967024024,556587.0,5203159040.0
PKX,2025-11-27 17:50:52,0.8470430107526882,54.96,5.20673,1.4475280266750827,145754.0,16624471040.0
PTCT,2025-11-27 17:50:52,0.8483870967741935,86.25,4.00338,7.275015409153667,1507221.0,6924866048.0
RCUS,2025-11-27 17:50:52,0.7559139784946236,25.56,5.27182,1.1332431369598333,1408778.0,3162501376.0
SYM,2025-11-27 17:50:52,0.9547043010752688,87.3,12.9512,2.5435115096775576,2240028.0,51750776832.0
TER,2025-11-27 17:50:52,0.8501344086021505,179.38,6.98396,0.991242681597686,3775585.0,28534611968.0
TEVA,2025-11-27 17:50:52,0.7711021505376344,26.32,5.32213,1.643266991934531,11163517.0,30196475904.0
TSEM,2025-11-27 17:50:52,0.8827956989247312,103.46,5.5725,1.6832005534673733,1402070.0,11600328704.0
URBN,2025-11-27 17:50:52,0.9641129032258065,77.56,13.5412,4.546889087017087,2201717.0,6956969984.0
VERA,2025-11-27 17:50:52,0.9149193548387096,33.33,13.2518,2.0360297219993475,1566651.0,2130722432.0
WSC,2025-11-27 17:50:52,0.7728494623655914,20.18,4.77674,2.407138293520073,3011392.0,3674275328.0
ZYME,2025-11-27 17:50:52,0.7823924731182795,27.33,4.39266,1.973723142968813,1107857.0,2069848064.0
AA,2025-11-27 18:26:38,0.7878706199460916,41.57,6.04592,1.1263496212871054,6789312.0,10765134848.0
AAUC,2025-11-27 18:26:38,0.847843665768194,19.21,9.95993,1.1767382070520434,347729.0,2382039808.0
ALAB,2025-11-27 18:26:38,0.7648247978436657,154.22,6.52024,0.822120743134666,6308251.0,26048315392.0
ANF,2025-11-27 18:26:38,0.8867924528301887,95.14,5.42997,2.338948691518678,2038279.0,4532785152.0
ARMN,2025-11-27 18:26:38,0.738544474393531,14.02,6.85976,1.0110255957757566,1722628.0,2856803328.0
ARWR,2025-11-27 18:26:38,0.9564690026954176,57.71,23.3383,2.959194781262793,2386631.0,7978843136.0
ASML,2025-11-27 18:26:38,0.7797843665768195,1040.97,3.76288,0.9998390114155542,1571540.0,404050083840.0
ATMU,2025-11-27 18:26:38,0.9048517520215632,51.04,6.26692,3.4957543676574545,712968.0,4193037312.0
BBAR,2025-11-27 18:26:38,0.8115902964959568,15.92,10.7093,1.133741617093709,1475771.0,3666923776.0
BE,2025-11-27 18:26:38,0.7706199460916442,101.14,7.26482,0.8811704963631413,15047189.0,23920697344.0
BMA,2025-11-27 18:26:38,0.8502695417789757,82.21,7.4781,1.0225915362868752,801185.0,5256617472.0
BMNR,2025-11-27 18:26:38,0.7797843665768194,31.74,9.789,1.0886932511341982,44759595.0,12190312448.0
BURL,2025-11-27 18:26:38,0.8703504043126685,260.65,4.40617,1.6806157039151264,1073503.0,16401924096.0
CIFR,2025-11-27 18:26:38,0.7407008086253369,19.15,9.30365,1.0795348490135428,52304393.0,7566012928.0
CLSK,2025-11-27 18:26:38,0.8206199460916442,13.45,13.7902,2.0903752068297985,33470153.0,3595666176.0
COIN,2025-11-27 18:26:38,0.7723719676549865,264.97,4.26964,0.9885861583303052,9626382.0,71447519232.0
CRDO,2025-11-27 18:26:38,0.7684636118598382,164.01,6.37567,0.8363945736344021,6195528.0,28373008384.0
DELL,2025-11-27 18:26:38,0.8867924528301887,133.26,5.82909,2.0634147097851683,7932434.0,89600442368.0
DUOL,2025-11-27 18:26:38,0.9128032345013476,188.43,7.20869,1.3737204156613996,1950145.0,8710620160.0
ECG,2025-11-27 18:26:38,0.776954177897574,90.71,3.72785,1.2336408438686703,486379.0,4626806272.0
ETOR,2025-11-27 18:26:38,0.817654986522911,41.98,5.18667,1.4155801354287352,1183353.0,3513893632.0
EWTX,2025-11-27 18:26:38,0.8056603773584906,25.52,6.06817,1.2595181554285098,1037596.0,2701762560.0
FBIN,2025-11-27 18:26:38,0.7385444743935311,51.51,3.87174,1.1394550559034364,1606073.0,6188326912.0
FLNC,2025-11-27 18:26:38,0.7952830188679245,18.99,13.2379,1.0754803555916277,7693207.0,3472675328.0
FN,2025-11-27 18:26:38,0.8595687331536388,449.06,4.5079,1.2891814690804533,634356.0,16088565760.0
HNGE,2025-11-27 18:26:38,0.7680592991913746,50.05,3.68759,1.7948120400450838,1508300.0,3939906816.0
HOOD,2025-11-27 18:26:38,0.8808625336927224,128.2,10.9284,1.3138446071057803,35711826.0,115276013568.0
ICLR,2025-11-27 18:26:38,0.8820754716981132,183.65,5.22546,1.5996517400108283,1008442.0,14282851328.0
KLIC,2025-11-27 18:26:38,0.7401617250673854,44.96,3.21395,2.7658855600519026,519434.0,2354240512.0
KSS,2025-11-27 18:26:38,0.855121293800539,24.1,7.49331,3.231827319786216,5710440.0,2700999936.0
LITE,2025-11-27 18:26:38,0.8250673854447439,308.28,5.83995,0.9457053733347294,4288417.0,21860933632.0
MESO,2025-11-27 18:26:38,0.8628032345013478,17.37,8.15692,1.803568749112882,246585.0,2236313600.0
MODG,2025-11-27 18:26:38,0.8191374663072777,12.72,8.81096,1.6989049065082702,2517228.0,2338999808.0
NBIX,2025-11-27 18:26:38,0.8983827493261456,151.58,5.60859,1.7754304024330636,957476.0,15113390080.0
ODD,2025-11-27 18:26:38,0.8078167115902966,43.04,4.23831,2.052076834884421,780635.0,2472169216.0
OLMA,2025-11-27 18:26:38,0.8274932614555256,28.12,7.86345,1.2451151363402817,3298915.0,2254096896.0
OSCR,2025-11-27 18:26:38,0.7543126684636119,18.16,8.54752,1.1073495005098293,17530375.0,5229302272.0
PAAS,2025-11-27 18:26:38,0.8140161725067385,42.59,7.85008,1.0889669279077867,6540318.0,17974982656.0
PI,2025-11-27 18:26:38,0.7607816711590296,172.81,4.48636,0.9109141967024024,556587.0,5203159040.0
PKX,2025-11-27 18:26:38,0.8456873315363882,54.96,5.20673,1.4475280266750827,145754.0,16624471040.0
PTCT,2025-11-27 18:26:38,0.8479784366576819,86.25,4.00338,7.275015409153667,1507221.0,6924866048.0
RCUS,2025-11-27 18:26:38,0.7543126684636118,25.56,5.27182,1.1332431369598333,1408778.0,3162501376.0
SYM,2025-11-27 18:26:38,0.9545822102425876,87.3,12.9512,2.5435115096775576,2240028.0,51750776832.0
TER,2025-11-27 18:26:38,0.8487870619946092,179.38,6.98396,0.991242681597686,3775585.0,28534611968.0
TEVA,2025-11-27 18:26:38,0.7690026954177898,26.32,5.32213,1.643266991934531,11163517.0,30196475904.0
TSEM,2025-11-27 18:26:38,0.8815363881401617,103.46,5.5725,1.6832005534673733,1402070.0,11600328704.0
URBN,2025-11-27 18:26:38,0.9640161725067384,77.56,13.5412,4.546889087017087,2201717.0,6956969984.0
VERA,2025-11-27 18:26:38,0.9142857142857144,33.33,13.2518,2.0360297219993475,1566651.0,2130722432.0
WSC,2025-11-27 18:26:38,0.7714285714285714,20.18,4.77674,2.407138293520073,3011392.0,3674275328.0
ZYME,2025-11-27 18:26:38,0.7803234501347709,27.33,4.39266,1.973723142968813,1107857.0,2069848064.0
AA,2025-11-27 18:49:39,0.7896505376344085,41.57,6.04592,1.1263496212871054,6789312.0,10765134848.0
AAUC,2025-11-27 18:49:39,0.8491935483870967,19.21,9.95993,1.1767382070520434,347729.0,2382039808.0
ALAB,2025-11-27 18:49:39,0.7673387096774194,154.22,6.52024,0.822120743134666,6308251.0,26048315392.0
ANF,2025-11-27 18:49:39,0.8870967741935484,95.14,5.42997,2.338948691518678,2038279.0,4532785152.0
ARMN,2025-11-27 18:49:39,0.740994623655914,14.02,6.85976,1.0110255957757566,1722628.0,2856803328.0
ARWR,2025-11-27 18:49:39,0.9565860215053764,57.71,23.3383,2.959194781262793,2386631.0,7978843136.0
ASML,2025-11-27 18:49:39,0.7813172043010753,1040.97,3.76288,0.9998390114155542,1571540.0,404050083840.0
ATMU,2025-11-27 18:49:39,0.9051075268817204,51.04,6.26692,3.4957543676574545,712968.0,4193037312.0
BBAR,2025-11-27 18:49:39,0.812768817204301,15.92,10.7093,1.133741617093709,1475771.0,3666923776.0
BE,2025-11-27 18:49:39,0.7733870967741935,101.14,7.26482,0.8811704963631413,15047189.0,23920697344.0
BMA,2025-11-27 18:49:39,0.8525537634408602,82.21,7.4781,1.0225915362868752,801185.0,5256617472.0
BMNR,2025-11-27 18:49:39,0.7810483870967743,31.74,9.789,1.0886932511341982,44759595.0,12190312448.0
BURL,2025-11-27 18:49:39,0.8716397849462364,260.65,4.40617,1.6806157039151264,1073503.0,16401924096.0
CIFR,2025-11-27 18:49:39,0.7420698924731183,19.15,9.30365,1.0795348490135428,52304393.0,7566012928.0
CLSK,2025-11-27 18:49:39,0.8217741935483871,13.45,13.7902,2.0903752068297985,33470153.0,3595666176.0
COIN,2025-11-27 18:49:39,0.7739247311827958,264.97,4.26964,0.9885861583303052,9626382.0,71447519232.0
CRDO,2025-11-27 18:49:39,0.7709677419354839,164.01,6.37567,0.8363945736344021,6195528.0,28373008384.0
DELL,2025-11-27 18:49:39,0.8875,133.26,5.82909,2.0634147097851683,7932434.0,89600442368.0
DUOL,2025-11-27 18:49:39,0.913978494623656,188.43,7.20869,1.3737204156613996,1950145.0,8710620160.0
ECG,2025-11-27 18:49:39,0.778494623655914,90.71,3.72785,1.2336408438686703,486379.0,4626806272.0
ETOR,2025-11-27 18:49:39,0.8190860215053763,41.98,5.18667,1.4155801354287352,1183353.0,3513893632.0
EWTX,2025-11-27 18:49:39,0.8071236559139785,25.52,6.06817,1.2595181554285098,1037596.0,2701762560.0
FBIN,2025-11-27 18:49:39,0.7401881720430108,51.51,3.87174,1.1394550559034364,1606073.0,6188326912.0
FLNC,2025-11-27 18:49:39,0.7967741935483871,18.99,13.2379,1.0754803555916277,7693207.0,3472675328.0
FN,2025-11-27 18:49:39,0.8608870967741935,449.06,4.5079,1.2891814690804533,634356.0,16088565760.0
HNGE,2025-11-27 18:49:39,0.7696236559139784,50.05,3.68759,1.7948120400450838,1508300.0,3939906816.0
HOOD,2025-11-27 18:49:39,0.8823924731182795,128.2,10.9284,1.3138446071057803,35711826.0,115276013568.0
ICLR,2025-11-27 18:49:39,0.8833333333333334,183.65,5.22546,1.5996517400108283,1008442.0,14282851328.0
KLIC,2025-11-27 18:49:39,0.7408602150537633,44.96,3.21395,2.7658855600519026,519434.0,2354240512.0
KSS,2025-11-27 18:49:39,0.8555107526881721,24.1,7.49331,3.231827319786216,5710440.0,2700999936.0
LITE,2025-11-27 18:49:39,0.8264784946236559,308.28,5.83995,0.9457053733347294,4288417.0,21860933632.0
MESO,2025-11-27 18:49:39,0.8646505376344087,17.37,8.15692,1.803568749112882,246585.0,2236313600.0
MODG,2025-11-27 18:49:39,0.8213709677419355,12.72,8.81096,1.6989049065082702,2517228.0,2338999808.0
NBIX,2025-11-27 18:49:39,0.8995967741935484,151.58,5.60859,1.7754304024330636,957476.0,15113390080.0
ODD,2025-11-27 18:49:39,0.809274193548387,43.04,4.23831,2.052076834884421,780635.0,2472169216.0
OLMA,2025-11-27 18:49:39,0.8288978494623656,28.12,7.86345,1.2451151363402817,3298915.0,2254096896.0
OSCR,2025-11-27 18:49:39,0.7559139784946236,18.16,8.54752,1.1073495005098293,17530375.0,5229302272.0
PAAS,2025-11-27 18:49:39,0.8157258064516129,42.59,7.85008,1.0889669279077867,6540318.0,17974982656.0
PI,2025-11-27 18:49:39,0.7623655913978495,172.81,4.48636,0.9109141967024024,556587.0,5203159040.0
PKX,2025-11-27 18:49:39,0.8470430107526882,54.96,5.20673,1.4475280266750827,145754.0,16624471040.0
PTCT,2025-11-27 18:49:39,0.8483870967741935,86.25,4.00338,7.275015409153667,1507221.0,6924866048.0
RCUS,2025-11-27 18:49:39,0.7559139784946236,25.56,5.27182,1.1332431369598333,1408778.0,3162501376.0
SYM,2025-11-27 18:49:39,0.9547043010752688,87.3,12.9512,2.5435115096775576,2240028.0,51750776832.0
TER,2025-11-27 18:49:39,0.8501344086021505,179.38,6.98396,0.991242681597686,3775585.0,28534611968.0
TEVA,2025-11-27 18:49:39,0.7711021505376344,26.32,5.32213,1.643266991934531,11163517.0,30196475904.0
TSEM,2025-11-27 18:49:39,0.8827956989247312,103.46,5.5725,1.6832005534673733,1402070.0,11600328704.0
URBN,2025-11-27 18:49:39,0.9641129032258065,77.56,13.5412,4.546889087017087,2201717.0,6956969984.0
VERA,2025-11-27 18:49:39,0.9149193548387096,33.33,13.2518,2.0360297219993475,1566651.0,2130722432.0
WSC,2025-11-27 18:49:39,0.7728494623655914,20.18,4.77674,2.407138293520073,3011392.0,3674275328.0
ZYME,2025-11-27 18:49:39,0.7823924731182795,27.33,4.39266,1.973723142968813,1107857.0,2069848064.0
AA,2025-11-27 18:49:40,0.7896505376344085,41.57,6.04592,1.1263496212871054,6789312.0,10765134848.0
AAUC,2025-11-27 18:49:40,0.8491935483870967,19.21,9.95993,1.1767382070520434,347729.0,2382039808.0
ALAB,2025-11-27 18:49:40,0.7673387096774194,154.22,6.52024,0.822120743134666,6308251.0,26048315392.0
ANF,2025-11-27 18:49:40,0.8870967741935484,95.14,5.42997,2.338948691518678,2038279.0,4532785152.0
ARMN,2025-11-27 18:49:40,0.740994623655914,14.02,6.85976,1.0110255957757566,1722628.0,2856803328.0
ARWR,2025-11-27 18:49:40,0.9565860215053764,57.71,23.3383,2.959194781262793,2386631.0,7978843136.0
ASML,2025-11-27 18:49:40,0.7813172043010753,1040.97,3.76288,0.9998390114155542,1571540.0,404050083840.0
ATMU,2025-11-27 18:49:40,0.9051075268817204,51.04,6.26692,3.4957543676574545,712968.0,4193037312.0
BBAR,2025-11-27 18:49:40,0.812768817204301,15.92,10.7093,1.133741617093709,1475771.0,3666923776.0
BE,2025-11-27 18:49:40,0.7733870967741935,101.14,7.26482,0.8811704963631413,15047189.0,23920697344.0
BMA,2025-11-27 18:49:40,0.8525537634408602,82.21,7.4781,1.0225915362868752,801185.0,5256617472.0
BMNR,2025-11-27 18:49:40,0.7810483870967743,31.74,9.789,1.0886932511341982,44759595.0,12190312448.0
BURL,2025-11-27 18:49:40,0.8716397849462364,260.65,4.40617,1.6806157039151264,1073503.0,16401924096.0
CIFR,2025-11-27 18:49:40,0.7420698924731183,19.15,9.30365,1.0795348490135428,52304393.0,7566012928.0
CLSK,2025-11-27 18:49:40,0.8217741935483871,13.45,13.7902,2.0903752068297985,33470153.0,3595666176.0
COIN,2025-11-27 18:49:40,0.7739247311827958,264.97,4.26964,0.9885861583303052,9626382.0,71447519232.0
CRDO,2025-11-27 18:49:40,0.7709677419354839,164.01,6.37567,0.8363945736344021,6195528.0,28373008384.0
DELL,2025-11-27 18:49:40,0.8875,133.26,5.82909,2.0634147097851683,7932434.0,89600442368.0
DUOL,2025-11-27 18:49:40,0.913978494623656,188.43,7.20869,1.3737204156613996,1950145.0,8710620160.0
ECG,2025-11-27 18:49:40,0.778494623655914,90.71,3.72785,1.2336408438686703,486379.0,4626806272.0
ETOR,2025-11-27 18:49:40,0.8190860215053763,41.98,5.18667,1.4155801354287352,1183353.0,3513893632.0
EWTX,2025-11-27 18:49:40,0.8071236559139785,25.52,6.06817,1.2595181554285098,1037596.0,2701762560.0
FBIN,2025-11-27 18:49:40,0.7401881720430108,51.51,3.87174,1.1394550559034364,1606073.0,6188326912.0
FLNC,2025-11-27 18:49:40,0.7967741935483871,18.99,13.2379,1.0754803555916277,7693207.0,3472675328.0
FN,2025-11-27 18:49:40,0.8608870967741935,449.06,4.5079,1.2891814690804533,634356.0,16088565760.0
HNGE,2025-11-27 18:49:40,0.7696236559139784,50.05,3.68759,1.7948120400450838,1508300.0,3939906816.0
HOOD,2025-11-27 18:49:40,0.8823924731182795,128.2,10.9284,1.3138446071057803,35711826.0,115276013568.0
ICLR,2025-11-27 18:49:40,0.8833333333333334,183.65,5.22546,1.5996517400108283,1008442.0,14282851328.0
KLIC,2025-11-27 18:49:40,0.7408602150537633,44.96,3.21395,2.7658855600519026,519434.0,2354240512.0
KSS,2025-11-27 18:49:40,0.8555107526881721,24.1,7.49331,3.231827319786216,5710440.0,2700999936.0
LITE,2025-11-27 18:49:40,0.8264784946236559,308.28,5.83995,0.9457053733347294,4288417.0,21860933632.0
MESO,2025-11-27 18:49:40,0.8646505376344087,17.37,8.15692,1.803568749112882,246585.0,2236313600.0
MODG,2025-11-27 18:49:40,0.8213709677419355,12.72,8.81096,1.6989049065082702,2517228.0,2338999808.0
NBIX,2025-11-27 18:49:40,0.8995967741935484,151.58,5.60859,1.7754304024330636,957476.0,15113390080.0
ODD,2025-11-27 18:49:40,0.809274193548387,43.04,4.23831,2.052076834884421,780635.0,2472169216.0
OLMA,2025-11-27 18:49:40,0.8288978494623656,28.12,7.86345,1.2451151363402817,3298915.0,2254096896.0
OSCR,2025-11-27 18:49:40,0.7559139784946236,18.16,8.54752,1.1073495005098293,17530375.0,5229302272.0
PAAS,2025-11-27 18:49:40,0.8157258064516129,42.59,7.85008,1.0889669279077867,6540318.0,17974982656.0
PI,2025-11-27 18:49:40,0.7623655913978495,172.81,4.48636,0.9109141967024024,556587.0,5203159040.0
PKX,2025-11-27 18:49:40,0.8470430107526882,54.96,5.20673,1.4475280266750827,145754.0,16624471040.0
PTCT,2025-11-27 18:49:40,0.8483870967741935,86.25,4.00338,7.275015409153667,1507221.0,6924866048.0
RCUS,2025-11-27 18:49:40,0.7559139784946236,25.56,5.27182,1.1332431369598333,1408778.0,3162501376.0
SYM,2025-11-27 18:49:40,0.9547043010752688,87.3,12.9512,2.5435115096775576,2240028.0,51750776832.0
TER,2025-11-27 18:49:40,0.8501344086021505,179.38,6.98396,0.991242681597686,3775585.0,28534611968.0
TEVA,2025-11-27 18:49:40,0.7711021505376344,26.32,5.32213,1.643266991934531,11163517.0,30196475904.0
TSEM,2025-11-27 18:49:40,0.8827956989247312,103.46,5.5725,1.6832005534673733,1402070.0,11600328704.0
URBN,2025-11-27 18:49:40,0.9641129032258065,77.56,13.5412,4.546889087017087,2201717.0,6956969984.0
VERA,2025-11-27 18:49:40,0.9149193548387096,33.33,13.2518,2.0360297219993475,1566651.0,2130722432.0
WSC,2025-11-27 18:49:40,0.7728494623655914,20.18,4.77674,2.407138293520073,3011392.0,3674275328.0
ZYME,2025-11-27 18:49:40,0.7823924731182795,27.33,4.39266,1.973723142968813,1107857.0,2069848064.0
AA,2025-11-27 19:15:18,0.7896505376344085,41.57,6.04592,1.1263496212871054,6789312.0,10765134848.0
AAUC,2025-11-27 19:15:18,0.8491935483870967,19.21,9.95993,1.1767382070520434,347729.0,2382039808.0
ALAB,2025-11-27 19:15:18,0.7673387096774194,154.22,6.52024,0.822120743134666,6308251.0,26048315392.0
ANF,2025-11-27 19:15:18,0.8870967741935484,95.14,5.42997,2.338948691518678,2038279.0,4532785152.0
ARMN,2025-11-27 19:15:18,0.740994623655914,14.02,6.85976,1.0110255957757566,1722628.0,2856803328.0
ARWR,2025-11-27 19:15:18,0.9565860215053764,57.71,23.3383,2.959194781262793,2386631.0,7978843136.0
ASML,2025-11-27 19:15:18,0.7813172043010753,1040.97,3.76288,0.9998390114155542,1571540.0,404050083840.0
ATMU,2025-11-27 19:15:18,0.9051075268817204,51.04,6.26692,3.4957543676574545,712968.0,4193037312.0
BBAR,2025-11-27 19:15:18,0.812768817204301,15.92,10.7093,1.133741617093709,1475771.0,3666923776.0
BE,2025-11-27 19:15:18,0.7733870967741935,101.14,7.26482,0.8811704963631413,15047189.0,23920697344.0
BMA,2025-11-27 19:15:18,0.8525537634408602,82.21,7.4781,1.0225915362868752,801185.0,5256617472.0
BMNR,2025-11-27 19:15:18,0.7810483870967743,31.74,9.789,1.0886932511341982,44759595.0,12190312448.0
BURL,2025-11-27 19:15:18,0.8716397849462364,260.65,4.40617,1.6806157039151264,1073503.0,16401924096.0
CIFR,2025-11-27 19:15:18,0.7420698924731183,19.15,9.30365,1.0795348490135428,52304393.0,7566012928.0
CLSK,2025-11-27 19:15:18,0.8217741935483871,13.45,13.7902,2.0903752068297985,33470153.0,3595666176.0
COIN,2025-11-27 19:15:18,0.7739247311827958,264.97,4.26964,0.9885861583303052,9626382.0,71447519232.0
CRDO,2025-11-27 19:15:18,0.7709677419354839,164.01,6.37567,0.8363945736344021,6195528.0,28373008384.0
DELL,2025-11-27 19:15:18,0.8875,133.26,5.82909,2.0634147097851683,7932434.0,89600442368.0
DUOL,2025-11-27 19:15:18,0.913978494623656,188.43,7.20869,1.3737204156613996,1950145.0,8710620160.0
ECG,2025-11-27 19:15:18,0.778494623655914,90.71,3.72785,1.2336408438686703,486379.0,4626806272.0
ETOR,2025-11-27 19:15:18,0.8190860215053763,41.98,5.18667,1.4155801354287352,1183353.0,3513893632.0
EWTX,2025-11-27 19:15:18,0.8071236559139785,25.52,6.06817,1.2595181554285098,1037596.0,2701762560.0
FBIN,2025-11-27 19:15:18,0.7401881720430108,51.51,3.87174,1.1394550559034364,1606073.0,6188326912.0
FLNC,2025-11-27 19:15:18,0.7967741935483871,18.99,13.2379,1.0754803555916277,7693207.0,3472675328.0
FN,2025-11-27 19:15:18,0.8608870967741935,449.06,4.5079,1.2891814690804533,634356.0,16088565760.0
HNGE,2025-11-27 19:15:18,0.7696236559139784,50.05,3.68759,1.7948120400450838,1508300.0,3939906816.0
HOOD,2025-11-27 19:15:18,0.8823924731182795,128.2,10.9284,1.3138446071057803,35711826.0,115276013568.0
ICLR,2025-11-27 19:15:18,0.8833333333333334,183.65,5.22546,1.5996517400108283,1008442.0,14282851328.0
KLIC,2025-11-27 19:15:18,0.7408602150537633,44.96,3.21395,2.7658855600519026,519434.0,2354240512.0
KSS,2025-11-27 19:15:18,0.8555107526881721,24.1,7.49331,3.231827319786216,5710440.0,2700999936.0
LITE,2025-11-27 19:15:18,0.8264784946236559,308.28,5.83995,0.9457053733347294,4288417.0,21860933632.0
MESO,2025-11-27 19:15:18,0.8646505376344087,17.37,8.15692,1.803568749112882,246585.0,2236313600.0
MODG,2025-11-27 19:15:18,0.8213709677419355,12.72,8.81096,1.6989049065082702,2517228.0,2338999808.0
NBIX,2025-11-27 19:15:18,0.8995967741935484,151.58,5.60859,1.7754304024330636,957476.0,15113390080.0
ODD,2025-11-27 19:15:18,0.809274193548387,43.04,4.23831,2.052076834884421,780635.0,2472169216.0
OLMA,2025-11-27 19:15:18,0.8288978494623656,28.12,7.86345,1.2451151363402817,3298915.0,2254096896.0
OSCR,2025-11-27 19:15:18,0.7559139784946236,18.16,8.54752,1.1073495005098293,17530375.0,5229302272.0
PAAS,2025-11-27 19:15:18,0.8157258064516129,42.59,7.85008,1.0889669279077867,6540318.0,17974982656.0
PI,2025-11-27 19:15:18,0.7623655913978495,172.81,4.48636,0.9109141967024024,556587.0,5203159040.0
PKX,2025-11-27 19:15:18,0.8470430107526882,54.96,5.20673,1.4475280266750827,145754.0,16624471040.0
PTCT,2025-11-27 19:15:18,0.8483870967741935,86.25,4.00338,7.275015409153667,1507221.0,6924866048.0
RCUS,2025-11-27 19:15:18,0.7559139784946236,25.56,5.27182,1.1332431369598333,1408778.0,3162501376.0
SYM,2025-11-27 19:15:18,0.9547043010752688,87.3,12.9512,2.5435115096775576,2240028.0,51750776832.0
TER,2025-11-27 19:15:18,0.8501344086021505,179.38,6.98396,0.991242681597686,3775585.0,28534611968.0
TEVA,2025-11-27 19:15:18,0.7711021505376344,26.32,5.32213,1.643266991934531,11163517.0,30196475904.0
TSEM,2025-11-27 19:15:18,0.8827956989247312,103.46,5.5725,1.6832005534673733,1402070.0,11600328704.0
URBN,2025-11-27 19:15:18,0.9641129032258065,77.56,13.5412,4.546889087017087,2201717.0,6956969984.0
VERA,2025-11-27 19:15:18,0.9149193548387096,33.33,13.2518,2.0360297219993475,1566651.0,2130722432.0
WSC,2025-11-27 19:15:18,0.7728494623655914,20.18,4.77674,2.407138293520073,3011392.0,3674275328.0
ZYME,2025-11-27 19:15:18,0.7823924731182795,27.33,4.39266,1.973723142968813,1107857.0,2069848064.0
AA,2025-11-27 19:15:19,0.7896505376344085,41.57,6.04592,1.1263496212871054,6789312.0,10765134848.0
AAUC,2025-11-27 19:15:19,0.8491935483870967,19.21,9.95993,1.1767382070520434,347729.0,2382039808.0
ALAB,2025-11-27 19:15:19,0.7673387096774194,154.22,6.52024,0.822120743134666,6308251.0,26048315392.0
ANF,2025-11-27 19:15:19,0.8870967741935484,95.14,5.42997,2.338948691518678,2038279.0,4532785152.0
ARMN,2025-11-27 19:15:19,0.740994623655914,14.02,6.85976,1.0110255957757566,1722628.0,2856803328.0
ARWR,2025-11-27 19:15:19,0.9565860215053764,57.71,23.3383,2.959194781262793,2386631.0,7978843136.0
ASML,2025-11-27 19:15:19,0.7813172043010753,1040.97,3.76288,0.9998390114155542,1571540.0,404050083840.0
ATMU,2025-11-27 19:15:19,0.9051075268817204,51.04,6.26692,3.4957543676574545,712968.0,4193037312.0
BBAR,2025-11-27 19:15:19,0.812768817204301,15.92,10.7093,1.133741617093709,1475771.0,3666923776.0
BE,2025-11-27 19:15:19,0.7733870967741935,101.14,7.26482,0.8811704963631413,15047189.0,23920697344.0
BMA,2025-11-27 19:15:19,0.8525537634408602,82.21,7.4781,1.0225915362868752,801185.0,5256617472.0
BMNR,2025-11-27 19:15:19,0.7810483870967743,31.74,9.789,1.0886932511341982,44759595.0,12190312448.0
BURL,2025-11-27 19:15:19,0.8716397849462364,260.65,4.40617,1.6806157039151264,1073503.0,16401924096.0
CIFR,2025-11-27 19:15:19,0.7420698924731183,19.15,9.30365,1.0795348490135428,52304393.0,7566012928.0
CLSK,2025-11-27 19:15:19,0.8217741935483871,13.45,13.7902,2.0903752068297985,33470153.0,3595666176.0
COIN,2025-11-27 19:15:19,0.7739247311827958,264.97,4.26964,0.9885861583303052,9626382.0,71447519232.0
CRDO,2025-11-27 19:15:19,0.7709677419354839,164.01,6.37567,0.8363945736344021,6195528.0,28373008384.0
DELL,2025-11-27 19:15:19,0.8875,133.26,5.82909,2.0634147097851683,7932434.0,89600442368.0
DUOL,2025-11-27 19:15:19,0.913978494623656,188.43,7.20869,1.3737204156613996,1950145.0,8710620160.0
ECG,2025-11-27 19:15:19,0.778494623655914,90.71,3.72785,1.2336408438686703,486379.0,4626806272.0
ETOR,2025-11-27 19:15:19,0.8190860215053763,41.98,5.18667,1.4155801354287352,1183353.0,3513893632.0
EWTX,2025-11-27 19:15:19,0.8071236559139785,25.52,6.06817,1.2595181554285098,1037596.0,2701762560.0
FBIN,2025-11-27 19:15:19,0.7401881720430108,51.51,3.87174,1.1394550559034364,1606073.0,6188326912.0
FLNC,2025-11-27 19:15:19,0.7967741935483871,18.99,13.2379,1.0754803555916277,7693207.0,3472675328.0
FN,2025-11-27 19:15:19,0.8608870967741935,449.06,4.5079,1.2891814690804533,634356.0,16088565760.0
HNGE,2025-11-27 19:15:19,0.7696236559139784,50.05,3.68759,1.7948120400450838,1508300.0,3939906816.0
HOOD,2025-11-27 19:15:19,0.8823924731182795,128.2,10.9284,1.3138446071057803,35711826.0,115276013568.0
ICLR,2025-11-27 19:15:19,0.8833333333333334,183.65,5.22546,1.5996517400108283,1008442.0,14282851328.0
KLIC,2025-11-27 19:15:19,0.7408602150537633,44.96,3.21395,2.7658855600519026,519434.0,2354240512.0
KSS,2025-11-27 19:15:19,0.8555107526881721,24.1,7.49331,3.231827319786216,5710440.0,2700999936.0
LITE,2025-11-27 19:15:19,0.8264784946236559,308.28,5.83995,0.9457053733347294,4288417.0,21860933632.0
MESO,2025-11-27 19:15:19,0.8646505376344087,17.37,8.15692,1.803568749112882,246585.0,2236313600.0
MODG,2025-11-27 19:15:19,0.8213709677419355,12.72,8.81096,1.6989049065082702,2517228.0,2338999808.0
NBIX,2025-11-27 19:15:19,0.8995967741935484,151.58,5.60859,1.7754304024330636,957476.0,15113390080.0
ODD,2025-11-27 19:15:19,0.809274193548387,43.04,4.23831,2.052076834884421,780635.0,2472169216.0
OLMA,2025-11-27 19:15:19,0.8288978494623656,28.12,7.86345,1.2451151363402817,3298915.0,2254096896.0
OSCR,2025-11-27 19:15:19,0.7559139784946236,18.16,8.54752,1.1073495005098293,17530375.0,5229302272.0
PAAS,2025-11-27 19:15:19,0.8157258064516129,42.59,7.85008,1.0889669279077867,6540318.0,17974982656.0
PI,2025-11-27 19:15:19,0.7623655913978495,172.81,4.48636,0.9109141967024024,556587.0,5203159040.0
PKX,2025-11-27 19:15:19,0.8470430107526882,54.96,5.20673,1.4475280266750827,145754.0,16624471040.0
PTCT,2025-11-27 19:15:19,0.8483870967741935,86.25,4.00338,7.275015409153667,1507221.0,6924866048.0
RCUS,2025-11-27 19:15:19,0.7559139784946236,25.56,5.27182,1.1332431369598333,1408778.0,3162501376.0
SYM,2025-11-27 19:15:19,0.9547043010752688,87.3,12.9512,2.5435115096775576,2240028.0,51750776832.0
TER,2025-11-27 19:15:19,0.8501344086021505,179.38,6.98396,0.991242681597686,3775585.0,28534611968.0
TEVA,2025-11-27 19:15:19,0.7711021505376344,26.32,5.32213,1.643266991934531,11163517.0,30196475904.0
TSEM,2025-11-27 19:15:19,0.8827956989247312,103.46,5.5725,1.6832005534673733,1402070.0,11600328704.0
URBN,2025-11-27 19:15:19,0.9641129032258065,77.56,13.5412,4.546889087017087,2201717.0,6956969984.0
VERA,2025-11-27 19:15:19,0.9149193548387096,33.33,13.2518,2.0360297219993475,1566651.0,2130722432.0
WSC,2025-11-27 19:15:19,0.7728494623655914,20.18,4.77674,2.407138293520073,3011392.0,3674275328.0
ZYME,2025-11-27 19:15:19,0.7823924731182795,27.33,4.39266,1.973723142968813,1107857.0,2069848064.0
AA,2025-11-27 19:28:46,0.7896505376344085,41.57,6.04592,1.1263496212871054,6789312.0,10765134848.0
AAUC,2025-11-27 19:28:46,0.8491935483870967,19.21,9.95993,1.1767382070520434,347729.0,2382039808.0
ALAB,2025-11-27 19:28:46,0.7673387096774194,154.22,6.52024,0.822120743134666,6308251.0,26048315392.0
ANF,2025-11-27 19:28:46,0.8870967741935484,95.14,5.42997,2.338948691518678,2038279.0,4532785152.0
ARMN,2025-11-27 19:28:46,0.740994623655914,14.02,6.85976,1.0110255957757566,1722628.0,2856803328.0
ARWR,2025-11-27 19:28:46,0.9565860215053764,57.71,23.3383,2.959194781262793,2386631.0,7978843136.0
ASML,2025-11-27 19:28:46,0.7813172043010753,1040.97,3.76288,0.9998390114155542,1571540.0,404050083840.0
ATMU,2025-11-27 19:28:46,0.9051075268817204,51.04,6.26692,3.4957543676574545,712968.0,4193037312.0
BBAR,2025-11-27 19:28:46,0.812768817204301,15.92,10.7093,1.133741617093709,1475771.0,3666923776.0
BE,2025-11-27 19:28:46,0.7733870967741935,101.14,7.26482,0.8811704963631413,15047189.0,23920697344.0
BMA,2025-11-27 19:28:46,0.8525537634408602,82.21,7.4781,1.0225915362868752,801185.0,5256617472.0
BMNR,2025-11-27 19:28:46,0.7810483870967743,31.74,9.789,1.0886932511341982,44759595.0,12190312448.0
BURL,2025-11-27 19:28:46,0.8716397849462364,260.65,4.40617,1.6806157039151264,1073503.0,16401924096.0
CIFR,2025-11-27 19:28:46,0.7420698924731183,19.15,9.30365,1.0795348490135428,52304393.0,7566012928.0
CLSK,2025-11-27 19:28:46,0.8217741935483871,13.45,13.7902,2.0903752068297985,33470153.0,3595666176.0
COIN,2025-11-27 19:28:46,0.7739247311827958,264.97,4.26964,0.9885861583303052,9626382.0,71447519232.0
CRDO,2025-11-27 19:28:46,0.7709677419354839,164.01,6.37567,0.8363945736344021,6195528.0,28373008384.0
DELL,2025-11-27 19:28:46,0.8875,133.26,5.82909,2.0634147097851683,7932434.0,89600442368.0
DUOL,2025-11-27 19:28:46,0.913978494623656,188.43,7.20869,1.3737204156613996,1950145.0,8710620160.0
ECG,2025-11-27 19:28:46,0.778494623655914,90.71,3.72785,1.2336408438686703,486379.0,4626806272.0
ETOR,2025-11-27 19:28:46,0.8190860215053763,41.98,5.18667,1.4155801354287352,1183353.0,3513893632.0
EWTX,2025-11-27 19:28:46,0.8071236559139785,25.52,6.06817,1.2595181554285098,1037596.0,2701762560.0
FBIN,2025-11-27 19:28:46,0.7401881720430108,51.51,3.87174,1.1394550559034364,1606073.0,6188326912.0
FLNC,2025-11-27 19:28:46,0.7967741935483871,18.99,13.2379,1.0754803555916277,7693207.0,3472675328.0
FN,2025-11-27 19:28:46,0.8608870967741935,449.06,4.5079,1.2891814690804533,634356.0,16088565760.0
HNGE,2025-11-27 19:28:46,0.7696236559139784,50.05,3.68759,1.7948120400450838,1508300.0,3939906816.0
HOOD,2025-11-27 19:28:46,0.8823924731182795,128.2,10.9284,1.3138446071057803,35711826.0,115276013568.0
ICLR,2025-11-27 19:28:46,0.8833333333333334,183.65,5.22546,1.5996517400108283,1008442.0,14282851328.0
KLIC,2025-11-27 19:28:46,0.7408602150537633,44.96,3.21395,2.7658855600519026,519434.0,2354240512.0
KSS,2025-11-27 19:28:46,0.8555107526881721,24.1,7.49331,3.231827319786216,5710440.0,2700999936.0
LITE,2025-11-27 19:28:46,0.8264784946236559,308.28,5.83995,0.9457053733347294,4288417.0,21860933632.0
MESO,2025-11-27 19:28:46,0.8646505376344087,17.37,8.15692,1.803568749112882,246585.0,2236313600.0
MODG,2025-11-27 19:28:46,0.8213709677419355,12.72,8.81096,1.6989049065082702,2517228.0,2338999808.0
NBIX,2025-11-27 19:28:46,0.8995967741935484,151.58,5.60859,1.7754304024330636,957476.0,15113390080.0
ODD,2025-11-27 19:28:46,0.809274193548387,43.04,4.23831,2.052076834884421,780635.0,2472169216.0
OLMA,2025-11-27 19:28:46,0.8288978494623656,28.12,7.86345,1.2451151363402817,3298915.0,2254096896.0
OSCR,2025-11-27 19:28:46,0.7559139784946236,18.16,8.54752,1.1073495005098293,17530375.0,5229302272.0
PAAS,2025-11-27 19:28:46,0.8157258064516129,42.59,7.85008,1.0889669279077867,6540318.0,17974982656.0
PI,2025-11-27 19:28:46,0.7623655913978495,172.81,4.48636,0.9109141967024024,556587.0,5203159040.0
PKX,2025-11-27 19:28:46,0.8470430107526882,54.96,5.20673,1.4475280266750827,145754.0,16624471040.0
PTCT,2025-11-27 19:28:46,0.8483870967741935,86.25,4.00338,7.275015409153667,1507221.0,6924866048.0
RCUS,2025-11-27 19:28:46,0.7559139784946236,25.56,5.27182,1.1332431369598333,1408778.0,3162501376.0
SYM,2025-11-27 19:28:46,0.9547043010752688,87.3,12.9512,2.5435115096775576,2240028.0,51750776832.0
TER,2025-11-27 19:28:46,0.8501344086021505,179.38,6.98396,0.991242681597686,3775585.0,28534611968.0
TEVA,2025-11-27 19:28:46,0.7711021505376344,26.32,5.32213,1.643266991934531,11163517.0,30196475904.0
TSEM,2025-11-27 19:28:46,0.8827956989247312,103.46,5.5725,1.6832005534673733,1402070.0,11600328704.0
URBN,2025-11-27 19:28:46,0.9641129032258065,77.56,13.5412,4.546889087017087,2201717.0,6956969984.0
VERA,2025-11-27 19:28:46,0.9149193548387096,33.33,13.2518,2.0360297219993475,1566651.0,2130722432.0
WSC,2025-11-27 19:28:46,0.7728494623655914,20.18,4.77674,2.407138293520073,3011392.0,3674275328.0
ZYME,2025-11-27 19:28:46,0.7823924731182795,27.33,4.39266,1.973723142968813,1107857.0,2069848064.0
AA,2025-11-27 19:28:47,0.7896505376344085,41.57,6.04592,1.1263496212871054,6789312.0,10765134848.0
AAUC,2025-11-27 19:28:47,0.8491935483870967,19.21,9.95993,1.1767382070520434,347729.0,2382039808.0
ALAB,2025-11-27 19:28:47,0.7673387096774194,154.22,6.52024,0.822120743134666,6308251.0,26048315392.0
ANF,2025-11-27 19:28:47,0.8870967741935484,95.14,5.42997,2.338948691518678,2038279.0,4532785152.0
ARMN,2025-11-27 19:28:47,0.740994623655914,14.02,6.85976,1.0110255957757566,1722628.0,2856803328.0
ARWR,2025-11-27 19:28:47,0.9565860215053764,57.71,23.3383,2.959194781262793,2386631.0,7978843136.0
ASML,2025-11-27 19:28:47,0.7813172043010753,1040.97,3.76288,0.9998390114155542,1571540.0,404050083840.0
ATMU,2025-11-27 19:28:47,0.9051075268817204,51.04,6.26692,3.4957543676574545,712968.0,4193037312.0
BBAR,2025-11-27 19:28:47,0.812768817204301,15.92,10.7093,1.133741617093709,1475771.0,3666923776.0
BE,2025-11-27 19:28:47,0.7733870967741935,101.14,7.26482,0.8811704963631413,15047189.0,23920697344.0
BMA,2025-11-27 19:28:47,0.8525537634408602,82.21,7.4781,1.0225915362868752,801185.0,5256617472.0
BMNR,2025-11-27 19:28:47,0.7810483870967743,31.74,9.789,1.0886932511341982,44759595.0,12190312448.0
BURL,2025-11-27 19:28:47,0.8716397849462364,260.65,4.40617,1.6806157039151264,1073503.0,16401924096.0
CIFR,2025-11-27 19:28:47,0.7420698924731183,19.15,9.30365,1.0795348490135428,52304393.0,7566012928.0
CLSK,2025-11-27 19:28:47,0.8217741935483871,13.45,13.7902,2.0903752068297985,33470153.0,3595666176.0
COIN,2025-11-27 19:28:47,0.7739247311827958,264.97,4.26964,0.9885861583303052,9626382.0,71447519232.0
CRDO,2025-11-27 19:28:47,0.7709677419354839,164.01,6.37567,0.8363945736344021,6195528.0,28373008384.0
DELL,2025-11-27 19:28:47,0.8875,133.26,5.82909,2.0634147097851683,7932434.0,89600442368.0
DUOL,2025-11-27 19:28:47,0.913978494623656,188.43,7.20869,1.3737204156613996,1950145.0,8710620160.0
ECG,2025-11-27 19:28:47,0.778494623655914,90.71,3.72785,1.2336408438686703,486379.0,4626806272.0
ETOR,2025-11-27 19:28:47,0.8190860215053763,41.98,5.18667,1.4155801354287352,1183353.0,3513893632.0
EWTX,2025-11-27 19:28:47,0.8071236559139785,25.52,6.06817,1.2595181554285098,1037596.0,2701762560.0
FBIN,2025-11-27 19:28:47,0.7401881720430108,51.51,3.87174,1.1394550559034364,1606073.0,6188326912.0
FLNC,2025-11-27 19:28:47,0.7967741935483871,18.99,13.2379,1.0754803555916277,7693207.0,3472675328.0
FN,2025-11-27 19:28:47,0.8608870967741935,449.06,4.5079,1.2891814690804533,634356.0,16088565760.0
HNGE,2025-11-27 19:28:47,0.7696236559139784,50.05,3.68759,1.7948120400450838,1508300.0,3939906816.0
HOOD,2025-11-27 19:28:47,0.8823924731182795,128.2,10.9284,1.3138446071057803,35711826.0,115276013568.0
ICLR,2025-11-27 19:28:47,0.8833333333333334,183.65,5.22546,1.5996517400108283,1008442.0,14282851328.0
KLIC,2025-11-27 19:28:47,0.7408602150537633,44.96,3.21395,2.7658855600519026,519434.0,2354240512.0
KSS,2025-11-27 19:28:47,0.8555107526881721,24.1,7.49331,3.231827319786216,5710440.0,2700999936.0
LITE,2025-11-27 19:28:47,0.8264784946236559,308.28,5.83995,0.9457053733347294,4288417.0,21860933632.0
MESO,2025-11-27 19:28:47,0.8646505376344087,17.37,8.15692,1.803568749112882,246585.0,2236313600.0
MODG,2025-11-27 19:28:47,0.8213709677419355,12.72,8.81096,1.6989049065082702,2517228.0,2338999808.0
NBIX,2025-11-27 19:28:47,0.8995967741935484,151.58,5.60859,1.7754304024330636,957476.0,15113390080.0
ODD,2025-11-27 19:28:47,0.809274193548387,43.04,4.23831,2.052076834884421,780635.0,2472169216.0
OLMA,2025-11-27 19:28:47,0.8288978494623656,28.12,7.86345,1.2451151363402817,3298915.0,2254096896.0
OSCR,2025-11-27 19:28:47,0.7559139784946236,18.16,8.54752,1.1073495005098293,17530375.0,5229302272.0
PAAS,2025-11-27 19:28:47,0.8157258064516129,42.59,7.85008,1.0889669279077867,6540318.0,17974982656.0
PI,2025-11-27 19:28:47,0.7623655913978495,172.81,4.48636,0.9109141967024024,556587.0,5203159040.0
PKX,2025-11-27 19:28:47,0.8470430107526882,54.96,5.20673,1.4475280266750827,145754.0,16624471040.0
PTCT,2025-11-27 19:28:47,0.8483870967741935,86.25,4.00338,7.275015409153667,1507221.0,6924866048.0
RCUS,2025-11-27 19:28:47,0.7559139784946236,25.56,5.27182,1.1332431369598333,1408778.0,3162501376.0
SYM,2025-11-27 19:28:47,0.9547043010752688,87.3,12.9512,2.5435115096775576,2240028.0,51750776832.0
TER,2025-11-27 19:28:47,0.8501344086021505,179.38,6.98396,0.991242681597686,3775585.0,28534611968.0
TEVA,2025-11-27 19:28:47,0.7711021505376344,26.32,5.32213,1.643266991934531,11163517.0,30196475904.0
TSEM,2025-11-27 19:28:47,0.8827956989247312,103.46,5.5725,1.6832005534673733,1402070.0,11600328704.0
URBN,2025-11-27 19:28:47,0.9641129032258065,77.56,13.5412,4.546889087017087,2201717.0,6956969984.0
VERA,2025-11-27 19:28:47,0.9149193548387096,33.33,13.2518,2.0360297219993475,1566651.0,2130722432.0
WSC,2025-11-27 19:28:47,0.7728494623655914,20.18,4.77674,2.407138293520073,3011392.0,3674275328.0
ZYME,2025-11-27 19:28:47,0.7823924731182795,27.33,4.39266,1.973723142968813,1107857.0,2069848064.0
AA,2025-11-27 19:40:21,0.7878706199460916,41.57,6.04592,1.1263496212871054,6789312.0,10765134848.0
AAUC,2025-11-27 19:40:21,0.847843665768194,19.21,9.95993,1.1767382070520434,347729.0,2382039808.0
ALAB,2025-11-27 19:40:21,0.7648247978436657,154.22,6.52024,0.822120743134666,6308251.0,26048315392.0
ANF,2025-11-27 19:40:21,0.8867924528301887,95.14,5.42997,2.338948691518678,2038279.0,4532785152.0
ARMN,2025-11-27 19:40:21,0.738544474393531,14.02,6.85976,1.0110255957757566,1722628.0,2856803328.0
ARWR,2025-11-27 19:40:21,0.9564690026954176,57.71,23.3383,2.959194781262793,2386631.0,7978843136.0
ASML,2025-11-27 19:40:21,0.7797843665768195,1040.97,3.76288,0.9998390114155542,1571540.0,404050083840.0
ATMU,2025-11-27 19:40:21,0.9048517520215632,51.04,6.26692,3.4957543676574545,712968.0,4193037312.0
BBAR,2025-11-27 19:40:21,0.8115902964959568,15.92,10.7093,1.133741617093709,1475771.0,3666923776.0
BE,2025-11-27 19:40:21,0.7706199460916442,101.14,7.26482,0.8811704963631413,15047189.0,23920697344.0
BMA,2025-11-27 19:40:21,0.8502695417789757,82.21,7.4781,1.0225915362868752,801185.0,5256617472.0
BMNR,2025-11-27 19:40:21,0.7797843665768194,31.74,9.789,1.0886932511341982,44759595.0,12190312448.0
BURL,2025-11-27 19:40:21,0.8703504043126685,260.65,4.40617,1.6806157039151264,1073503.0,16401924096.0
CIFR,2025-11-27 19:40:21,0.7407008086253369,19.15,9.30365,1.0795348490135428,52304393.0,7566012928.0
CLSK,2025-11-27 19:40:21,0.8206199460916442,13.45,13.7902,2.0903752068297985,33470153.0,3595666176.0
COIN,2025-11-27 19:40:21,0.7723719676549865,264.97,4.26964,0.9885861583303052,9626382.0,71447519232.0
CRDO,2025-11-27 19:40:21,0.7684636118598382,164.01,6.37567,0.8363945736344021,6195528.0,28373008384.0
DELL,2025-11-27 19:40:21,0.8867924528301887,133.26,5.82909,2.0634147097851683,7932434.0,89600442368.0
DUOL,2025-11-27 19:40:21,0.9128032345013476,188.43,7.20869,1.3737204156613996,1950145.0,8710620160.0
ECG,2025-11-27 19:40:21,0.776954177897574,90.71,3.72785,1.2336408438686703,486379.0,4626806272.0
ETOR,2025-11-27 19:40:21,0.817654986522911,41.98,5.18667,1.4155801354287352,1183353.0,3513893632.0
EWTX,2025-11-27 19:40:21,0.8056603773584906,25.52,6.06817,1.2595181554285098,1037596.0,2701762560.0
FBIN,2025-11-27 19:40:21,0.7385444743935311,51.51,3.87174,1.1394550559034364,1606073.0,6188326912.0
FLNC,2025-11-27 19:40:21,0.7952830188679245,18.99,13.2379,1.0754803555916277,7693207.0,3472675328.0
FN,2025-11-27 19:40:21,0.8595687331536388,449.06,4.5079,1.2891814690804533,634356.0,16088565760.0
HNGE,2025-11-27 19:40:21,0.7680592991913746,50.05,3.68759,1.7948120400450838,1508300.0,3939906816.0
HOOD,2025-11-27 19:40:21,0.8808625336927224,128.2,10.9284,1.3138446071057803,35711826.0,115276013568.0
ICLR,2025-11-27 19:40:21,0.8820754716981132,183.65,5.22546,1.5996517400108283,1008442.0,14282851328.0
KLIC,2025-11-27 19:40:21,0.7401617250673854,44.96,3.21395,2.7658855600519026,519434.0,2354240512.0
KSS,2025-11-27 19:40:21,0.855121293800539,24.1,7.49331,3.231827319786216,5710440.0,2700999936.0
LITE,2025-11-27 19:40:21,0.8250673854447439,308.28,5.83995,0.9457053733347294,4288417.0,21860933632.0
MESO,2025-11-27 19:40:21,0.8628032345013478,17.37,8.15692,1.803568749112882,246585.0,2236313600.0
MODG,2025-11-27 19:40:21,0.8191374663072777,12.72,8.81096,1.6989049065082702,2517228.0,2338999808.0
NBIX,2025-11-27 19:40:21,0.8983827493261456,151.58,5.60859,1.7754304024330636,957476.0,15113390080.0
ODD,2025-11-27 19:40:21,0.8078167115902966,43.04,4.23831,2.052076834884421,780635.0,2472169216.0
OLMA,2025-11-27 19:40:21,0.8274932614555256,28.12,7.86345,1.2451151363402817,3298915.0,2254096896.0
OSCR,2025-11-27 19:40:21,0.7543126684636119,18.16,8.54752,1.1073495005098293,17530375.0,5229302272.0
PAAS,2025-11-27 19:40:21,0.8140161725067385,42.59,7.85008,1.0889669279077867,6540318.0,17974982656.0
PI,2025-11-27 19:40:21,0.7607816711590296,172.81,4.48636,0.9109141967024024,556587.0,5203159040.0
PKX,2025-11-27 19:40:21,0.8456873315363882,54.96,5.20673,1.4475280266750827,145754.0,16624471040.0
PTCT,2025-11-27 19:40:21,0.8479784366576819,86.25,4.00338,7.275015409153667,1507221.0,6924866048.0
RCUS,2025-11-27 19:40:21,0.7543126684636118,25.56,5.27182,1.1332431369598333,1408778.0,3162501376.0
SYM,2025-11-27 19:40:21,0.9545822102425876,87.3,12.9512,2.5435115096775576,2240028.0,51750776832.0
TER,2025-11-27 19:40:21,0.8487870619946092,179.38,6.98396,0.991242681597686,3775585.0,28534611968.0
TEVA,2025-11-27 19:40:21,0.7690026954177898,26.32,5.32213,1.643266991934531,11163517.0,30196475904.0
TSEM,2025-11-27 19:40:21,0.8815363881401617,103.46,5.5725,1.6832005534673733,1402070.0,11600328704.0
URBN,2025-11-27 19:40:21,0.9640161725067384,77.56,13.5412,4.546889087017087,2201717.0,6956969984.0
VERA,2025-11-27 19:40:21,0.9142857142857144,33.33,13.2518,2.0360297219993475,1566651.0,2130722432.0
WSC,2025-11-27 19:40:21,0.7714285714285714,20.18,4.77674,2.407138293520073,3011392.0,3674275328.0
ZYME,2025-11-27 19:40:21,0.7803234501347709,27.33,4.39266,1.973723142968813,1107857.0,2069848064.0
AA,2025-11-27 19:40:22,0.7878706199460916,41.57,6.04592,1.1263496212871054,6789312.0,10765134848.0
AAUC,2025-11-27 19:40:22,0.847843665768194,19.21,9.95993,1.1767382070520434,347729.0,2382039808.0
ALAB,2025-11-27 19:40:22,0.7648247978436657,154.22,6.52024,0.822120743134666,6308251.0,26048315392.0
ANF,2025-11-27 19:40:22,0.8867924528301887,95.14,5.42997,2.338948691518678,2038279.0,4532785152.0
ARMN,2025-11-27 19:40:22,0.738544474393531,14.02,6.85976,1.0110255957757566,1722628.0,2856803328.0
ARWR,2025-11-27 19:40:22,0.9564690026954176,57.71,23.3383,2.959194781262793,2386631.0,7978843136.0
ASML,2025-11-27 19:40:22,0.7797843665768195,1040.97,3.76288,0.9998390114155542,1571540.0,404050083840.0
ATMU,2025-11-27 19:40:22,0.9048517520215632,51.04,6.26692,3.4957543676574545,712968.0,4193037312.0
BBAR,2025-11-27 19:40:22,0.8115902964959568,15.92,10.7093,1.133741617093709,1475771.0,3666923776.0
BE,2025-11-27 19:40:22,0.7706199460916442,101.14,7.26482,0.8811704963631413,15047189.0,23920697344.0
BMA,2025-11-27 19:40:22,0.8502695417789757,82.21,7.4781,1.0225915362868752,801185.0,5256617472.0
BMNR,2025-11-27 19:40:22,0.7797843665768194,31.74,9.789,1.0886932511341982,44759595.0,12190312448.0
BURL,2025-11-27 19:40:22,0.8703504043126685,260.65,4.40617,1.6806157039151264,1073503.0,16401924096.0
CIFR,2025-11-27 19:40:22,0.7407008086253369,19.15,9.30365,1.0795348490135428,52304393.0,7566012928.0
CLSK,2025-11-27 19:40:22,0.8206199460916442,13.45,13.7902,2.0903752068297985,33470153.0,3595666176.0
COIN,2025-11-27 19:40:22,0.7723719676549865,264.97,4.26964,0.9885861583303052,9626382.0,71447519232.0
CRDO,2025-11-27 19:40:22,0.7684636118598382,164.01,6.37567,0.8363945736344021,6195528.0,28373008384.0
DELL,2025-11-27 19:40:22,0.8867924528301887,133.26,5.82909,2.0634147097851683,7932434.0,89600442368.0
DUOL,2025-11-27 19:40:22,0.9128032345013476,188.43,7.20869,1.3737204156613996,1950145.0,8710620160.0
ECG,2025-11-27 19:40:22,0.776954177897574,90.71,3.72785,1.2336408438686703,486379.0,4626806272.0
ETOR,2025-11-27 19:40:22,0.817654986522911,41.98,5.18667,1.4155801354287352,1183353.0,3513893632.0
EWTX,2025-11-27 19:40:22,0.8056603773584906,25.52,6.06817,1.2595181554285098,1037596.0,2701762560.0
FBIN,2025-11-27 19:40:22,0.7385444743935311,51.51,3.87174,1.1394550559034364,1606073.0,6188326912.0
FLNC,2025-11-27 19:40:22,0.7952830188679245,18.99,13.2379,1.0754803555916277,7693207.0,3472675328.0
FN,2025-11-27 19:40:22,0.8595687331536388,449.06,4.5079,1.2891814690804533,634356.0,16088565760.0
HNGE,2025-11-27 19:40:22,0.7680592991913746,50.05,3.68759,1.7948120400450838,1508300.0,3939906816.0
HOOD,2025-11-27 19:40:22,0.8808625336927224,128.2,10.9284,1.3138446071057803,35711826.0,115276013568.0
ICLR,2025-11-27 19:40:22,0.8820754716981132,183.65,5.22546,1.5996517400108283,1008442.0,14282851328.0
KLIC,2025-11-27 19:40:22,0.7401617250673854,44.96,3.21395,2.7658855600519026,519434.0,2354240512.0
KSS,2025-11-27 19:40:22,0.855121293800539,24.1,7.49331,3.231827319786216,5710440.0,2700999936.0
LITE,2025-11-27 19:40:22,0.8250673854447439,308.28,5.83995,0.9457053733347294,4288417.0,21860933632.0
MESO,2025-11-27 19:40:22,0.8628032345013478,17.37,8.15692,1.803568749112882,246585.0,2236313600.0
MODG,2025-11-27 19:40:22,0.8191374663072777,12.72,8.81096,1.6989049065082702,2517228.0,2338999808.0
NBIX,2025-11-27 19:40:22,0.8983827493261456,151.58,5.60859,1.7754304024330636,957476.0,15113390080.0
ODD,2025-11-27 19:40:22,0.8078167115902966,43.04,4.23831,2.052076834884421,780635.0,2472169216.0
OLMA,2025-11-27 19:40:22,0.8274932614555256,28.12,7.86345,1.2451151363402817,3298915.0,2254096896.0
OSCR,2025-11-27 19:40:22,0.7543126684636119,18.16,8.54752,1.1073495005098293,17530375.0,5229302272.0
PAAS,2025-11-27 19:40:22,0.8140161725067385,42.59,7.85008,1.0889669279077867,6540318.0,17974982656.0
PI,2025-11-27 19:40:22,0.7607816711590296,172.81,4.48636,0.9109141967024024,556587.0,5203159040.0
PKX,2025-11-27 19:40:22,0.8456873315363882,54.96,5.20673,1.4475280266750827,145754.0,16624471040.0
PTCT,2025-11-27 19:40:22,0.8479784366576819,86.25,4.00338,7.275015409153667,1507221.0,6924866048.0
RCUS,2025-11-27 19:40:22,0.7543126684636118,25.56,5.27182,1.1332431369598333,1408778.0,3162501376.0
SYM,2025-11-27 19:40:22,0.9545822102425876,87.3,12.9512,2.5435115096775576,2240028.0,51750776832.0
TER,2025-11-27 19:40:22,0.8487870619946092,179.38,6.98396,0.991242681597686,3775585.0,28534611968.0
TEVA,2025-11-27 19:40:22,0.7690026954177898,26.32,5.32213,1.643266991934531,11163517.0,30196475904.0
TSEM,2025-11-27 19:40:22,0.8815363881401617,103.46,5.5725,1.6832005534673733,1402070.0,11600328704.0
URBN,2025-11-27 19:40:22,0.9640161725067384,77.56,13.5412,4.546889087017087,2201717.0,6956969984.0
VERA,2025-11-27 19:40:22,0.9142857142857144,33.33,13.2518,2.0360297219993475,1566651.0,2130722432.0
WSC,2025-11-27 19:40:22,0.7714285714285714,20.18,4.77674,2.407138293520073,3011392.0,3674275328.0
ZYME,2025-11-27 19:40:22,0.7803234501347709,27.33,4.39266,1.973723142968813,1107857.0,2069848064.0
AA,2025-11-27 19:51:17,0.7896505376344085,41.57,6.04592,1.1263496212871054,6789312.0,10765134848.0
AAUC,2025-11-27 19:51:17,0.8491935483870967,19.21,9.95993,1.1767382070520434,347729.0,2382039808.0
ALAB,2025-11-27 19:51:17,0.7673387096774194,154.22,6.52024,0.822120743134666,6308251.0,26048315392.0
ANF,2025-11-27 19:51:17,0.8870967741935484,95.14,5.42997,2.338948691518678,2038279.0,4532785152.0
ARMN,2025-11-27 19:51:17,0.740994623655914,14.02,6.85976,1.0110255957757566,1722628.0,2856803328.0
ARWR,2025-11-27 19:51:17,0.9565860215053764,57.71,23.3383,2.959194781262793,2386631.0,7978843136.0
ASML,2025-11-27 19:51:17,0.7813172043010753,1040.97,3.76288,0.9998390114155542,1571540.0,404050083840.0
ATMU,2025-11-27 19:51:17,0.9051075268817204,51.04,6.26692,3.4957543676574545,712968.0,4193037312.0
BBAR,2025-11-27 19:51:17,0.812768817204301,15.92,10.7093,1.133741617093709,1475771.0,3666923776.0
BE,2025-11-27 19:51:17,0.7733870967741935,101.14,7.26482,0.8811704963631413,15047189.0,23920697344.0
BMA,2025-11-27 19:51:17,0.8525537634408602,82.21,7.4781,1.0225915362868752,801185.0,5256617472.0
BMNR,2025-11-27 19:51:17,0.7810483870967743,31.74,9.789,1.0886932511341982,44759595.0,12190312448.0
BURL,2025-11-27 19:51:17,0.8716397849462364,260.65,4.40617,1.6806157039151264,1073503.0,16401924096.0
CIFR,2025-11-27 19:51:17,0.7420698924731183,19.15,9.30365,1.0795348490135428,52304393.0,7566012928.0
CLSK,2025-11-27 19:51:17,0.8217741935483871,13.45,13.7902,2.0903752068297985,33470153.0,3595666176.0
COIN,2025-11-27 19:51:17,0.7739247311827958,264.97,4.26964,0.9885861583303052,9626382.0,71447519232.0
CRDO,2025-11-27 19:51:17,0.7709677419354839,164.01,6.37567,0.8363945736344021,6195528.0,28373008384.0
DELL,2025-11-27 19:51:17,0.8875,133.26,5.82909,2.0634147097851683,7932434.0,89600442368.0
DUOL,2025-11-27 19:51:17,0.913978494623656,188.43,7.20869,1.3737204156613996,1950145.0,8710620160.0
ECG,2025-11-27 19:51:17,0.778494623655914,90.71,3.72785,1.2336408438686703,486379.0,4626806272.0
ETOR,2025-11-27 19:51:17,0.8190860215053763,41.98,5.18667,1.4155801354287352,1183353.0,3513893632.0
EWTX,2025-11-27 19:51:17,0.8071236559139785,25.52,6.06817,1.2595181554285098,1037596.0,2701762560.0
FBIN,2025-11-27 19:51:17,0.7401881720430108,51.51,3.87174,1.1394550559034364,1606073.0,6188326912.0
FLNC,2025-11-27 19:51:17,0.7967741935483871,18.99,13.2379,1.0754803555916277,7693207.0,3472675328.0
FN,2025-11-27 19:51:17,0.8608870967741935,449.06,4.5079,1.2891814690804533,634356.0,16088565760.0
HNGE,2025-11-27 19:51:17,0.7696236559139784,50.05,3.68759,1.7948120400450838,1508300.0,3939906816.0
HOOD,2025-11-27 19:51:17,0.8823924731182795,128.2,10.9284,1.3138446071057803,35711826.0,115276013568.0
ICLR,2025-11-27 19:51:17,0.8833333333333334,183.65,5.22546,1.5996517400108283,1008442.0,14282851328.0
KLIC,2025-11-27 19:51:17,0.7408602150537633,44.96,3.21395,2.7658855600519026,519434.0,2354240512.0
KSS,2025-11-27 19:51:17,0.8555107526881721,24.1,7.49331,3.231827319786216,5710440.0,2700999936.0
LITE,2025-11-27 19:51:17,0.8264784946236559,308.28,5.83995,0.9457053733347294,4288417.0,21860933632.0
MESO,2025-11-27 19:51:17,0.8646505376344087,17.37,8.15692,1.803568749112882,246585.0,2236313600.0
MODG,2025-11-27 19:51:17,0.8213709677419355,12.72,8.81096,1.6989049065082702,2517228.0,2338999808.0
NBIX,2025-11-27 19:51:17,0.8995967741935484,151.58,5.60859,1.7754304024330636,957476.0,15113390080.0
ODD,2025-11-27 19:51:17,0.809274193548387,43.04,4.23831,2.052076834884421,780635.0,2472169216.0
OLMA,2025-11-27 19:51:17,0.8288978494623656,28.12,7.86345,1.2451151363402817,3298915.0,2254096896.0
OSCR,2025-11-27 19:51:17,0.7559139784946236,18.16,8.54752,1.1073495005098293,17530375.0,5229302272.0
PAAS,2025-11-27 19:51:17,0.8157258064516129,42.59,7.85008,1.0889669279077867,6540318.0,17974982656.0
PI,2025-11-27 19:51:17,0.7623655913978495,172.81,4.48636,0.9109141967024024,556587.0,5203159040.0
PKX,2025-11-27 19:51:17,0.8470430107526882,54.96,5.20673,1.4475280266750827,145754.0,16624471040.0
PTCT,2025-11-27 19:51:17,0.8483870967741935,86.25,4.00338,7.275015409153667,1507221.0,6924866048.0
RCUS,2025-11-27 19:51:17,0.7559139784946236,25.56,5.27182,1.1332431369598333,1408778.0,3162501376.0
SYM,2025-11-27 19:51:17,0.9547043010752688,87.3,12.9512,2.5435115096775576,2240028.0,51750776832.0
TER,2025-11-27 19:51:17,0.8501344086021505,179.38,6.98396,0.991242681597686,3775585.0,28534611968.0
TEVA,2025-11-27 19:51:17,0.7711021505376344,26.32,5.32213,1.643266991934531,11163517.0,30196475904.0
TSEM,2025-11-27 19:51:17,0.8827956989247312,103.46,5.5725,1.6832005534673733,1402070.0,11600328704.0
URBN,2025-11-27 19:51:17,0.9641129032258065,77.56,13.5412,4.546889087017087,2201717.0,6956969984.0
VERA,2025-11-27 19:51:17,0.9149193548387096,33.33,13.2518,2.0360297219993475,1566651.0,2130722432.0
WSC,2025-11-27 19:51:17,0.7728494623655914,20.18,4.77674,2.407138293520073,3011392.0,3674275328.0
ZYME,2025-11-27 19:51:17,0.7823924731182795,27.33,4.39266,1.973723142968813,1107857.0,2069848064.0
AA,2025-11-27 19:51:18,0.7896505376344085,41.57,6.04592,1.1263496212871054,6789312.0,10765134848.0
AAUC,2025-11-27 19:51:18,0.8491935483870967,19.21,9.95993,1.1767382070520434,347729.0,2382039808.0
ALAB,2025-11-27 19:51:18,0.7673387096774194,154.22,6.52024,0.822120743134666,6308251.0,26048315392.0
ANF,2025-11-27 19:51:18,0.8870967741935484,95.14,5.42997,2.338948691518678,2038279.0,4532785152.0
ARMN,2025-11-27 19:51:18,0.740994623655914,14.02,6.85976,1.0110255957757566,1722628.0,2856803328.0
ARWR,2025-11-27 19:51:18,0.9565860215053764,57.71,23.3383,2.959194781262793,2386631.0,7978843136.0
ASML,2025-11-27 19:51:18,0.7813172043010753,1040.97,3.76288,0.9998390114155542,1571540.0,404050083840.0
ATMU,2025-11-27 19:51:18,0.9051075268817204,51.04,6.26692,3.4957543676574545,712968.0,4193037312.0
BBAR,2025-11-27 19:51:18,0.812768817204301,15.92,10.7093,1.133741617093709,1475771.0,3666923776.0
BE,2025-11-27 19:51:18,0.7733870967741935,101.14,7.26482,0.8811704963631413,15047189.0,23920697344.0
BMA,2025-11-27 19:51:18,0.8525537634408602,82.21,7.4781,1.0225915362868752,801185.0,5256617472.0
BMNR,2025-11-27 19:51:18,0.7810483870967743,31.74,9.789,1.0886932511341982,44759595.0,12190312448.0
BURL,2025-11-27 19:51:18,0.8716397849462364,260.65,4.40617,1.6806157039151264,1073503.0,16401924096.0
CIFR,2025-11-27 19:51:18,0.7420698924731183,19.15,9.30365,1.0795348490135428,52304393.0,7566012928.0
CLSK,2025-11-27 19:51:18,0.8217741935483871,13.45,13.7902,2.0903752068297985,33470153.0,3595666176.0
COIN,2025-11-27 19:51:18,0.7739247311827958,264.97,4.26964,0.9885861583303052,9626382.0,71447519232.0
CRDO,2025-11-27 19:51:18,0.7709677419354839,164.01,6.37567,0.8363945736344021,6195528.0,28373008384.0
DELL,2025-11-27 19:51:18,0.8875,133.26,5.82909,2.0634147097851683,7932434.0,89600442368.0
DUOL,2025-11-27 19:51:18,0.913978494623656,188.43,7.20869,1.3737204156613996,1950145.0,8710620160.0
ECG,2025-11-27 19:51:18,0.778494623655914,90.71,3.72785,1.2336408438686703,486379.0,4626806272.0
ETOR,2025-11-27 19:51:18,0.8190860215053763,41.98,5.18667,1.4155801354287352,1183353.0,3513893632.0
EWTX,2025-11-27 19:51:18,0.8071236559139785,25.52,6.06817,1.2595181554285098,1037596.0,2701762560.0
FBIN,2025-11-27 19:51:18,0.7401881720430108,51.51,3.87174,1.1394550559034364,1606073.0,6188326912.0
FLNC,2025-11-27 19:51:18,0.7967741935483871,18.99,13.2379,1.0754803555916277,7693207.0,3472675328.0
FN,2025-11-27 19:51:18,0.8608870967741935,449.06,4.5079,1.2891814690804533,634356.0,16088565760.0
HNGE,2025-11-27 19:51:18,0.7696236559139784,50.05,3.68759,1.7948120400450838,1508300.0,3939906816.0
HOOD,2025-11-27 19:51:18,0.8823924731182795,128.2,10.9284,1.3138446071057803,35711826.0,115276013568.0
ICLR,2025-11-27 19:51:18,0.8833333333333334,183.65,5.22546,1.5996517400108283,1008442.0,14282851328.0
KLIC,2025-11-27 19:51:18,0.7408602150537633,44.96,3.21395,2.7658855600519026,519434.0,2354240512.0
KSS,2025-11-27 19:51:18,0.8555107526881721,24.1,7.49331,3.231827319786216,5710440.0,2700999936.0
LITE,2025-11-27 19:51:18,0.8264784946236559,308.28,5.83995,0.9457053733347294,4288417.0,21860933632.0
MESO,2025-11-27 19:51:18,0.8646505376344087,17.37,8.15692,1.803568749112882,246585.0,2236313600.0
MODG,2025-11-27 19:51:18,0.8213709677419355,12.72,8.81096,1.6989049065082702,2517228.0,2338999808.0
NBIX,2025-11-27 19:51:18,0.8995967741935484,151.58,5.60859,1.7754304024330636,957476.0,15113390080.0
ODD,2025-11-27 19:51:18,0.809274193548387,43.04,4.23831,2.052076834884421,780635.0,2472169216.0
OLMA,2025-11-27 19:51:18,0.8288978494623656,28.12,7.86345,1.2451151363402817,3298915.0,2254096896.0
OSCR,2025-11-27 19:51:18,0.7559139784946236,18.16,8.54752,1.1073495005098293,17530375.0,5229302272.0
PAAS,2025-11-27 19:51:18,0.8157258064516129,42.59,7.85008,1.0889669279077867,6540318.0,17974982656.0
PI,2025-11-27 19:51:18,0.7623655913978495,172.81,4.48636,0.9109141967024024,556587.0,5203159040.0
PKX,2025-11-27 19:51:18,0.8470430107526882,54.96,5.20673,1.4475280266750827,145754.0,16624471040.0
PTCT,2025-11-27 19:51:18,0.8483870967741935,86.25,4.00338,7.275015409153667,1507221.0,6924866048.0
RCUS,2025-11-27 19:51:18,0.7559139784946236,25.56,5.27182,1.1332431369598333,1408778.0,3162501376.0
SYM,2025-11-27 19:51:18,0.9547043010752688,87.3,12.9512,2.5435115096775576,2240028.0,51750776832.0
TER,2025-11-27 19:51:18,0.8501344086021505,179.38,6.98396,0.991242681597686,3775585.0,28534611968.0
TEVA,2025-11-27 19:51:18,0.7711021505376344,26.32,5.32213,1.643266991934531,11163517.0,30196475904.0
TSEM,2025-11-27 19:51:18,0.8827956989247312,103.46,5.5725,1.6832005534673733,1402070.0,11600328704.0
URBN,2025-11-27 19:51:18,0.9641129032258065,77.56,13.5412,4.546889087017087,2201717.0,6956969984.0
VERA,2025-11-27 19:51:18,0.9149193548387096,33.33,13.2518,2.0360297219993475,1566651.0,2130722432.0
WSC,2025-11-27 19:51:18,0.7728494623655914,20.18,4.77674,2.407138293520073,3011392.0,3674275328.0
ZYME,2025-11-27 19:51:18,0.7823924731182795,27.33,4.39266,1.973723142968813,1107857.0,2069848064.0
AA,2025-11-27 20:19:18,0.7896505376344085,41.57,6.04592,1.1263496212871054,6789312.0,10765134848.0
AAUC,2025-11-27 20:19:18,0.8491935483870967,19.21,9.95993,1.1767382070520434,347729.0,2382039808.0
ALAB,2025-11-27 20:19:18,0.7673387096774194,154.22,6.52024,0.822120743134666,6308251.0,26048315392.0
ANF,2025-11-27 20:19:18,0.8870967741935484,95.14,5.42997,2.338948691518678,2038279.0,4532785152.0
ARMN,2025-11-27 20:19:18,0.740994623655914,14.02,6.85976,1.0110255957757566,1722628.0,2856803328.0
ARWR,2025-11-27 20:19:18,0.9565860215053764,57.71,23.3383,2.959194781262793,2386631.0,7978843136.0
ASML,2025-11-27 20:19:18,0.7813172043010753,1040.97,3.76288,0.9998390114155542,1571540.0,404050083840.0
ATMU,2025-11-27 20:19:18,0.9051075268817204,51.04,6.26692,3.4957543676574545,712968.0,4193037312.0
BBAR,2025-11-27 20:19:18,0.812768817204301,15.92,10.7093,1.133741617093709,1475771.0,3666923776.0
BE,2025-11-27 20:19:18,0.7733870967741935,101.14,7.26482,0.8811704963631413,15047189.0,23920697344.0
BMA,2025-11-27 20:19:18,0.8525537634408602,82.21,7.4781,1.0225915362868752,801185.0,5256617472.0
BMNR,2025-11-27 20:19:18,0.7810483870967743,31.74,9.789,1.0886932511341982,44759595.0,12190312448.0
BURL,2025-11-27 20:19:18,0.8716397849462364,260.65,4.40617,1.6806157039151264,1073503.0,16401924096.0
CIFR,2025-11-27 20:19:18,0.7420698924731183,19.15,9.30365,1.0795348490135428,52304393.0,7566012928.0
CLSK,2025-11-27 20:19:18,0.8217741935483871,13.45,13.7902,2.0903752068297985,33470153.0,3595666176.0
COIN,2025-11-27 20:19:18,0.7739247311827958,264.97,4.26964,0.9885861583303052,9626382.0,71447519232.0
CRDO,2025-11-27 20:19:18,0.7709677419354839,164.01,6.37567,0.8363945736344021,6195528.0,28373008384.0
DELL,2025-11-27 20:19:18,0.8875,133.26,5.82909,2.0634147097851683,7932434.0,89600442368.0
DUOL,2025-11-27 20:19:18,0.913978494623656,188.43,7.20869,1.3737204156613996,1950145.0,8710620160.0
ECG,2025-11-27 20:19:18,0.778494623655914,90.71,3.72785,1.2336408438686703,486379.0,4626806272.0
ETOR,2025-11-27 20:19:18,0.8190860215053763,41.98,5.18667,1.4155801354287352,1183353.0,3513893632.0
EWTX,2025-11-27 20:19:18,0.8071236559139785,25.52,6.06817,1.2595181554285098,1037596.0,2701762560.0
FBIN,2025-11-27 20:19:18,0.7401881720430108,51.51,3.87174,1.1394550559034364,1606073.0,6188326912.0
FLNC,2025-11-27 20:19:18,0.7967741935483871,18.99,13.2379,1.0754803555916277,7693207.0,3472675328.0
FN,2025-11-27 20:19:18,0.8608870967741935,449.06,4.5079,1.2891814690804533,634356.0,16088565760.0
HNGE,2025-11-27 20:19:18,0.7696236559139784,50.05,3.68759,1.7948120400450838,1508300.0,3939906816.0
HOOD,2025-11-27 20:19:18,0.8823924731182795,128.2,10.9284,1.3138446071057803,35711826.0,115276013568.0
ICLR,2025-11-27 20:19:18,0.8833333333333334,183.65,5.22546,1.5996517400108283,1008442.0,14282851328.0
KLIC,2025-11-27 20:19:18,0.7408602150537633,44.96,3.21395,2.7658855600519026,519434.0,2354240512.0
KSS,2025-11-27 20:19:18,0.8555107526881721,24.1,7.49331,3.231827319786216,5710440.0,2700999936.0
LITE,2025-11-27 20:19:18,0.8264784946236559,308.28,5.83995,0.9457053733347294,4288417.0,21860933632.0
MESO,2025-11-27 20:19:18,0.8646505376344087,17.37,8.15692,1.803568749112882,246585.0,2236313600.0
MODG,2025-11-27 20:19:18,0.8213709677419355,12.72,8.81096,1.6989049065082702,2517228.0,2338999808.0
NBIX,2025-11-27 20:19:18,0.8995967741935484,151.58,5.60859,1.7754304024330636,957476.0,15113390080.0
ODD,2025-11-27 20:19:18,0.809274193548387,43.04,4.23831,2.052076834884421,780635.0,2472169216.0
OLMA,2025-11-27 20:19:18,0.8288978494623656,28.12,7.86345,1.2451151363402817,3298915.0,2254096896.0
OSCR,2025-11-27 20:19:18,0.7559139784946236,18.16,8.54752,1.1073495005098293,17530375.0,5229302272.0
PAAS,2025-11-27 20:19:18,0.8157258064516129,42.59,7.85008,1.0889669279077867,6540318.0,17974982656.0
PI,2025-11-27 20:19:18,0.7623655913978495,172.81,4.48636,0.9109141967024024,556587.0,5203159040.0
PKX,2025-11-27 20:19:18,0.8470430107526882,54.96,5.20673,1.4475280266750827,145754.0,16624471040.0
PTCT,2025-11-27 20:19:18,0.8483870967741935,86.25,4.00338,7.275015409153667,1507221.0,6924866048.0
RCUS,2025-11-27 20:19:18,0.7559139784946236,25.56,5.27182,1.1332431369598333,1408778.0,3162501376.0
SYM,2025-11-27 20:19:18,0.9547043010752688,87.3,12.9512,2.5435115096775576,2240028.0,51750776832.0
TER,2025-11-27 20:19:18,0.8501344086021505,179.38,6.98396,0.991242681597686,3775585.0,28534611968.0
TEVA,2025-11-27 20:19:18,0.7711021505376344,26.32,5.32213,1.643266991934531,11163517.0,30196475904.0
TSEM,2025-11-27 20:19:18,0.8827956989247312,103.46,5.5725,1.6832005534673733,1402070.0,11600328704.0
URBN,2025-11-27 20:19:18,0.9641129032258065,77.56,13.5412,4.546889087017087,2201717.0,6956969984.0
VERA,2025-11-27 20:19:18,0.9149193548387096,33.33,13.2518,2.0360297219993475,1566651.0,2130722432.0
WSC,2025-11-27 20:19:18,0.7728494623655914,20.18,4.77674,2.407138293520073,3011392.0,3674275328.0
ZYME,2025-11-27 20:19:18,0.7823924731182795,27.33,4.39266,1.973723142968813,1107857.0,2069848064.0
AA,2025-11-27 20:40:21,0.7896505376344085,41.57,6.04592,1.1263496212871054,6789312.0,10765134848.0
AAUC,2025-11-27 20:40:21,0.8491935483870967,19.21,9.95993,1.1767382070520434,347729.0,2382039808.0
ALAB,2025-11-27 20:40:21,0.7673387096774194,154.22,6.52024,0.822120743134666,6308251.0,26048315392.0
ANF,2025-11-27 20:40:21,0.8870967741935484,95.14,5.42997,2.338948691518678,2038279.0,4532785152.0
ARMN,2025-11-27 20:40:21,0.740994623655914,14.02,6.85976,1.0110255957757566,1722628.0,2856803328.0
ARWR,2025-11-27 20:40:21,0.9565860215053764,57.71,23.3383,2.959194781262793,2386631.0,7978843136.0
ASML,2025-11-27 20:40:21,0.7813172043010753,1040.97,3.76288,0.9998390114155542,1571540.0,404050083840.0
ATMU,2025-11-27 20:40:21,0.9051075268817204,51.04,6.26692,3.4957543676574545,712968.0,4193037312.0
BBAR,2025-11-27 20:40:21,0.812768817204301,15.92,10.7093,1.133741617093709,1475771.0,3666923776.0
BE,2025-11-27 20:40:21,0.7733870967741935,101.14,7.26482,0.8811704963631413,15047189.0,23920697344.0
BMA,2025-11-27 20:40:21,0.8525537634408602,82.21,7.4781,1.0225915362868752,801185.0,5256617472.0
BMNR,2025-11-27 20:40:21,0.7810483870967743,31.74,9.789,1.0886932511341982,44759595.0,12190312448.0
BURL,2025-11-27 20:40:21,0.8716397849462364,260.65,4.40617,1.6806157039151264,1073503.0,16401924096.0
CIFR,2025-11-27 20:40:21,0.7420698924731183,19.15,9.30365,1.0795348490135428,52304393.0,7566012928.0
CLSK,2025-11-27 20:40:21,0.8217741935483871,13.45,13.7902,2.0903752068297985,33470153.0,3595666176.0
COIN,2025-11-27 20:40:21,0.7739247311827958,264.97,4.26964,0.9885861583303052,9626382.0,71447519232.0
CRDO,2025-11-27 20:40:21,0.7709677419354839,164.01,6.37567,0.8363945736344021,6195528.0,28373008384.0
DELL,2025-11-27 20:40:21,0.8875,133.26,5.82909,2.0634147097851683,7932434.0,89600442368.0
DUOL,2025-11-27 20:40:21,0.913978494623656,188.43,7.20869,1.3737204156613996,1950145.0,8710620160.0
ECG,2025-11-27 20:40:21,0.778494623655914,90.71,3.72785,1.2336408438686703,486379.0,4626806272.0
ETOR,2025-11-27 20:40:21,0.8190860215053763,41.98,5.18667,1.4155801354287352,1183353.0,3513893632.0
EWTX,2025-11-27 20:40:21,0.8071236559139785,25.52,6.06817,1.2595181554285098,1037596.0,2701762560.0
FBIN,2025-11-27 20:40:21,0.7401881720430108,51.51,3.87174,1.1394550559034364,1606073.0,6188326912.0
FLNC,2025-11-27 20:40:21,0.7967741935483871,18.99,13.2379,1.0754803555916277,7693207.0,3472675328.0
FN,2025-11-27 20:40:21,0.8608870967741935,449.06,4.5079,1.2891814690804533,634356.0,16088565760.0
HNGE,2025-11-27 20:40:21,0.7696236559139784,50.05,3.68759,1.7948120400450838,1508300.0,3939906816.0
HOOD,2025-11-27 20:40:21,0.8823924731182795,128.2,10.9284,1.3138446071057803,35711826.0,115276013568.0
ICLR,2025-11-27 20:40:21,0.8833333333333334,183.65,5.22546,1.5996517400108283,1008442.0,14282851328.0
KLIC,2025-11-27 20:40:21,0.7408602150537633,44.96,3.21395,2.7658855600519026,519434.0,2354240512.0
KSS,2025-11-27 20:40:21,0.8555107526881721,24.1,7.49331,3.231827319786216,5710440.0,2700999936.0
LITE,2025-11-27 20:40:21,0.8264784946236559,308.28,5.83995,0.9457053733347294,4288417.0,21860933632.0
MESO,2025-11-27 20:40:21,0.8646505376344087,17.37,8.15692,1.803568749112882,246585.0,2236313600.0
MODG,2025-11-27 20:40:21,0.8213709677419355,12.72,8.81096,1.6989049065082702,2517228.0,2338999808.0
NBIX,2025-11-27 20:40:21,0.8995967741935484,151.58,5.60859,1.7754304024330636,957476.0,15113390080.0
ODD,2025-11-27 20:40:21,0.809274193548387,43.04,4.23831,2.052076834884421,780635.0,2472169216.0
OLMA,2025-11-27 20:40:21,0.8288978494623656,28.12,7.86345,1.2451151363402817,3298915.0,2254096896.0
OSCR,2025-11-27 20:40:21,0.7559139784946236,18.16,8.54752,1.1073495005098293,17530375.0,5229302272.0
PAAS,2025-11-27 20:40:21,0.8157258064516129,42.59,7.85008,1.0889669279077867,6540318.0,17974982656.0
PI,2025-11-27 20:40:21,0.7623655913978495,172.81,4.48636,0.9109141967024024,556587.0,5203159040.0
PKX,2025-11-27 20:40:21,0.8470430107526882,54.96,5.20673,1.4475280266750827,145754.0,16624471040.0
PTCT,2025-11-27 20:40:21,0.8483870967741935,86.25,4.00338,7.275015409153667,1507221.0,6924866048.0
RCUS,2025-11-27 20:40:21,0.7559139784946236,25.56,5.27182,1.1332431369598333,1408778.0,3162501376.0
SYM,2025-11-27 20:40:21,0.9547043010752688,87.3,12.9512,2.5435115096775576,2240028.0,51750776832.0
TER,2025-11-27 20:40:21,0.8501344086021505,179.38,6.98396,0.991242681597686,3775585.0,28534611968.0
TEVA,2025-11-27 20:40:21,0.7711021505376344,26.32,5.32213,1.643266991934531,11163517.0,30196475904.0
TSEM,2025-11-27 20:40:21,0.8827956989247312,103.46,5.5725,1.6832005534673733,1402070.0,11600328704.0
URBN,2025-11-27 20:40:21,0.9641129032258065,77.56,13.5412,4.546889087017087,2201717.0,6956969984.0
VERA,2025-11-27 20:40:21,0.9149193548387096,33.33,13.2518,2.0360297219993475,1566651.0,2130722432.0
WSC,2025-11-27 20:40:21,0.7728494623655914,20.18,4.77674,2.407138293520073,3011392.0,3674275328.0
ZYME,2025-11-27 20:40:21,0.7823924731182795,27.33,4.39266,1.973723142968813,1107857.0,2069848064.0
AA,2025-11-27 20:40:22,0.7896505376344085,41.57,6.04592,1.1263496212871054,6789312.0,10765134848.0
AAUC,2025-11-27 20:40:22,0.8491935483870967,19.21,9.95993,1.1767382070520434,347729.0,2382039808.0
ALAB,2025-11-27 20:40:22,0.7673387096774194,154.22,6.52024,0.822120743134666,6308251.0,26048315392.0
ANF,2025-11-27 20:40:22,0.8870967741935484,95.14,5.42997,2.338948691518678,2038279.0,4532785152.0
ARMN,2025-11-27 20:40:22,0.740994623655914,14.02,6.85976,1.0110255957757566,1722628.0,2856803328.0
ARWR,2025-11-27 20:40:22,0.9565860215053764,57.71,23.3383,2.959194781262793,2386631.0,7978843136.0
ASML,2025-11-27 20:40:22,0.7813172043010753,1040.97,3.76288,0.9998390114155542,1571540.0,404050083840.0
ATMU,2025-11-27 20:40:22,0.9051075268817204,51.04,6.26692,3.4957543676574545,712968.0,4193037312.0
BBAR,2025-11-27 20:40:22,0.812768817204301,15.92,10.7093,1.133741617093709,1475771.0,3666923776.0
BE,2025-11-27 20:40:22,0.7733870967741935,101.14,7.26482,0.8811704963631413,15047189.0,23920697344.0
BMA,2025-11-27 20:40:22,0.8525537634408602,82.21,7.4781,1.0225915362868752,801185.0,5256617472.0
BMNR,2025-11-27 20:40:22,0.7810483870967743,31.74,9.789,1.0886932511341982,44759595.0,12190312448.0
BURL,2025-11-27 20:40:22,0.8716397849462364,260.65,4.40617,1.6806157039151264,1073503.0,16401924096.0
CIFR,2025-11-27 20:40:22,0.7420698924731183,19.15,9.30365,1.0795348490135428,52304393.0,7566012928.0
CLSK,2025-11-27 20:40:22,0.8217741935483871,13.45,13.7902,2.0903752068297985,33470153.0,3595666176.0
COIN,2025-11-27 20:40:22,0.7739247311827958,264.97,4.26964,0.9885861583303052,9626382.0,71447519232.0
CRDO,2025-11-27 20:40:22,0.7709677419354839,164.01,6.37567,0.8363945736344021,6195528.0,28373008384.0
DELL,2025-11-27 20:40:22,0.8875,133.26,5.82909,2.0634147097851683,7932434.0,89600442368.0
DUOL,2025-11-27 20:40:22,0.913978494623656,188.43,7.20869,1.3737204156613996,1950145.0,8710620160.0
ECG,2025-11-27 20:40:22,0.778494623655914,90.71,3.72785,1.2336408438686703,486379.0,4626806272.0
ETOR,2025-11-27 20:40:22,0.8190860215053763,41.98,5.18667,1.4155801354287352,1183353.0,3513893632.0
EWTX,2025-11-27 20:40:22,0.8071236559139785,25.52,6.06817,1.2595181554285098,1037596.0,2701762560.0
FBIN,2025-11-27 20:40:22,0.7401881720430108,51.51,3.87174,1.1394550559034364,1606073.0,6188326912.0
FLNC,2025-11-27 20:40:22,0.7967741935483871,18.99,13.2379,1.0754803555916277,7693207.0,3472675328.0
FN,2025-11-27 20:40:22,0.8608870967741935,449.06,4.5079,1.2891814690804533,634356.0,16088565760.0
HNGE,2025-11-27 20:40:22,0.7696236559139784,50.05,3.68759,1.7948120400450838,1508300.0,3939906816.0
HOOD,2025-11-27 20:40:22,0.8823924731182795,128.2,10.9284,1.3138446071057803,35711826.0,115276013568.0
ICLR,2025-11-27 20:40:22,0.8833333333333334,183.65,5.22546,1.5996517400108283,1008442.0,14282851328.0
KLIC,2025-11-27 20:40:22,0.7408602150537633,44.96,3.21395,2.7658855600519026,519434.0,2354240512.0
KSS,2025-11-27 20:40:22,0.8555107526881721,24.1,7.49331,3.231827319786216,5710440.0,2700999936.0
LITE,2025-11-27 20:40:22,0.8264784946236559,308.28,5.83995,0.9457053733347294,4288417.0,21860933632.0
MESO,2025-11-27 20:40:22,0.8646505376344087,17.37,8.15692,1.803568749112882,246585.0,2236313600.0
MODG,2025-11-27 20:40:22,0.8213709677419355,12.72,8.81096,1.6989049065082702,2517228.0,2338999808.0
NBIX,2025-11-27 20:40:22,0.8995967741935484,151.58,5.60859,1.7754304024330636,957476.0,15113390080.0
ODD,2025-11-27 20:40:22,0.809274193548387,43.04,4.23831,2.052076834884421,780635.0,2472169216.0
OLMA,2025-11-27 20:40:22,0.8288978494623656,28.12,7.86345,1.2451151363402817,3298915.0,2254096896.0
OSCR,2025-11-27 20:40:22,0.7559139784946236,18.16,8.54752,1.1073495005098293,17530375.0,5229302272.0
PAAS,2025-11-27 20:40:22,0.8157258064516129,42.59,7.85008,1.0889669279077867,6540318.0,17974982656.0
PI,2025-11-27 20:40:22,0.7623655913978495,172.81,4.48636,0.9109141967024024,556587.0,5203159040.0
PKX,2025-11-27 20:40:22,0.8470430107526882,54.96,5.20673,1.4475280266750827,145754.0,16624471040.0
PTCT,2025-11-27 20:40:22,0.8483870967741935,86.25,4.00338,7.275015409153667,1507221.0,6924866048.0
RCUS,2025-11-27 20:40:22,0.7559139784946236,25.56,5.27182,1.1332431369598333,1408778.0,3162501376.0
SYM,2025-11-27 20:40:22,0.9547043010752688,87.3,12.9512,2.5435115096775576,2240028.0,51750776832.0
TER,2025-11-27 20:40:22,0.8501344086021505,179.38,6.98396,0.991242681597686,3775585.0,28534611968.0
TEVA,2025-11-27 20:40:22,0.7711021505376344,26.32,5.32213,1.643266991934531,11163517.0,30196475904.0
TSEM,2025-11-27 20:40:22,0.8827956989247312,103.46,5.5725,1.6832005534673733,1402070.0,11600328704.0
URBN,2025-11-27 20:40:22,0.9641129032258065,77.56,13.5412,4.546889087017087,2201717.0,6956969984.0
VERA,2025-11-27 20:40:22,0.9149193548387096,33.33,13.2518,2.0360297219993475,1566651.0,2130722432.0
WSC,2025-11-27 20:40:22,0.7728494623655914,20.18,4.77674,2.407138293520073,3011392.0,3674275328.0
ZYME,2025-11-27 20:40:22,0.7823924731182795,27.33,4.39266,1.973723142968813,1107857.0,2069848064.0
AA,2025-11-27 20:51:26,0.7878706199460916,41.57,6.04592,1.1263496212871054,6789312.0,10765134848.0
AAUC,2025-11-27 20:51:26,0.847843665768194,19.21,9.95993,1.1767382070520434,347729.0,2382039808.0
ALAB,2025-11-27 20:51:26,0.7648247978436657,154.22,6.52024,0.822120743134666,6308251.0,26048315392.0
ANF,2025-11-27 20:51:26,0.8867924528301887,95.14,5.42997,2.338948691518678,2038279.0,4532785152.0
ARMN,2025-11-27 20:51:26,0.738544474393531,14.02,6.85976,1.0110255957757566,1722628.0,2856803328.0
ARWR,2025-11-27 20:51:26,0.9564690026954176,57.71,23.3383,2.959194781262793,2386631.0,7978843136.0
ASML,2025-11-27 20:51:26,0.7797843665768195,1040.97,3.76288,0.9998390114155542,1571540.0,404050083840.0
ATMU,2025-11-27 20:51:26,0.9048517520215632,51.04,6.26692,3.4957543676574545,712968.0,4193037312.0
BBAR,2025-11-27 20:51:26,0.8115902964959568,15.92,10.7093,1.133741617093709,1475771.0,3666923776.0
BE,2025-11-27 20:51:26,0.7706199460916442,101.14,7.26482,0.8811704963631413,15047189.0,23920697344.0
BMA,2025-11-27 20:51:26,0.8502695417789757,82.21,7.4781,1.0225915362868752,801185.0,5256617472.0
BMNR,2025-11-27 20:51:26,0.7797843665768194,31.74,9.789,1.0886932511341982,44759595.0,12190312448.0
BURL,2025-11-27 20:51:26,0.8703504043126685,260.65,4.40617,1.6806157039151264,1073503.0,16401924096.0
CIFR,2025-11-27 20:51:26,0.7407008086253369,19.15,9.30365,1.0795348490135428,52304393.0,7566012928.0
CLSK,2025-11-27 20:51:26,0.8206199460916442,13.45,13.7902,2.0903752068297985,33470153.0,3595666176.0
COIN,2025-11-27 20:51:26,0.7723719676549865,264.97,4.26964,0.9885861583303052,9626382.0,71447519232.0
CRDO,2025-11-27 20:51:26,0.7684636118598382,164.01,6.37567,0.8363945736344021,6195528.0,28373008384.0
DELL,2025-11-27 20:51:26,0.8867924528301887,133.26,5.82909,2.0634147097851683,7932434.0,89600442368.0
DUOL,2025-11-27 20:51:26,0.9128032345013476,188.43,7.20869,1.3737204156613996,1950145.0,8710620160.0
ECG,2025-11-27 20:51:26,0.776954177897574,90.71,3.72785,1.2336408438686703,486379.0,4626806272.0
ETOR,2025-11-27 20:51:26,0.817654986522911,41.98,5.18667,1.4155801354287352,1183353.0,3513893632.0
EWTX,2025-11-27 20:51:26,0.8056603773584906,25.52,6.06817,1.2595181554285098,1037596.0,2701762560.0
FBIN,2025-11-27 20:51:26,0.7385444743935311,51.51,3.87174,1.1394550559034364,1606073.0,6188326912.0
FLNC,2025-11-27 20:51:26,0.7952830188679245,18.99,13.2379,1.0754803555916277,7693207.0,3472675328.0
FN,2025-11-27 20:51:26,0.8595687331536388,449.06,4.5079,1.2891814690804533,634356.0,16088565760.0
HNGE,2025-11-27 20:51:26,0.7680592991913746,50.05,3.68759,1.7948120400450838,1508300.0,3939906816.0
HOOD,2025-11-27 20:51:26,0.8808625336927224,128.2,10.9284,1.3138446071057803,35711826.0,115276013568.0
ICLR,2025-11-27 20:51:26,0.8820754716981132,183.65,5.22546,1.5996517400108283,1008442.0,14282851328.0
KLIC,2025-11-27 20:51:26,0.7401617250673854,44.96,3.21395,2.7658855600519026,519434.0,2354240512.0
KSS,2025-11-27 20:51:26,0.855121293800539,24.1,7.49331,3.231827319786216,5710440.0,2700999936.0
LITE,2025-11-27 20:51:26,0.8250673854447439,308.28,5.83995,0.9457053733347294,4288417.0,21860933632.0
MESO,2025-11-27 20:51:26,0.8628032345013478,17.37,8.15692,1.803568749112882,246585.0,2236313600.0
MODG,2025-11-27 20:51:26,0.8191374663072777,12.72,8.81096,1.6989049065082702,2517228.0,2338999808.0
NBIX,2025-11-27 20:51:26,0.8983827493261456,151.58,5.60859,1.7754304024330636,957476.0,15113390080.0
ODD,2025-11-27 20:51:26,0.8078167115902966,43.04,4.23831,2.052076834884421,780635.0,2472169216.0
OLMA,2025-11-27 20:51:26,0.8274932614555256,28.12,7.86345,1.2451151363402817,3298915.0,2254096896.0
OSCR,2025-11-27 20:51:26,0.7543126684636119,18.16,8.54752,1.1073495005098293,17530375.0,5229302272.0
PAAS,2025-11-27 20:51:26,0.8140161725067385,42.59,7.85008,1.0889669279077867,6540318.0,17974982656.0
PI,2025-11-27 20:51:26,0.7607816711590296,172.81,4.48636,0.9109141967024024,556587.0,5203159040.0
PKX,2025-11-27 20:51:26,0.8456873315363882,54.96,5.20673,1.4475280266750827,145754.0,16624471040.0
PTCT,2025-11-27 20:51:26,0.8479784366576819,86.25,4.00338,7.275015409153667,1507221.0,6924866048.0
RCUS,2025-11-27 20:51:26,0.7543126684636118,25.56,5.27182,1.1332431369598333,1408778.0,3162501376.0
SYM,2025-11-27 20:51:26,0.9545822102425876,87.3,12.9512,2.5435115096775576,2240028.0,51750776832.0
TER,2025-11-27 20:51:26,0.8487870619946092,179.38,6.98396,0.991242681597686,3775585.0,28534611968.0
TEVA,2025-11-27 20:51:26,0.7690026954177898,26.32,5.32213,1.643266991934531,11163517.0,30196475904.0
TSEM,2025-11-27 20:51:26,0.8815363881401617,103.46,5.5725,1.6832005534673733,1402070.0,11600328704.0
URBN,2025-11-27 20:51:26,0.9640161725067384,77.56,13.5412,4.546889087017087,2201717.0,6956969984.0
VERA,2025-11-27 20:51:26,0.9142857142857144,33.33,13.2518,2.0360297219993475,1566651.0,2130722432.0
WSC,2025-11-27 20:51:26,0.7714285714285714,20.18,4.77674,2.407138293520073,3011392.0,3674275328.0
ZYME,2025-11-27 20:51:26,0.7803234501347709,27.33,4.39266,1.973723142968813,1107857.0,2069848064.0
AA,2025-11-27 20:51:27,0.7878706199460916,41.57,6.04592,1.1263496212871054,6789312.0,10765134848.0
AAUC,2025-11-27 20:51:27,0.847843665768194,19.21,9.95993,1.1767382070520434,347729.0,2382039808.0
ALAB,2025-11-27 20:51:27,0.7648247978436657,154.22,6.52024,0.822120743134666,6308251.0,26048315392.0
ANF,2025-11-27 20:51:27,0.8867924528301887,95.14,5.42997,2.338948691518678,2038279.0,4532785152.0
ARMN,2025-11-27 20:51:27,0.738544474393531,14.02,6.85976,1.0110255957757566,1722628.0,2856803328.0
ARWR,2025-11-27 20:51:27,0.9564690026954176,57.71,23.3383,2.959194781262793,2386631.0,7978843136.0
ASML,2025-11-27 20:51:27,0.7797843665768195,1040.97,3.76288,0.9998390114155542,1571540.0,404050083840.0
ATMU,2025-11-27 20:51:27,0.9048517520215632,51.04,6.26692,3.4957543676574545,712968.0,4193037312.0
BBAR,2025-11-27 20:51:27,0.8115902964959568,15.92,10.7093,1.133741617093709,1475771.0,3666923776.0
BE,2025-11-27 20:51:27,0.7706199460916442,101.14,7.26482,0.8811704963631413,15047189.0,23920697344.0
BMA,2025-11-27 20:51:27,0.8502695417789757,82.21,7.4781,1.0225915362868752,801185.0,5256617472.0
BMNR,2025-11-27 20:51:27,0.7797843665768194,31.74,9.789,1.0886932511341982,44759595.0,12190312448.0
BURL,2025-11-27 20:51:27,0.8703504043126685,260.65,4.40617,1.6806157039151264,1073503.0,16401924096.0
CIFR,2025-11-27 20:51:27,0.7407008086253369,19.15,9.30365,1.0795348490135428,52304393.0,7566012928.0
CLSK,2025-11-27 20:51:27,0.8206199460916442,13.45,13.7902,2.0903752068297985,33470153.0,3595666176.0
COIN,2025-11-27 20:51:27,0.7723719676549865,264.97,4.26964,0.9885861583303052,9626382.0,71447519232.0
CRDO,2025-11-27 20:51:27,0.7684636118598382,164.01,6.37567,0.8363945736344021,6195528.0,28373008384.0
DELL,2025-11-27 20:51:27,0.8867924528301887,133.26,5.82909,2.0634147097851683,7932434.0,89600442368.0
DUOL,2025-11-27 20:51:27,0.9128032345013476,188.43,7.20869,1.3737204156613996,1950145.0,8710620160.0
ECG,2025-11-27 20:51:27,0.776954177897574,90.71,3.72785,1.2336408438686703,486379.0,4626806272.0
ETOR,2025-11-27 20:51:27,0.817654986522911,41.98,5.18667,1.4155801354287352,1183353.0,3513893632.0
EWTX,2025-11-27 20:51:27,0.8056603773584906,25.52,6.06817,1.2595181554285098,1037596.0,2701762560.0
FBIN,2025-11-27 20:51:27,0.7385444743935311,51.51,3.87174,1.1394550559034364,1606073.0,6188326912.0
FLNC,2025-11-27 20:51:27,0.7952830188679245,18.99,13.2379,1.0754803555916277,7693207.0,3472675328.0
FN,2025-11-27 20:51:27,0.8595687331536388,449.06,4.5079,1.2891814690804533,634356.0,16088565760.0
HNGE,2025-11-27 20:51:27,0.7680592991913746,50.05,3.68759,1.7948120400450838,1508300.0,3939906816.0
HOOD,2025-11-27 20:51:27,0.8808625336927224,128.2,10.9284,1.3138446071057803,35711826.0,115276013568.0
ICLR,2025-11-27 20:51:27,0.8820754716981132,183.65,5.22546,1.5996517400108283,1008442.0,14282851328.0
KLIC,2025-11-27 20:51:27,0.7401617250673854,44.96,3.21395,2.7658855600519026,519434.0,2354240512.0
KSS,2025-11-27 20:51:27,0.855121293800539,24.1,7.49331,3.231827319786216,5710440.0,2700999936.0
LITE,2025-11-27 20:51:27,0.8250673854447439,308.28,5.83995,0.9457053733347294,4288417.0,21860933632.0
MESO,2025-11-27 20:51:27,0.8628032345013478,17.37,8.15692,1.803568749112882,246585.0,2236313600.0
MODG,2025-11-27 20:51:27,0.8191374663072777,12.72,8.81096,1.6989049065082702,2517228.0,2338999808.0
NBIX,2025-11-27 20:51:27,0.8983827493261456,151.58,5.60859,1.7754304024330636,957476.0,15113390080.0
ODD,2025-11-27 20:51:27,0.8078167115902966,43.04,4.23831,2.052076834884421,780635.0,2472169216.0
OLMA,2025-11-27 20:51:27,0.8274932614555256,28.12,7.86345,1.2451151363402817,3298915.0,2254096896.0
OSCR,2025-11-27 20:51:27,0.7543126684636119,18.16,8.54752,1.1073495005098293,17530375.0,5229302272.0
PAAS,2025-11-27 20:51:27,0.8140161725067385,42.59,7.85008,1.0889669279077867,6540318.0,17974982656.0
PI,2025-11-27 20:51:27,0.7607816711590296,172.81,4.48636,0.9109141967024024,556587.0,5203159040.0
PKX,2025-11-27 20:51:27,0.8456873315363882,54.96,5.20673,1.4475280266750827,145754.0,16624471040.0
PTCT,2025-11-27 20:51:27,0.8479784366576819,86.25,4.00338,7.275015409153667,1507221.0,6924866048.0
RCUS,2025-11-27 20:51:27,0.7543126684636118,25.56,5.27182,1.1332431369598333,1408778.0,3162501376.0
SYM,2025-11-27 20:51:27,0.9545822102425876,87.3,12.9512,2.5435115096775576,2240028.0,51750776832.0
TER,2025-11-27 20:51:27,0.8487870619946092,179.38,6.98396,0.991242681597686,3775585.0,28534611968.0
TEVA,2025-11-27 20:51:27,0.7690026954177898,26.32,5.32213,1.643266991934531,11163517.0,30196475904.0
TSEM,2025-11-27 20:51:27,0.8815363881401617,103.46,5.5725,1.6832005534673733,1402070.0,11600328704.0
URBN,2025-11-27 20:51:27,0.9640161725067384,77.56,13.5412,4.546889087017087,2201717.0,6956969984.0
VERA,2025-11-27 20:51:27,0.9142857142857144,33.33,13.2518,2.0360297219993475,1566651.0,2130722432.0
WSC,2025-11-27 20:51:27,0.7714285714285714,20.18,4.77674,2.407138293520073,3011392.0,3674275328.0
ZYME,2025-11-27 20:51:27,0.7803234501347709,27.33,4.39266,1.973723142968813,1107857.0,2069848064.0
AA,2025-11-27 21:17:29,0.7896505376344085,41.57,6.04592,1.1263496212871054,6789312.0,10765134848.0
AAUC,2025-11-27 21:17:29,0.8491935483870967,19.21,9.95993,1.1767382070520434,347729.0,2382039808.0
ALAB,2025-11-27 21:17:29,0.7673387096774194,154.22,6.52024,0.822120743134666,6308251.0,26048315392.0
ANF,2025-11-27 21:17:29,0.8870967741935484,95.14,5.42997,2.338948691518678,2038279.0,4532785152.0
ARMN,2025-11-27 21:17:29,0.740994623655914,14.02,6.85976,1.0110255957757566,1722628.0,2856803328.0
ARWR,2025-11-27 21:17:29,0.9565860215053764,57.71,23.3383,2.959194781262793,2386631.0,7978843136.0
ASML,2025-11-27 21:17:29,0.7813172043010753,1040.97,3.76288,0.9998390114155542,1571540.0,404050083840.0
ATMU,2025-11-27 21:17:29,0.9051075268817204,51.04,6.26692,3.4957543676574545,712968.0,4193037312.0
BBAR,2025-11-27 21:17:29,0.812768817204301,15.92,10.7093,1.133741617093709,1475771.0,3666923776.0
BE,2025-11-27 21:17:29,0.7733870967741935,101.14,7.26482,0.8811704963631413,15047189.0,23920697344.0
BMA,2025-11-27 21:17:29,0.8525537634408602,82.21,7.4781,1.0225915362868752,801185.0,5256617472.0
BMNR,2025-11-27 21:17:29,0.7810483870967743,31.74,9.789,1.0886932511341982,44759595.0,12190312448.0
BURL,2025-11-27 21:17:29,0.8716397849462364,260.65,4.40617,1.6806157039151264,1073503.0,16401924096.0
CIFR,2025-11-27 21:17:29,0.7420698924731183,19.15,9.30365,1.0795348490135428,52304393.0,7566012928.0
CLSK,2025-11-27 21:17:29,0.8217741935483871,13.45,13.7902,2.0903752068297985,33470153.0,3595666176.0
COIN,2025-11-27 21:17:29,0.7739247311827958,264.97,4.26964,0.9885861583303052,9626382.0,71447519232.0
CRDO,2025-11-27 21:17:29,0.7709677419354839,164.01,6.37567,0.8363945736344021,6195528.0,28373008384.0
DELL,2025-11-27 21:17:29,0.8875,133.26,5.82909,2.0634147097851683,7932434.0,89600442368.0
DUOL,2025-11-27 21:17:29,0.913978494623656,188.43,7.20869,1.3737204156613996,1950145.0,8710620160.0
ECG,2025-11-27 21:17:29,0.778494623655914,90.71,3.72785,1.2336408438686703,486379.0,4626806272.0
ETOR,2025-11-27 21:17:29,0.8190860215053763,41.98,5.18667,1.4155801354287352,1183353.0,3513893632.0
EWTX,2025-11-27 21:17:29,0.8071236559139785,25.52,6.06817,1.2595181554285098,1037596.0,2701762560.0
FBIN,2025-11-27 21:17:29,0.7401881720430108,51.51,3.87174,1.1394550559034364,1606073.0,6188326912.0
FLNC,2025-11-27 21:17:29,0.7967741935483871,18.99,13.2379,1.0754803555916277,7693207.0,3472675328.0
FN,2025-11-27 21:17:29,0.8608870967741935,449.06,4.5079,1.2891814690804533,634356.0,16088565760.0
HNGE,2025-11-27 21:17:29,0.7696236559139784,50.05,3.68759,1.7948120400450838,1508300.0,3939906816.0
HOOD,2025-11-27 21:17:29,0.8823924731182795,128.2,10.9284,1.3138446071057803,35711826.0,115276013568.0
ICLR,2025-11-27 21:17:29,0.8833333333333334,183.65,5.22546,1.5996517400108283,1008442.0,14282851328.0
KLIC,2025-11-27 21:17:29,0.7408602150537633,44.96,3.21395,2.7658855600519026,519434.0,2354240512.0
KSS,2025-11-27 21:17:29,0.8555107526881721,24.1,7.49331,3.231827319786216,5710440.0,2700999936.0
LITE,2025-11-27 21:17:29,0.8264784946236559,308.28,5.83995,0.9457053733347294,4288417.0,21860933632.0
MESO,2025-11-27 21:17:29,0.8646505376344087,17.37,8.15692,1.803568749112882,246585.0,2236313600.0
MODG,2025-11-27 21:17:29,0.8213709677419355,12.72,8.81096,1.6989049065082702,2517228.0,2338999808.0
NBIX,2025-11-27 21:17:29,0.8995967741935484,151.58,5.60859,1.7754304024330636,957476.0,15113390080.0
ODD,2025-11-27 21:17:29,0.809274193548387,43.04,4.23831,2.052076834884421,780635.0,2472169216.0
OLMA,2025-11-27 21:17:29,0.8288978494623656,28.12,7.86345,1.2451151363402817,3298915.0,2254096896.0
OSCR,2025-11-27 21:17:29,0.7559139784946236,18.16,8.54752,1.1073495005098293,17530375.0,5229302272.0
PAAS,2025-11-27 21:17:29,0.8157258064516129,42.59,7.85008,1.0889669279077867,6540318.0,17974982656.0
PI,2025-11-27 21:17:29,0.7623655913978495,172.81,4.48636,0.9109141967024024,556587.0,5203159040.0
PKX,2025-11-27 21:17:29,0.8470430107526882,54.96,5.20673,1.4475280266750827,145754.0,16624471040.0
PTCT,2025-11-27 21:17:29,0.8483870967741935,86.25,4.00338,7.275015409153667,1507221.0,6924866048.0
RCUS,2025-11-27 21:17:29,0.7559139784946236,25.56,5.27182,1.1332431369598333,1408778.0,3162501376.0
SYM,2025-11-27 21:17:29,0.9547043010752688,87.3,12.9512,2.5435115096775576,2240028.0,51750776832.0
TER,2025-11-27 21:17:29,0.8501344086021505,179.38,6.98396,0.991242681597686,3775585.0,28534611968.0
TEVA,2025-11-27 21:17:29,0.7711021505376344,26.32,5.32213,1.643266991934531,11163517.0,30196475904.0
TSEM,2025-11-27 21:17:29,0.8827956989247312,103.46,5.5725,1.6832005534673733,1402070.0,11600328704.0
URBN,2025-11-27 21:17:29,0.9641129032258065,77.56,13.5412,4.546889087017087,2201717.0,6956969984.0
VERA,2025-11-27 21:17:29,0.9149193548387096,33.33,13.2518,2.0360297219993475,1566651.0,2130722432.0
WSC,2025-11-27 21:17:29,0.7728494623655914,20.18,4.77674,2.407138293520073,3011392.0,3674275328.0
ZYME,2025-11-27 21:17:29,0.7823924731182795,27.33,4.39266,1.973723142968813,1107857.0,2069848064.0
AA,2025-11-27 21:17:30,0.7896505376344085,41.57,6.04592,1.1263496212871054,6789312.0,10765134848.0
AAUC,2025-11-27 21:17:30,0.8491935483870967,19.21,9.95993,1.1767382070520434,347729.0,2382039808.0
ALAB,2025-11-27 21:17:30,0.7673387096774194,154.22,6.52024,0.822120743134666,6308251.0,26048315392.0
ANF,2025-11-27 21:17:30,0.8870967741935484,95.14,5.42997,2.338948691518678,2038279.0,4532785152.0
ARMN,2025-11-27 21:17:30,0.740994623655914,14.02,6.85976,1.0110255957757566,1722628.0,2856803328.0
ARWR,2025-11-27 21:17:30,0.9565860215053764,57.71,23.3383,2.959194781262793,2386631.0,7978843136.0
ASML,2025-11-27 21:17:30,0.7813172043010753,1040.97,3.76288,0.9998390114155542,1571540.0,404050083840.0
ATMU,2025-11-27 21:17:30,0.9051075268817204,51.04,6.26692,3.4957543676574545,712968.0,4193037312.0
BBAR,2025-11-27 21:17:30,0.812768817204301,15.92,10.7093,1.133741617093709,1475771.0,3666923776.0
BE,2025-11-27 21:17:30,0.7733870967741935,101.14,7.26482,0.8811704963631413,15047189.0,23920697344.0
BMA,2025-11-27 21:17:30,0.8525537634408602,82.21,7.4781,1.0225915362868752,801185.0,5256617472.0
BMNR,2025-11-27 21:17:30,0.7810483870967743,31.74,9.789,1.0886932511341982,44759595.0,12190312448.0
BURL,2025-11-27 21:17:30,0.8716397849462364,260.65,4.40617,1.6806157039151264,1073503.0,16401924096.0
CIFR,2025-11-27 21:17:30,0.7420698924731183,19.15,9.30365,1.0795348490135428,52304393.0,7566012928.0
CLSK,2025-11-27 21:17:30,0.8217741935483871,13.45,13.7902,2.0903752068297985,33470153.0,3595666176.0
COIN,2025-11-27 21:17:30,0.7739247311827958,264.97,4.26964,0.9885861583303052,9626382.0,71447519232.0
CRDO,2025-11-27 21:17:30,0.7709677419354839,164.01,6.37567,0.8363945736344021,6195528.0,28373008384.0
DELL,2025-11-27 21:17:30,0.8875,133.26,5.82909,2.0634147097851683,7932434.0,89600442368.0
DUOL,2025-11-27 21:17:30,0.913978494623656,188.43,7.20869,1.3737204156613996,1950145.0,8710620160.0
ECG,2025-11-27 21:17:30,0.778494623655914,90.71,3.72785,1.2336408438686703,486379.0,4626806272.0
ETOR,2025-11-27 21:17:30,0.8190860215053763,41.98,5.18667,1.4155801354287352,1183353.0,3513893632.0
EWTX,2025-11-27 21:17:30,0.8071236559139785,25.52,6.06817,1.2595181554285098,1037596.0,2701762560.0
FBIN,2025-11-27 21:17:30,0.7401881720430108,51.51,3.87174,1.1394550559034364,1606073.0,6188326912.0
FLNC,2025-11-27 21:17:30,0.7967741935483871,18.99,13.2379,1.0754803555916277,7693207.0,3472675328.0
FN,2025-11-27 21:17:30,0.8608870967741935,449.06,4.5079,1.2891814690804533,634356.0,16088565760.0
HNGE,2025-11-27 21:17:30,0.7696236559139784,50.05,3.68759,1.7948120400450838,1508300.0,3939906816.0
HOOD,2025-11-27 21:17:30,0.8823924731182795,128.2,10.9284,1.3138446071057803,35711826.0,115276013568.0
ICLR,2025-11-27 21:17:30,0.8833333333333334,183.65,5.22546,1.5996517400108283,1008442.0,14282851328.0
KLIC,2025-11-27 21:17:30,0.7408602150537633,44.96,3.21395,2.7658855600519026,519434.0,2354240512.0
KSS,2025-11-27 21:17:30,0.8555107526881721,24.1,7.49331,3.231827319786216,5710440.0,2700999936.0
LITE,2025-11-27 21:17:30,0.8264784946236559,308.28,5.83995,0.9457053733347294,4288417.0,21860933632.0
MESO,2025-11-27 21:17:30,0.8646505376344087,17.37,8.15692,1.803568749112882,246585.0,2236313600.0
MODG,2025-11-27 21:17:30,0.8213709677419355,12.72,8.81096,1.6989049065082702,2517228.0,2338999808.0
NBIX,2025-11-27 21:17:30,0.8995967741935484,151.58,5.60859,1.7754304024330636,957476.0,15113390080.0
ODD,2025-11-27 21:17:30,0.809274193548387,43.04,4.23831,2.052076834884421,780635.0,2472169216.0
OLMA,2025-11-27 21:17:30,0.8288978494623656,28.12,7.86345,1.2451151363402817,3298915.0,2254096896.0
OSCR,2025-11-27 21:17:30,0.7559139784946236,18.16,8.54752,1.1073495005098293,17530375.0,5229302272.0
PAAS,2025-11-27 21:17:30,0.8157258064516129,42.59,7.85008,1.0889669279077867,6540318.0,17974982656.0
PI,2025-11-27 21:17:30,0.7623655913978495,172.81,4.48636,0.9109141967024024,556587.0,5203159040.0
PKX,2025-11-27 21:17:30,0.8470430107526882,54.96,5.20673,1.4475280266750827,145754.0,16624471040.0
PTCT,2025-11-27 21:17:30,0.8483870967741935,86.25,4.00338,7.275015409153667,1507221.0,6924866048.0
RCUS,2025-11-27 21:17:30,0.7559139784946236,25.56,5.27182,1.1332431369598333,1408778.0,3162501376.0
SYM,2025-11-27 21:17:30,0.9547043010752688,87.3,12.9512,2.5435115096775576,2240028.0,51750776832.0
TER,2025-11-27 21:17:30,0.8501344086021505,179.38,6.98396,0.991242681597686,3775585.0,28534611968.0
TEVA,2025-11-27 21:17:30,0.7711021505376344,26.32,5.32213,1.643266991934531,11163517.0,30196475904.0
TSEM,2025-11-27 21:17:30,0.8827956989247312,103.46,5.5725,1.6832005534673733,1402070.0,11600328704.0
URBN,2025-11-27 21:17:30,0.9641129032258065,77.56,13.5412,4.546889087017087,2201717.0,6956969984.0
VERA,2025-11-27 21:17:30,0.9149193548387096,33.33,13.2518,2.0360297219993475,1566651.0,2130722432.0
WSC,2025-11-27 21:17:30,0.7728494623655914,20.18,4.77674,2.407138293520073,3011392.0,3674275328.0
ZYME,2025-11-27 21:17:30,0.7823924731182795,27.33,4.39266,1.973723142968813,1107857.0,2069848064.0
AA,2025-11-27 21:38:05,0.7878706199460916,41.57,6.04592,1.1263496212871054,6789312.0,10765134848.0
AAUC,2025-11-27 21:38:05,0.847843665768194,19.21,9.95993,1.1767382070520434,347729.0,2382039808.0
ALAB,2025-11-27 21:38:05,0.7648247978436657,154.22,6.52024,0.822120743134666,6308251.0,26048315392.0
ANF,2025-11-27 21:38:05,0.8867924528301887,95.14,5.42997,2.338948691518678,2038279.0,4532785152.0
ARMN,2025-11-27 21:38:05,0.738544474393531,14.02,6.85976,1.0110255957757566,1722628.0,2856803328.0
ARWR,2025-11-27 21:38:05,0.9564690026954176,57.71,23.3383,2.959194781262793,2386631.0,7978843136.0
ASML,2025-11-27 21:38:05,0.7797843665768195,1040.97,3.76288,0.9998390114155542,1571540.0,404050083840.0
ATMU,2025-11-27 21:38:05,0.9048517520215632,51.04,6.26692,3.4957543676574545,712968.0,4193037312.0
BBAR,2025-11-27 21:38:05,0.8115902964959568,15.92,10.7093,1.133741617093709,1475771.0,3666923776.0
BE,2025-11-27 21:38:05,0.7706199460916442,101.14,7.26482,0.8811704963631413,15047189.0,23920697344.0
BMA,2025-11-27 21:38:05,0.8502695417789757,82.21,7.4781,1.0225915362868752,801185.0,5256617472.0
BMNR,2025-11-27 21:38:05,0.7797843665768194,31.74,9.789,1.0886932511341982,44759595.0,12190312448.0
BURL,2025-11-27 21:38:05,0.8703504043126685,260.65,4.40617,1.6806157039151264,1073503.0,16401924096.0
CIFR,2025-11-27 21:38:05,0.7407008086253369,19.15,9.30365,1.0795348490135428,52304393.0,7566012928.0
CLSK,2025-11-27 21:38:05,0.8206199460916442,13.45,13.7902,2.0903752068297985,33470153.0,3595666176.0
COIN,2025-11-27 21:38:05,0.7723719676549865,264.97,4.26964,0.9885861583303052,9626382.0,71447519232.0
CRDO,2025-11-27 21:38:05,0.7684636118598382,164.01,6.37567,0.8363945736344021,6195528.0,28373008384.0
DELL,2025-11-27 21:38:05,0.8867924528301887,133.26,5.82909,2.0634147097851683,7932434.0,89600442368.0
DUOL,2025-11-27 21:38:05,0.9128032345013476,188.43,7.20869,1.3737204156613996,1950145.0,8710620160.0
ECG,2025-11-27 21:38:05,0.776954177897574,90.71,3.72785,1.2336408438686703,486379.0,4626806272.0
ETOR,2025-11-27 21:38:05,0.817654986522911,41.98,5.18667,1.4155801354287352,1183353.0,3513893632.0
EWTX,2025-11-27 21:38:05,0.8056603773584906,25.52,6.06817,1.2595181554285098,1037596.0,2701762560.0
FBIN,2025-11-27 21:38:05,0.7385444743935311,51.51,3.87174,1.1394550559034364,1606073.0,6188326912.0
FLNC,2025-11-27 21:38:05,0.7952830188679245,18.99,13.2379,1.0754803555916277,7693207.0,3472675328.0
FN,2025-11-27 21:38:05,0.8595687331536388,449.06,4.5079,1.2891814690804533,634356.0,16088565760.0
HNGE,2025-11-27 21:38:05,0.7680592991913746,50.05,3.68759,1.7948120400450838,1508300.0,3939906816.0
HOOD,2025-11-27 21:38:05,0.8808625336927224,128.2,10.9284,1.3138446071057803,35711826.0,115276013568.0
ICLR,2025-11-27 21:38:05,0.8820754716981132,183.65,5.22546,1.5996517400108283,1008442.0,14282851328.0
KLIC,2025-11-27 21:38:05,0.7401617250673854,44.96,3.21395,2.7658855600519026,519434.0,2354240512.0
KSS,2025-11-27 21:38:05,0.855121293800539,24.1,7.49331,3.231827319786216,5710440.0,2700999936.0
LITE,2025-11-27 21:38:05,0.8250673854447439,308.28,5.83995,0.9457053733347294,4288417.0,21860933632.0
MESO,2025-11-27 21:38:05,0.8628032345013478,17.37,8.15692,1.803568749112882,246585.0,2236313600.0
MODG,2025-11-27 21:38:05,0.8191374663072777,12.72,8.81096,1.6989049065082702,2517228.0,2338999808.0
NBIX,2025-11-27 21:38:05,0.8983827493261456,151.58,5.60859,1.7754304024330636,957476.0,15113390080.0
ODD,2025-11-27 21:38:05,0.8078167115902966,43.04,4.23831,2.052076834884421,780635.0,2472169216.0
OLMA,2025-11-27 21:38:05,0.8274932614555256,28.12,7.86345,1.2451151363402817,3298915.0,2254096896.0
OSCR,2025-11-27 21:38:05,0.7543126684636119,18.16,8.54752,1.1073495005098293,17530375.0,5229302272.0
PAAS,2025-11-27 21:38:05,0.8140161725067385,42.59,7.85008,1.0889669279077867,6540318.0,17974982656.0
PI,2025-11-27 21:38:05,0.7607816711590296,172.81,4.48636,0.9109141967024024,556587.0,5203159040.0
PKX,2025-11-27 21:38:05,0.8456873315363882,54.96,5.20673,1.4475280266750827,145754.0,16624471040.0
PTCT,2025-11-27 21:38:05,0.8479784366576819,86.25,4.00338,7.275015409153667,1507221.0,6924866048.0
RCUS,2025-11-27 21:38:05,0.7543126684636118,25.56,5.27182,1.1332431369598333,1408778.0,3162501376.0
SYM,2025-11-27 21:38:05,0.9545822102425876,87.3,12.9512,2.5435115096775576,2240028.0,51750776832.0
TER,2025-11-27 21:38:05,0.8487870619946092,179.38,6.98396,0.991242681597686,3775585.0,28534611968.0
TEVA,2025-11-27 21:38:05,0.7690026954177898,26.32,5.32213,1.643266991934531,11163517.0,30196475904.0
TSEM,2025-11-27 21:38:05,0.8815363881401617,103.46,5.5725,1.6832005534673733,1402070.0,11600328704.0
URBN,2025-11-27 21:38:05,0.9640161725067384,77.56,13.5412,4.546889087017087,2201717.0,6956969984.0
VERA,2025-11-27 21:38:05,0.9142857142857144,33.33,13.2518,2.0360297219993475,1566651.0,2130722432.0
WSC,2025-11-27 21:38:05,0.7714285714285714,20.18,4.77674,2.407138293520073,3011392.0,3674275328.0
ZYME,2025-11-27 21:38:05,0.7803234501347709,27.33,4.39266,1.973723142968813,1107857.0,2069848064.0
AA,2025-11-27 21:38:06,0.7878706199460916,41.57,6.04592,1.1263496212871054,6789312.0,10765134848.0
AAUC,2025-11-27 21:38:06,0.847843665768194,19.21,9.95993,1.1767382070520434,347729.0,2382039808.0
ALAB,2025-11-27 21:38:06,0.7648247978436657,154.22,6.52024,0.822120743134666,6308251.0,26048315392.0
ANF,2025-11-27 21:38:06,0.8867924528301887,95.14,5.42997,2.338948691518678,2038279.0,4532785152.0
ARMN,2025-11-27 21:38:06,0.738544474393531,14.02,6.85976,1.0110255957757566,1722628.0,2856803328.0
ARWR,2025-11-27 21:38:06,0.9564690026954176,57.71,23.3383,2.959194781262793,2386631.0,7978843136.0
ASML,2025-11-27 21:38:06,0.7797843665768195,1040.97,3.76288,0.9998390114155542,1571540.0,404050083840.0
ATMU,2025-11-27 21:38:06,0.9048517520215632,51.04,6.26692,3.4957543676574545,712968.0,4193037312.0
BBAR,2025-11-27 21:38:06,0.8115902964959568,15.92,10.7093,1.133741617093709,1475771.0,3666923776.0
BE,2025-11-27 21:38:06,0.7706199460916442,101.14,7.26482,0.8811704963631413,15047189.0,23920697344.0
BMA,2025-11-27 21:38:06,0.8502695417789757,82.21,7.4781,1.0225915362868752,801185.0,5256617472.0
BMNR,2025-11-27 21:38:06,0.7797843665768194,31.74,9.789,1.0886932511341982,44759595.0,12190312448.0
BURL,2025-11-27 21:38:06,0.8703504043126685,260.65,4.40617,1.6806157039151264,1073503.0,16401924096.0
CIFR,2025-11-27 21:38:06,0.7407008086253369,19.15,9.30365,1.0795348490135428,52304393.0,7566012928.0
CLSK,2025-11-27 21:38:06,0.8206199460916442,13.45,13.7902,2.0903752068297985,33470153.0,3595666176.0
COIN,2025-11-27 21:38:06,0.7723719676549865,264.97,4.26964,0.9885861583303052,9626382.0,71447519232.0
CRDO,2025-11-27 21:38:06,0.7684636118598382,164.01,6.37567,0.8363945736344021,6195528.0,28373008384.0
DELL,2025-11-27 21:38:06,0.8867924528301887,133.26,5.82909,2.0634147097851683,7932434.0,89600442368.0
DUOL,2025-11-27 21:38:06,0.9128032345013476,188.43,7.20869,1.3737204156613996,1950145.0,8710620160.0
ECG,2025-11-27 21:38:06,0.776954177897574,90.71,3.72785,1.2336408438686703,486379.0,4626806272.0
ETOR,2025-11-27 21:38:06,0.817654986522911,41.98,5.18667,1.4155801354287352,1183353.0,3513893632.0
EWTX,2025-11-27 21:38:06,0.8056603773584906,25.52,6.06817,1.2595181554285098,1037596.0,2701762560.0
FBIN,2025-11-27 21:38:06,0.7385444743935311,51.51,3.87174,1.1394550559034364,1606073.0,6188326912.0
FLNC,2025-11-27 21:38:06,0.7952830188679245,18.99,13.2379,1.0754803555916277,7693207.0,3472675328.0
FN,2025-11-27 21:38:06,0.8595687331536388,449.06,4.5079,1.2891814690804533,634356.0,16088565760.0
HNGE,2025-11-27 21:38:06,0.7680592991913746,50.05,3.68759,1.7948120400450838,1508300.0,3939906816.0
HOOD,2025-11-27 21:38:06,0.8808625336927224,128.2,10.9284,1.3138446071057803,35711826.0,115276013568.0
ICLR,2025-11-27 21:38:06,0.8820754716981132,183.65,5.22546,1.5996517400108283,1008442.0,14282851328.0
KLIC,2025-11-27 21:38:06,0.7401617250673854,44.96,3.21395,2.7658855600519026,519434.0,2354240512.0
KSS,2025-11-27 21:38:06,0.855121293800539,24.1,7.49331,3.231827319786216,5710440.0,2700999936.0
LITE,2025-11-27 21:38:06,0.8250673854447439,308.28,5.83995,0.9457053733347294,4288417.0,21860933632.0
MESO,2025-11-27 21:38:06,0.8628032345013478,17.37,8.15692,1.803568749112882,246585.0,2236313600.0
MODG,2025-11-27 21:38:06,0.8191374663072777,12.72,8.81096,1.6989049065082702,2517228.0,2338999808.0
NBIX,2025-11-27 21:38:06,0.8983827493261456,151.58,5.60859,1.7754304024330636,957476.0,15113390080.0
ODD,2025-11-27 21:38:06,0.8078167115902966,43.04,4.23831,2.052076834884421,780635.0,2472169216.0
OLMA,2025-11-27 21:38:06,0.8274932614555256,28.12,7.86345,1.2451151363402817,3298915.0,2254096896.0
OSCR,2025-11-27 21:38:06,0.7543126684636119,18.16,8.54752,1.1073495005098293,17530375.0,5229302272.0
PAAS,2025-11-27 21:38:06,0.8140161725067385,42.59,7.85008,1.0889669279077867,6540318.0,17974982656.0
PI,2025-11-27 21:38:06,0.7607816711590296,172.81,4.48636,0.9109141967024024,556587.0,5203159040.0
PKX,2025-11-27 21:38:06,0.8456873315363882,54.96,5.20673,1.4475280266750827,145754.0,16624471040.0
PTCT,2025-11-27 21:38:06,0.8479784366576819,86.25,4.00338,7.275015409153667,1507221.0,6924866048.0
RCUS,2025-11-27 21:38:06,0.7543126684636118,25.56,5.27182,1.1332431369598333,1408778.0,3162501376.0
SYM,2025-11-27 21:38:06,0.9545822102425876,87.3,12.9512,2.5435115096775576,2240028.0,51750776832.0
TER,2025-11-27 21:38:06,0.8487870619946092,179.38,6.98396,0.991242681597686,3775585.0,28534611968.0
TEVA,2025-11-27 21:38:06,0.7690026954177898,26.32,5.32213,1.643266991934531,11163517.0,30196475904.0
TSEM,2025-11-27 21:38:06,0.8815363881401617,103.46,5.5725,1.6832005534673733,1402070.0,11600328704.0
URBN,2025-11-27 21:38:06,0.9640161725067384,77.56,13.5412,4.546889087017087,2201717.0,6956969984.0
VERA,2025-11-27 21:38:06,0.9142857142857144,33.33,13.2518,2.0360297219993475,1566651.0,2130722432.0
WSC,2025-11-27 21:38:06,0.7714285714285714,20.18,4.77674,2.407138293520073,3011392.0,3674275328.0
ZYME,2025-11-27 21:38:06,0.7803234501347709,27.33,4.39266,1.973723142968813,1107857.0,2069848064.0
AA,2025-11-27 21:51:05,0.7878706199460916,41.57,6.04592,1.1263496212871054,6789312.0,10765134848.0
AAUC,2025-11-27 21:51:05,0.847843665768194,19.21,9.95993,1.1767382070520434,347729.0,2382039808.0
ALAB,2025-11-27 21:51:05,0.7648247978436657,154.22,6.52024,0.822120743134666,6308251.0,26048315392.0
ANF,2025-11-27 21:51:05,0.8867924528301887,95.14,5.42997,2.338948691518678,2038279.0,4532785152.0
ARMN,2025-11-27 21:51:05,0.738544474393531,14.02,6.85976,1.0110255957757566,1722628.0,2856803328.0
ARWR,2025-11-27 21:51:05,0.9564690026954176,57.71,23.3383,2.959194781262793,2386631.0,7978843136.0
ASML,2025-11-27 21:51:05,0.7797843665768195,1040.97,3.76288,0.9998390114155542,1571540.0,404050083840.0
ATMU,2025-11-27 21:51:05,0.9048517520215632,51.04,6.26692,3.4957543676574545,712968.0,4193037312.0
BBAR,2025-11-27 21:51:05,0.8115902964959568,15.92,10.7093,1.133741617093709,1475771.0,3666923776.0
BE,2025-11-27 21:51:05,0.7706199460916442,101.14,7.26482,0.8811704963631413,15047189.0,23920697344.0
BMA,2025-11-27 21:51:05,0.8502695417789757,82.21,7.4781,1.0225915362868752,801185.0,5256617472.0
BMNR,2025-11-27 21:51:05,0.7797843665768194,31.74,9.789,1.0886932511341982,44759595.0,12190312448.0
BURL,2025-11-27 21:51:05,0.8703504043126685,260.65,4.40617,1.6806157039151264,1073503.0,16401924096.0
CIFR,2025-11-27 21:51:05,0.7407008086253369,19.15,9.30365,1.0795348490135428,52304393.0,7566012928.0
CLSK,2025-11-27 21:51:05,0.8206199460916442,13.45,13.7902,2.0903752068297985,33470153.0,3595666176.0
COIN,2025-11-27 21:51:05,0.7723719676549865,264.97,4.26964,0.9885861583303052,9626382.0,71447519232.0
CRDO,2025-11-27 21:51:05,0.7684636118598382,164.01,6.37567,0.8363945736344021,6195528.0,28373008384.0
DELL,2025-11-27 21:51:05,0.8867924528301887,133.26,5.82909,2.0634147097851683,7932434.0,89600442368.0
DUOL,2025-11-27 21:51:05,0.9128032345013476,188.43,7.20869,1.3737204156613996,1950145.0,8710620160.0
ECG,2025-11-27 21:51:05,0.776954177897574,90.71,3.72785,1.2336408438686703,486379.0,4626806272.0
ETOR,2025-11-27 21:51:05,0.817654986522911,41.98,5.18667,1.4155801354287352,1183353.0,3513893632.0
EWTX,2025-11-27 21:51:05,0.8056603773584906,25.52,6.06817,1.2595181554285098,1037596.0,2701762560.0
FBIN,2025-11-27 21:51:05,0.7385444743935311,51.51,3.87174,1.1394550559034364,1606073.0,6188326912.0
FLNC,2025-11-27 21:51:05,0.7952830188679245,18.99,13.2379,1.0754803555916277,7693207.0,3472675328.0
FN,2025-11-27 21:51:05,0.8595687331536388,449.06,4.5079,1.2891814690804533,634356.0,16088565760.0
HNGE,2025-11-27 21:51:05,0.7680592991913746,50.05,3.68759,1.7948120400450838,1508300.0,3939906816.0
HOOD,2025-11-27 21:51:05,0.8808625336927224,128.2,10.9284,1.3138446071057803,35711826.0,115276013568.0
ICLR,2025-11-27 21:51:05,0.8820754716981132,183.65,5.22546,1.5996517400108283,1008442.0,14282851328.0
KLIC,2025-11-27 21:51:05,0.7401617250673854,44.96,3.21395,2.7658855600519026,519434.0,2354240512.0
KSS,2025-11-27 21:51:05,0.855121293800539,24.1,7.49331,3.231827319786216,5710440.0,2700999936.0
LITE,2025-11-27 21:51:05,0.8250673854447439,308.28,5.83995,0.9457053733347294,4288417.0,21860933632.0
MESO,2025-11-27 21:51:05,0.8628032345013478,17.37,8.15692,1.803568749112882,246585.0,2236313600.0
MODG,2025-11-27 21:51:05,0.8191374663072777,12.72,8.81096,1.6989049065082702,2517228.0,2338999808.0
NBIX,2025-11-27 21:51:05,0.8983827493261456,151.58,5.60859,1.7754304024330636,957476.0,15113390080.0
ODD,2025-11-27 21:51:05,0.8078167115902966,43.04,4.23831,2.052076834884421,780635.0,2472169216.0
OLMA,2025-11-27 21:51:05,0.8274932614555256,28.12,7.86345,1.2451151363402817,3298915.0,2254096896.0
OSCR,2025-11-27 21:51:05,0.7543126684636119,18.16,8.54752,1.1073495005098293,17530375.0,5229302272.0
PAAS,2025-11-27 21:51:05,0.8140161725067385,42.59,7.85008,1.0889669279077867,6540318.0,17974982656.0
PI,2025-11-27 21:51:05,0.7607816711590296,172.81,4.48636,0.9109141967024024,556587.0,5203159040.0
PKX,2025-11-27 21:51:05,0.8456873315363882,54.96,5.20673,1.4475280266750827,145754.0,16624471040.0
PTCT,2025-11-27 21:51:05,0.8479784366576819,86.25,4.00338,7.275015409153667,1507221.0,6924866048.0
RCUS,2025-11-27 21:51:05,0.7543126684636118,25.56,5.27182,1.1332431369598333,1408778.0,3162501376.0
SYM,2025-11-27 21:51:05,0.9545822102425876,87.3,12.9512,2.5435115096775576,2240028.0,51750776832.0
TER,2025-11-27 21:51:05,0.8487870619946092,179.38,6.98396,0.991242681597686,3775585.0,28534611968.0
TEVA,2025-11-27 21:51:05,0.7690026954177898,26.32,5.32213,1.643266991934531,11163517.0,30196475904.0
TSEM,2025-11-27 21:51:05,0.8815363881401617,103.46,5.5725,1.6832005534673733,1402070.0,11600328704.0
URBN,2025-11-27 21:51:05,0.9640161725067384,77.56,13.5412,4.546889087017087,2201717.0,6956969984.0
VERA,2025-11-27 21:51:05,0.9142857142857144,33.33,13.2518,2.0360297219993475,1566651.0,2130722432.0
WSC,2025-11-27 21:51:05,0.7714285714285714,20.18,4.77674,2.407138293520073,3011392.0,3674275328.0
ZYME,2025-11-27 21:51:05,0.7803234501347709,27.33,4.39266,1.973723142968813,1107857.0,2069848064.0
AA,2025-11-27 22:18:19,0.7878706199460916,41.57,6.04592,1.1263496212871054,6789312.0,10765134848.0
AAUC,2025-11-27 22:18:19,0.847843665768194,19.21,9.95993,1.1767382070520434,347729.0,2382039808.0
ALAB,2025-11-27 22:18:19,0.7648247978436657,154.22,6.52024,0.822120743134666,6308251.0,26048315392.0
ANF,2025-11-27 22:18:19,0.8867924528301887,95.14,5.42997,2.338948691518678,2038279.0,4532785152.0
ARMN,2025-11-27 22:18:19,0.738544474393531,14.02,6.85976,1.0110255957757566,1722628.0,2856803328.0
ARWR,2025-11-27 22:18:19,0.9564690026954176,57.71,23.3383,2.959194781262793,2386631.0,7978843136.0
ASML,2025-11-27 22:18:19,0.7797843665768195,1040.97,3.76288,0.9998390114155542,1571540.0,404050083840.0
ATMU,2025-11-27 22:18:19,0.9048517520215632,51.04,6.26692,3.4957543676574545,712968.0,4193037312.0
BBAR,2025-11-27 22:18:19,0.8115902964959568,15.92,10.7093,1.133741617093709,1475771.0,3666923776.0
BE,2025-11-27 22:18:19,0.7706199460916442,101.14,7.26482,0.8811704963631413,15047189.0,23920697344.0
BMA,2025-11-27 22:18:19,0.8502695417789757,82.21,7.4781,1.0225915362868752,801185.0,5256617472.0
BMNR,2025-11-27 22:18:19,0.7797843665768194,31.74,9.789,1.0886932511341982,44759595.0,12190312448.0
BURL,2025-11-27 22:18:19,0.8703504043126685,260.65,4.40617,1.6806157039151264,1073503.0,16401924096.0
CIFR,2025-11-27 22:18:19,0.7407008086253369,19.15,9.30365,1.0795348490135428,52304393.0,7566012928.0
CLSK,2025-11-27 22:18:19,0.8206199460916442,13.45,13.7902,2.0903752068297985,33470153.0,3595666176.0
COIN,2025-11-27 22:18:19,0.7723719676549865,264.97,4.26964,0.9885861583303052,9626382.0,71447519232.0
CRDO,2025-11-27 22:18:19,0.7684636118598382,164.01,6.37567,0.8363945736344021,6195528.0,28373008384.0
DELL,2025-11-27 22:18:19,0.8867924528301887,133.26,5.82909,2.0634147097851683,7932434.0,89600442368.0
DUOL,2025-11-27 22:18:19,0.9128032345013476,188.43,7.20869,1.3737204156613996,1950145.0,8710620160.0
ECG,2025-11-27 22:18:19,0.776954177897574,90.71,3.72785,1.2336408438686703,486379.0,4626806272.0
ETOR,2025-11-27 22:18:19,0.817654986522911,41.98,5.18667,1.4155801354287352,1183353.0,3513893632.0
EWTX,2025-11-27 22:18:19,0.8056603773584906,25.52,6.06817,1.2595181554285098,1037596.0,2701762560.0
FBIN,2025-11-27 22:18:19,0.7385444743935311,51.51,3.87174,1.1394550559034364,1606073.0,6188326912.0
FLNC,2025-11-27 22:18:19,0.7952830188679245,18.99,13.2379,1.0754803555916277,7693207.0,3472675328.0
FN,2025-11-27 22:18:19,0.8595687331536388,449.06,4.5079,1.2891814690804533,634356.0,16088565760.0
HNGE,2025-11-27 22:18:19,0.7680592991913746,50.05,3.68759,1.7948120400450838,1508300.0,3939906816.0
HOOD,2025-11-27 22:18:19,0.8808625336927224,128.2,10.9284,1.3138446071057803,35711826.0,115276013568.0
ICLR,2025-11-27 22:18:19,0.8820754716981132,183.65,5.22546,1.5996517400108283,1008442.0,14282851328.0
KLIC,2025-11-27 22:18:19,0.7401617250673854,44.96,3.21395,2.7658855600519026,519434.0,2354240512.0
KSS,2025-11-27 22:18:19,0.855121293800539,24.1,7.49331,3.231827319786216,5710440.0,2700999936.0
LITE,2025-11-27 22:18:19,0.8250673854447439,308.28,5.83995,0.9457053733347294,4288417.0,21860933632.0
MESO,2025-11-27 22:18:19,0.8628032345013478,17.37,8.15692,1.803568749112882,246585.0,2236313600.0
MODG,2025-11-27 22:18:19,0.8191374663072777,12.72,8.81096,1.6989049065082702,2517228.0,2338999808.0
NBIX,2025-11-27 22:18:19,0.8983827493261456,151.58,5.60859,1.7754304024330636,957476.0,15113390080.0
ODD,2025-11-27 22:18:19,0.8078167115902966,43.04,4.23831,2.052076834884421,780635.0,2472169216.0
OLMA,2025-11-27 22:18:19,0.8274932614555256,28.12,7.86345,1.2451151363402817,3298915.0,2254096896.0
OSCR,2025-11-27 22:18:19,0.7543126684636119,18.16,8.54752,1.1073495005098293,17530375.0,5229302272.0
PAAS,2025-11-27 22:18:19,0.8140161725067385,42.59,7.85008,1.0889669279077867,6540318.0,17974982656.0
PI,2025-11-27 22:18:19,0.7607816711590296,172.81,4.48636,0.9109141967024024,556587.0,5203159040.0
PKX,2025-11-27 22:18:19,0.8456873315363882,54.96,5.20673,1.4475280266750827,145754.0,16624471040.0
PTCT,2025-11-27 22:18:19,0.8479784366576819,86.25,4.00338,7.275015409153667,1507221.0,6924866048.0
RCUS,2025-11-27 22:18:19,0.7543126684636118,25.56,5.27182,1.1332431369598333,1408778.0,3162501376.0
SYM,2025-11-27 22:18:19,0.9545822102425876,87.3,12.9512,2.5435115096775576,2240028.0,51750776832.0
TER,2025-11-27 22:18:19,0.8487870619946092,179.38,6.98396,0.991242681597686,3775585.0,28534611968.0
TEVA,2025-11-27 22:18:19,0.7690026954177898,26.32,5.32213,1.643266991934531,11163517.0,30196475904.0
TSEM,2025-11-27 22:18:19,0.8815363881401617,103.46,5.5725,1.6832005534673733,1402070.0,11600328704.0
URBN,2025-11-27 22:18:19,0.9640161725067384,77.56,13.5412,4.546889087017087,2201717.0,6956969984.0
VERA,2025-11-27 22:18:19,0.9142857142857144,33.33,13.2518,2.0360297219993475,1566651.0,2130722432.0
WSC,2025-11-27 22:18:19,0.7714285714285714,20.18,4.77674,2.407138293520073,3011392.0,3674275328.0
ZYME,2025-11-27 22:18:19,0.7803234501347709,27.33,4.39266,1.973723142968813,1107857.0,2069848064.0
AA,2025-11-27 22:18:20,0.7878706199460916,41.57,6.04592,1.1263496212871054,6789312.0,10765134848.0
AAUC,2025-11-27 22:18:20,0.847843665768194,19.21,9.95993,1.1767382070520434,347729.0,2382039808.0
ALAB,2025-11-27 22:18:20,0.7648247978436657,154.22,6.52024,0.822120743134666,6308251.0,26048315392.0
ANF,2025-11-27 22:18:20,0.8867924528301887,95.14,5.42997,2.338948691518678,2038279.0,4532785152.0
ARMN,2025-11-27 22:18:20,0.738544474393531,14.02,6.85976,1.0110255957757566,1722628.0,2856803328.0
ARWR,2025-11-27 22:18:20,0.9564690026954176,57.71,23.3383,2.959194781262793,2386631.0,7978843136.0
ASML,2025-11-27 22:18:20,0.7797843665768195,1040.97,3.76288,0.9998390114155542,1571540.0,404050083840.0
ATMU,2025-11-27 22:18:20,0.9048517520215632,51.04,6.26692,3.4957543676574545,712968.0,4193037312.0
BBAR,2025-11-27 22:18:20,0.8115902964959568,15.92,10.7093,1.133741617093709,1475771.0,3666923776.0
BE,2025-11-27 22:18:20,0.7706199460916442,101.14,7.26482,0.8811704963631413,15047189.0,23920697344.0
BMA,2025-11-27 22:18:20,0.8502695417789757,82.21,7.4781,1.0225915362868752,801185.0,5256617472.0
BMNR,2025-11-27 22:18:20,0.7797843665768194,31.74,9.789,1.0886932511341982,44759595.0,12190312448.0
BURL,2025-11-27 22:18:20,0.8703504043126685,260.65,4.40617,1.6806157039151264,1073503.0,16401924096.0
CIFR,2025-11-27 22:18:20,0.7407008086253369,19.15,9.30365,1.0795348490135428,52304393.0,7566012928.0
CLSK,2025-11-27 22:18:20,0.8206199460916442,13.45,13.7902,2.0903752068297985,33470153.0,3595666176.0
COIN,2025-11-27 22:18:20,0.7723719676549865,264.97,4.26964,0.9885861583303052,9626382.0,71447519232.0
CRDO,2025-11-27 22:18:20,0.7684636118598382,164.01,6.37567,0.8363945736344021,6195528.0,28373008384.0
DELL,2025-11-27 22:18:20,0.8867924528301887,133.26,5.82909,2.0634147097851683,7932434.0,89600442368.0
DUOL,2025-11-27 22:18:20,0.9128032345013476,188.43,7.20869,1.3737204156613996,1950145.0,8710620160.0
ECG,2025-11-27 22:18:20,0.776954177897574,90.71,3.72785,1.2336408438686703,486379.0,4626806272.0
ETOR,2025-11-27 22:18:20,0.817654986522911,41.98,5.18667,1.4155801354287352,1183353.0,3513893632.0
EWTX,2025-11-27 22:18:20,0.8056603773584906,25.52,6.06817,1.2595181554285098,1037596.0,2701762560.0
FBIN,2025-11-27 22:18:20,0.7385444743935311,51.51,3.87174,1.1394550559034364,1606073.0,6188326912.0
FLNC,2025-11-27 22:18:20,0.7952830188679245,18.99,13.2379,1.0754803555916277,7693207.0,3472675328.0
FN,2025-11-27 22:18:20,0.8595687331536388,449.06,4.5079,1.2891814690804533,634356.0,16088565760.0
HNGE,2025-11-27 22:18:20,0.7680592991913746,50.05,3.68759,1.7948120400450838,1508300.0,3939906816.0
HOOD,2025-11-27 22:18:20,0.8808625336927224,128.2,10.9284,1.3138446071057803,35711826.0,115276013568.0
ICLR,2025-11-27 22:18:20,0.8820754716981132,183.65,5.22546,1.5996517400108283,1008442.0,14282851328.0
KLIC,2025-11-27 22:18:20,0.7401617250673854,44.96,3.21395,2.7658855600519026,519434.0,2354240512.0
KSS,2025-11-27 22:18:20,0.855121293800539,24.1,7.49331,3.231827319786216,5710440.0,2700999936.0
LITE,2025-11-27 22:18:20,0.8250673854447439,308.28,5.83995,0.9457053733347294,4288417.0,21860933632.0
MESO,2025-11-27 22:18:20,0.8628032345013478,17.37,8.15692,1.803568749112882,246585.0,2236313600.0
MODG,2025-11-27 22:18:20,0.8191374663072777,12.72,8.81096,1.6989049065082702,2517228.0,2338999808.0
NBIX,2025-11-27 22:18:20,0.8983827493261456,151.58,5.60859,1.7754304024330636,957476.0,15113390080.0
ODD,2025-11-27 22:18:20,0.8078167115902966,43.04,4.23831,2.052076834884421,780635.0,2472169216.0
OLMA,2025-11-27 22:18:20,0.8274932614555256,28.12,7.86345,1.2451151363402817,3298915.0,2254096896.0
OSCR,2025-11-27 22:18:20,0.7543126684636119,18.16,8.54752,1.1073495005098293,17530375.0,5229302272.0
PAAS,2025-11-27 22:18:20,0.8140161725067385,42.59,7.85008,1.0889669279077867,6540318.0,17974982656.0
PI,2025-11-27 22:18:20,0.7607816711590296,172.81,4.48636,0.9109141967024024,556587.0,5203159040.0
PKX,2025-11-27 22:18:20,0.8456873315363882,54.96,5.20673,1.4475280266750827,145754.0,16624471040.0
PTCT,2025-11-27 22:18:20,0.8479784366576819,86.25,4.00338,7.275015409153667,1507221.0,6924866048.0
RCUS,2025-11-27 22:18:20,0.7543126684636118,25.56,5.27182,1.1332431369598333,1408778.0,3162501376.0
SYM,2025-11-27 22:18:20,0.9545822102425876,87.3,12.9512,2.5435115096775576,2240028.0,51750776832.0
TER,2025-11-27 22:18:20,0.8487870619946092,179.38,6.98396,0.991242681597686,3775585.0,28534611968.0
TEVA,2025-11-27 22:18:20,0.7690026954177898,26.32,5.32213,1.643266991934531,11163517.0,30196475904.0
TSEM,2025-11-27 22:18:20,0.8815363881401617,103.46,5.5725,1.6832005534673733,1402070.0,11600328704.0
URBN,2025-11-27 22:18:20,0.9640161725067384,77.56,13.5412,4.546889087017087,2201717.0,6956969984.0
VERA,2025-11-27 22:18:20,0.9142857142857144,33.33,13.2518,2.0360297219993475,1566651.0,2130722432.0
WSC,2025-11-27 22:18:20,0.7714285714285714,20.18,4.77674,2.407138293520073,3011392.0,3674275328.0
ZYME,2025-11-27 22:18:20,0.7803234501347709,27.33,4.39266,1.973723142968813,1107857.0,2069848064.0
AA,2025-11-27 22:41:31,0.7896505376344085,41.57,6.04592,1.1263496212871054,6789312.0,10765134848.0
AAUC,2025-11-27 22:41:31,0.8491935483870967,19.21,9.95993,1.1767382070520434,347729.0,2382039808.0
ALAB,2025-11-27 22:41:31,0.7673387096774194,154.22,6.52024,0.822120743134666,6308251.0,26048315392.0
ANF,2025-11-27 22:41:31,0.8870967741935484,95.14,5.42997,2.338948691518678,2038279.0,4532785152.0
ARMN,2025-11-27 22:41:31,0.740994623655914,14.02,6.85976,1.0110255957757566,1722628.0,2856803328.0
ARWR,2025-11-27 22:41:31,0.9565860215053764,57.71,23.3383,2.959194781262793,2386631.0,7978843136.0
ASML,2025-11-27 22:41:31,0.7813172043010753,1040.97,3.76288,0.9998390114155542,1571540.0,404050083840.0
ATMU,2025-11-27 22:41:31,0.9051075268817204,51.04,6.26692,3.4957543676574545,712968.0,4193037312.0
BBAR,2025-11-27 22:41:31,0.812768817204301,15.92,10.7093,1.133741617093709,1475771.0,3666923776.0
BE,2025-11-27 22:41:31,0.7733870967741935,101.14,7.26482,0.8811704963631413,15047189.0,23920697344.0
BMA,2025-11-27 22:41:31,0.8525537634408602,82.21,7.4781,1.0225915362868752,801185.0,5256617472.0
BMNR,2025-11-27 22:41:31,0.7810483870967743,31.74,9.789,1.0886932511341982,44759595.0,12190312448.0
BURL,2025-11-27 22:41:31,0.8716397849462364,260.65,4.40617,1.6806157039151264,1073503.0,16401924096.0
CIFR,2025-11-27 22:41:31,0.7420698924731183,19.15,9.30365,1.0795348490135428,52304393.0,7566012928.0
CLSK,2025-11-27 22:41:31,0.8217741935483871,13.45,13.7902,2.0903752068297985,33470153.0,3595666176.0
COIN,2025-11-27 22:41:31,0.7739247311827958,264.97,4.26964,0.9885861583303052,9626382.0,71447519232.0
CRDO,2025-11-27 22:41:31,0.7709677419354839,164.01,6.37567,0.8363945736344021,6195528.0,28373008384.0
DELL,2025-11-27 22:41:31,0.8875,133.26,5.82909,2.0634147097851683,7932434.0,89600442368.0
DUOL,2025-11-27 22:41:31,0.913978494623656,188.43,7.20869,1.3737204156613996,1950145.0,8710620160.0
ECG,2025-11-27 22:41:31,0.778494623655914,90.71,3.72785,1.2336408438686703,486379.0,4626806272.0
ETOR,2025-11-27 22:41:31,0.8190860215053763,41.98,5.18667,1.4155801354287352,1183353.0,3513893632.0
EWTX,2025-11-27 22:41:31,0.8071236559139785,25.52,6.06817,1.2595181554285098,1037596.0,2701762560.0
FBIN,2025-11-27 22:41:31,0.7401881720430108,51.51,3.87174,1.1394550559034364,1606073.0,6188326912.0
FLNC,2025-11-27 22:41:31,0.7967741935483871,18.99,13.2379,1.0754803555916277,7693207.0,3472675328.0
FN,2025-11-27 22:41:31,0.8608870967741935,449.06,4.5079,1.2891814690804533,634356.0,16088565760.0
HNGE,2025-11-27 22:41:31,0.7696236559139784,50.05,3.68759,1.7948120400450838,1508300.0,3939906816.0
HOOD,2025-11-27 22:41:31,0.8823924731182795,128.2,10.9284,1.3138446071057803,35711826.0,115276013568.0
ICLR,2025-11-27 22:41:31,0.8833333333333334,183.65,5.22546,1.5996517400108283,1008442.0,14282851328.0
KLIC,2025-11-27 22:41:31,0.7408602150537633,44.96,3.21395,2.7658855600519026,519434.0,2354240512.0
KSS,2025-11-27 22:41:31,0.8555107526881721,24.1,7.49331,3.231827319786216,5710440.0,2700999936.0
LITE,2025-11-27 22:41:31,0.8264784946236559,308.28,5.83995,0.9457053733347294,4288417.0,21860933632.0
MESO,2025-11-27 22:41:31,0.8646505376344087,17.37,8.15692,1.803568749112882,246585.0,2236313600.0
MODG,2025-11-27 22:41:31,0.8213709677419355,12.72,8.81096,1.6989049065082702,2517228.0,2338999808.0
NBIX,2025-11-27 22:41:31,0.8995967741935484,151.58,5.60859,1.7754304024330636,957476.0,15113390080.0
ODD,2025-11-27 22:41:31,0.809274193548387,43.04,4.23831,2.052076834884421,780635.0,2472169216.0
OLMA,2025-11-27 22:41:31,0.8288978494623656,28.12,7.86345,1.2451151363402817,3298915.0,2254096896.0
OSCR,2025-11-27 22:41:31,0.7559139784946236,18.16,8.54752,1.1073495005098293,17530375.0,5229302272.0
PAAS,2025-11-27 22:41:31,0.8157258064516129,42.59,7.85008,1.0889669279077867,6540318.0,17974982656.0
PI,2025-11-27 22:41:31,0.7623655913978495,172.81,4.48636,0.9109141967024024,556587.0,5203159040.0
PKX,2025-11-27 22:41:31,0.8470430107526882,54.96,5.20673,1.4475280266750827,145754.0,16624471040.0
PTCT,2025-11-27 22:41:31,0.8483870967741935,86.25,4.00338,7.275015409153667,1507221.0,6924866048.0
RCUS,2025-11-27 22:41:31,0.7559139784946236,25.56,5.27182,1.1332431369598333,1408778.0,3162501376.0
SYM,2025-11-27 22:41:31,0.9547043010752688,87.3,12.9512,2.5435115096775576,2240028.0,51750776832.0
TER,2025-11-27 22:41:31,0.8501344086021505,179.38,6.98396,0.991242681597686,3775585.0,28534611968.0
TEVA,2025-11-27 22:41:31,0.7711021505376344,26.32,5.32213,1.643266991934531,11163517.0,30196475904.0
TSEM,2025-11-27 22:41:31,0.8827956989247312,103.46,5.5725,1.6832005534673733,1402070.0,11600328704.0
URBN,2025-11-27 22:41:31,0.9641129032258065,77.56,13.5412,4.546889087017087,2201717.0,6956969984.0
VERA,2025-11-27 22:41:31,0.9149193548387096,33.33,13.2518,2.0360297219993475,1566651.0,2130722432.0
WSC,2025-11-27 22:41:31,0.7728494623655914,20.18,4.77674,2.407138293520073,3011392.0,3674275328.0
ZYME,2025-11-27 22:41:31,0.7823924731182795,27.33,4.39266,1.973723142968813,1107857.0,2069848064.0
AA,2025-11-27 22:51:46,0.7878706199460916,41.57,6.04592,1.1263496212871054,6789312.0,10765134848.0
AAUC,2025-11-27 22:51:46,0.847843665768194,19.21,9.95993,1.1767382070520434,347729.0,2382039808.0
ALAB,2025-11-27 22:51:46,0.7648247978436657,154.22,6.52024,0.822120743134666,6308251.0,26048315392.0
ANF,2025-11-27 22:51:46,0.8867924528301887,95.14,5.42997,2.338948691518678,2038279.0,4532785152.0
ARMN,2025-11-27 22:51:46,0.738544474393531,14.02,6.85976,1.0110255957757566,1722628.0,2856803328.0
ARWR,2025-11-27 22:51:46,0.9564690026954176,57.71,23.3383,2.959194781262793,2386631.0,7978843136.0
ASML,2025-11-27 22:51:46,0.7797843665768195,1040.97,3.76288,0.9998390114155542,1571540.0,404050083840.0
ATMU,2025-11-27 22:51:46,0.9048517520215632,51.04,6.26692,3.4957543676574545,712968.0,4193037312.0
BBAR,2025-11-27 22:51:46,0.8115902964959568,15.92,10.7093,1.133741617093709,1475771.0,3666923776.0
BE,2025-11-27 22:51:46,0.7706199460916442,101.14,7.26482,0.8811704963631413,15047189.0,23920697344.0
BMA,2025-11-27 22:51:46,0.8502695417789757,82.21,7.4781,1.0225915362868752,801185.0,5256617472.0
BMNR,2025-11-27 22:51:46,0.7797843665768194,31.74,9.789,1.0886932511341982,44759595.0,12190312448.0
BURL,2025-11-27 22:51:46,0.8703504043126685,260.65,4.40617,1.6806157039151264,1073503.0,16401924096.0
CIFR,2025-11-27 22:51:46,0.7407008086253369,19.15,9.30365,1.0795348490135428,52304393.0,7566012928.0
CLSK,2025-11-27 22:51:46,0.8206199460916442,13.45,13.7902,2.0903752068297985,33470153.0,3595666176.0
COIN,2025-11-27 22:51:46,0.7723719676549865,264.97,4.26964,0.9885861583303052,9626382.0,71447519232.0
CRDO,2025-11-27 22:51:46,0.7684636118598382,164.01,6.37567,0.8363945736344021,6195528.0,28373008384.0
DELL,2025-11-27 22:51:46,0.8867924528301887,133.26,5.82909,2.0634147097851683,7932434.0,89600442368.0
DUOL,2025-11-27 22:51:46,0.9128032345013476,188.43,7.20869,1.3737204156613996,1950145.0,8710620160.0
ECG,2025-11-27 22:51:46,0.776954177897574,90.71,3.72785,1.2336408438686703,486379.0,4626806272.0
ETOR,2025-11-27 22:51:46,0.817654986522911,41.98,5.18667,1.4155801354287352,1183353.0,3513893632.0
EWTX,2025-11-27 22:51:46,0.8056603773584906,25.52,6.06817,1.2595181554285098,1037596.0,2701762560.0
FBIN,2025-11-27 22:51:46,0.7385444743935311,51.51,3.87174,1.1394550559034364,1606073.0,6188326912.0
FLNC,2025-11-27 22:51:46,0.7952830188679245,18.99,13.2379,1.0754803555916277,7693207.0,3472675328.0
FN,2025-11-27 22:51:46,0.8595687331536388,449.06,4.5079,1.2891814690804533,634356.0,16088565760.0
HNGE,2025-11-27 22:51:46,0.7680592991913746,50.05,3.68759,1.7948120400450838,1508300.0,3939906816.0
HOOD,2025-11-27 22:51:46,0.8808625336927224,128.2,10.9284,1.3138446071057803,35711826.0,115276013568.0
ICLR,2025-11-27 22:51:46,0.8820754716981132,183.65,5.22546,1.5996517400108283,1008442.0,14282851328.0
KLIC,2025-11-27 22:51:46,0.7401617250673854,44.96,3.21395,2.7658855600519026,519434.0,2354240512.0
KSS,2025-11-27 22:51:46,0.855121293800539,24.1,7.49331,3.231827319786216,5710440.0,2700999936.0
LITE,2025-11-27 22:51:46,0.8250673854447439,308.28,5.83995,0.9457053733347294,4288417.0,21860933632.0
MESO,2025-11-27 22:51:46,0.8628032345013478,17.37,8.15692,1.803568749112882,246585.0,2236313600.0
MODG,2025-11-27 22:51:46,0.8191374663072777,12.72,8.81096,1.6989049065082702,2517228.0,2338999808.0
NBIX,2025-11-27 22:51:46,0.8983827493261456,151.58,5.60859,1.7754304024330636,957476.0,15113390080.0
ODD,2025-11-27 22:51:46,0.8078167115902966,43.04,4.23831,2.052076834884421,780635.0,2472169216.0
OLMA,2025-11-27 22:51:46,0.8274932614555256,28.12,7.86345,1.2451151363402817,3298915.0,2254096896.0
OSCR,2025-11-27 22:51:46,0.7543126684636119,18.16,8.54752,1.1073495005098293,17530375.0,5229302272.0
PAAS,2025-11-27 22:51:46,0.8140161725067385,42.59,7.85008,1.0889669279077867,6540318.0,17974982656.0
PI,2025-11-27 22:51:46,0.7607816711590296,172.81,4.48636,0.9109141967024024,556587.0,5203159040.0
PKX,2025-11-27 22:51:46,0.8456873315363882,54.96,5.20673,1.4475280266750827,145754.0,16624471040.0
PTCT,2025-11-27 22:51:46,0.8479784366576819,86.25,4.00338,7.275015409153667,1507221.0,6924866048.0
RCUS,2025-11-27 22:51:46,0.7543126684636118,25.56,5.27182,1.1332431369598333,1408778.0,3162501376.0
SYM,2025-11-27 22:51:46,0.9545822102425876,87.3,12.9512,2.5435115096775576,2240028.0,51750776832.0
TER,2025-11-27 22:51:46,0.8487870619946092,179.38,6.98396,0.991242681597686,3775585.0,28534611968.0
TEVA,2025-11-27 22:51:46,0.7690026954177898,26.32,5.32213,1.643266991934531,11163517.0,30196475904.0
TSEM,2025-11-27 22:51:46,0.8815363881401617,103.46,5.5725,1.6832005534673733,1402070.0,11600328704.0
URBN,2025-11-27 22:51:46,0.9640161725067384,77.56,13.5412,4.546889087017087,2201717.0,6956969984.0
VERA,2025-11-27 22:51:46,0.9142857142857144,33.33,13.2518,2.0360297219993475,1566651.0,2130722432.0
WSC,2025-11-27 22:51:46,0.7714285714285714,20.18,4.77674,2.407138293520073,3011392.0,3674275328.0
ZYME,2025-11-27 22:51:46,0.7803234501347709,27.33,4.39266,1.973723142968813,1107857.0,2069848064.0
AA,2025-11-28 14:19:35,0.787768817204301,41.57,6.04592,1.1182045123345352,6838766.0,10765134848.0
AAUC,2025-11-28 14:19:35,0.8478494623655913,19.21,9.95993,1.1672319510727092,350561.0,2382039808.0
ALAB,2025-11-28 14:19:35,0.7673387096774194,154.22,6.52024,0.8188652730869859,6333330.0,26048315392.0
ANF,2025-11-28 14:19:35,0.8864247311827957,95.14,5.42997,2.3408470676501234,2036626.0,4362739712.0
ARMN,2025-11-28 14:19:35,0.7427419354838708,14.02,6.85976,1.010344067432808,1723790.0,2856803328.0
ARWR,2025-11-28 14:19:35,0.9565860215053764,57.71,23.3383,2.9609316665765286,2385231.0,7978843136.0
ASML,2025-11-28 14:19:35,0.782258064516129,1040.97,3.76288,0.9939456927820208,1580858.0,404050083840.0
ATMU,2025-11-28 14:19:35,0.9051075268817204,51.04,6.26692,3.4779152276295133,716625.0,4193037312.0
BBAR,2025-11-28 14:19:35,0.8135752688172044,15.92,10.7093,1.1258957441009922,1486055.0,3666923776.0
BE,2025-11-28 14:19:35,0.771236559139785,101.14,7.26482,0.8793043866012632,15079123.0,23920697344.0
BMA,2025-11-28 14:19:35,0.8525537634408602,82.21,7.4781,1.0214441112849637,802085.0,5795436544.0
BMNR,2025-11-28 14:19:35,0.7810483870967743,31.74,9.789,1.085837056575401,44877331.0,12190312448.0
BURL,2025-11-28 14:19:35,0.873521505376344,260.65,4.40617,1.7215872818966462,1047955.0,16401924096.0
CIFR,2025-11-28 14:19:35,0.7416666666666666,19.15,9.30365,1.0690100920785712,52819347.0,7566012928.0
CLSK,2025-11-28 14:19:35,0.8211021505376344,13.45,13.7902,2.073377860440703,33744538.0,3595666176.0
COIN,2025-11-28 14:19:35,0.7736559139784946,264.97,4.26964,0.9831000730260976,9680101.0,71447519232.0
CRDO,2025-11-28 14:19:35,0.769758064516129,164.01,6.37567,0.8335749221626048,6216485.0,28373008384.0
DELL,2025-11-28 14:19:35,0.8899193548387097,133.26,5.82909,2.0767110068125363,7881646.0,89600442368.0
DUOL,2025-11-28 14:19:35,0.913978494623656,188.43,7.20869,1.36018237622204,1969555.0,8710620160.0
ECG,2025-11-28 14:19:35,0.7794354838709678,90.71,3.72785,1.2357878130058864,485534.0,4626806272.0
ETOR,2025-11-28 14:19:35,0.8185483870967742,41.98,5.18667,1.402022604695697,1194796.0,3513893632.0
EWTX,2025-11-28 14:19:35,0.8088709677419353,25.52,6.06817,1.260859707552012,1036492.0,2701762560.0
FLNC,2025-11-28 14:19:35,0.7959677419354838,18.99,13.2379,1.06407816510118,7775644.0,3472675328.0
FN,2025-11-28 14:19:35,0.8627688172043011,449.06,4.5079,1.3096345738402977,624449.0,16088565760.0
HNGE,2025-11-28 14:19:35,0.7701612903225805,50.05,3.68759,1.7736128800624766,1526328.0,3939906816.0
HOOD,2025-11-28 14:19:35,0.8814516129032258,128.2,10.9284,1.3081788449080405,35866495.0,115276013568.0
ICLR,2025-11-28 14:19:35,0.8823924731182796,183.65,5.22546,1.5878097922857426,1015963.0,14282851328.0
KLIC,2025-11-28 14:19:35,0.7413978494623656,44.96,3.21395,2.7593568200544305,520663.0,2354240512.0
KSS,2025-11-28 14:19:35,0.8571236559139785,24.1,7.49331,3.335839665591001,5532387.0,2700999936.0
LITE,2025-11-28 14:19:35,0.8293010752688171,308.28,5.83995,0.953977565556894,4251231.0,21860933632.0
MESO,2025-11-28 14:19:35,0.8651881720430108,17.37,8.15692,1.786112170927127,248995.0,2236313600.0
MODG,2025-11-28 14:19:35,0.8209677419354838,12.72,8.81096,1.695882641727016,2521714.0,2338999808.0
NBIX,2025-11-28 14:19:35,0.8995967741935484,151.58,5.60859,1.7606060041137688,965538.0,15113390080.0
ODD,2025-11-28 14:19:35,0.8088709677419355,43.04,4.23831,2.036442892955756,786628.0,2472169216.0
OLMA,2025-11-28 14:19:35,0.8263440860215054,28.12,7.86345,1.2273755862301832,3346595.0,2254096896.0
OSCR,2025-11-28 14:19:35,0.755510752688172,18.16,8.54752,1.099135814834823,17661377.0,5229302272.0
PAAS,2025-11-28 14:19:35,0.8138440860215053,42.59,7.85008,1.0813727206487334,6586249.0,17974982656.0
PI,2025-11-28 14:19:35,0.7633064516129033,172.81,4.48636,0.9064907572460724,559303.0,5203159040.0
PKX,2025-11-28 14:19:35,0.8479838709677419,54.96,5.20673,1.4517911454247692,145326.0,16624471040.0
PTCT,2025-11-28 14:19:35,0.8483870967741935,86.25,4.00338,7.209977268796969,1520817.0,6924866048.0
RCUS,2025-11-28 14:19:35,0.7567204301075269,25.56,5.27182,1.123424976602467,1421090.0,3162501376.0
SYM,2025-11-28 14:19:35,0.9547043010752688,87.3,12.9512,2.5279837890625867,2253787.0,51750776832.0
TER,2025-11-28 14:19:35,0.8501344086021505,179.38,6.98396,0.9870311298772712,3791695.0,28534611968.0
TEVA,2025-11-28 14:19:35,0.7706989247311827,26.32,5.32213,1.6355034351597275,11216509.0,30196475904.0
TSEM,2025-11-28 14:19:35,0.8818548387096774,103.46,5.5725,1.68847285381901,1397692.0,11600328704.0
URBN,2025-11-28 14:19:35,0.9649193548387096,77.56,13.5412,4.762294910400404,2102130.0,6958098432.0
VERA,2025-11-28 14:19:35,0.9170698924731184,33.33,13.2518,2.054490156346815,1552574.0,2130722432.0
VSAT,2025-11-28 14:19:35,0.7426075268817205,34.87,5.63466,0.9468695947711336,2901126.0,4716654592.0
WSC,2025-11-28 14:19:35,0.7731182795698925,20.18,4.77674,2.3944780752838986,3027314.0,3674275328.0
ZYME,2025-11-28 14:19:35,0.7817204301075269,27.33,4.39266,1.966769325420454,1111774.0,2069848064.0
AA,2025-11-28 14:19:36,0.787768817204301,41.57,6.04592,1.1182045123345352,6838766.0,10765134848.0
AAUC,2025-11-28 14:19:36,0.8478494623655913,19.21,9.95993,1.1672319510727092,350561.0,2382039808.0
ALAB,2025-11-28 14:19:36,0.7673387096774194,154.22,6.52024,0.8188652730869859,6333330.0,26048315392.0
ANF,2025-11-28 14:19:36,0.8864247311827957,95.14,5.42997,2.3408470676501234,2036626.0,4362739712.0
ARMN,2025-11-28 14:19:36,0.7427419354838708,14.02,6.85976,1.010344067432808,1723790.0,2856803328.0
ARWR,2025-11-28 14:19:36,0.9565860215053764,57.71,23.3383,2.9609316665765286,2385231.0,7978843136.0
ASML,2025-11-28 14:19:36,0.782258064516129,1040.97,3.76288,0.9939456927820208,1580858.0,404050083840.0
ATMU,2025-11-28 14:19:36,0.9051075268817204,51.04,6.26692,3.4779152276295133,716625.0,4193037312.0
BBAR,2025-11-28 14:19:36,0.8135752688172044,15.92,10.7093,1.1258957441009922,1486055.0,3666923776.0
BE,2025-11-28 14:19:36,0.771236559139785,101.14,7.26482,0.8793043866012632,15079123.0,23920697344.0
BMA,2025-11-28 14:19:36,0.8525537634408602,82.21,7.4781,1.0214441112849637,802085.0,5795436544.0
BMNR,2025-11-28 14:19:36,0.7810483870967743,31.74,9.789,1.085837056575401,44877331.0,12190312448.0
BURL,2025-11-28 14:19:36,0.873521505376344,260.65,4.40617,1.7215872818966462,1047955.0,16401924096.0
CIFR,2025-11-28 14:19:36,0.7416666666666666,19.15,9.30365,1.0690100920785712,52819347.0,7566012928.0
CLSK,2025-11-28 14:19:36,0.8211021505376344,13.45,13.7902,2.073377860440703,33744538.0,3595666176.0
COIN,2025-11-28 14:19:36,0.7736559139784946,264.97,4.26964,0.9831000730260976,9680101.0,71447519232.0
CRDO,2025-11-28 14:19:36,0.769758064516129,164.01,6.37567,0.8335749221626048,6216485.0,28373008384.0
DELL,2025-11-28 14:19:36,0.8899193548387097,133.26,5.82909,2.0767110068125363,7881646.0,89600442368.0
DUOL,2025-11-28 14:19:36,0.913978494623656,188.43,7.20869,1.36018237622204,1969555.0,8710620160.0
ECG,2025-11-28 14:19:36,0.7794354838709678,90.71,3.72785,1.2357878130058864,485534.0,4626806272.0
ETOR,2025-11-28 14:19:36,0.8185483870967742,41.98,5.18667,1.402022604695697,1194796.0,3513893632.0
EWTX,2025-11-28 14:19:36,0.8088709677419353,25.52,6.06817,1.260859707552012,1036492.0,2701762560.0
FLNC,2025-11-28 14:19:36,0.7959677419354838,18.99,13.2379,1.06407816510118,7775644.0,3472675328.0
FN,2025-11-28 14:19:36,0.8627688172043011,449.06,4.5079,1.3096345738402977,624449.0,16088565760.0
HNGE,2025-11-28 14:19:36,0.7701612903225805,50.05,3.68759,1.7736128800624766,1526328.0,3939906816.0
HOOD,2025-11-28 14:19:36,0.8814516129032258,128.2,10.9284,1.3081788449080405,35866495.0,115276013568.0
ICLR,2025-11-28 14:19:36,0.8823924731182796,183.65,5.22546,1.5878097922857426,1015963.0,14282851328.0
KLIC,2025-11-28 14:19:36,0.7413978494623656,44.96,3.21395,2.7593568200544305,520663.0,2354240512.0
KSS,2025-11-28 14:19:36,0.8571236559139785,24.1,7.49331,3.335839665591001,5532387.0,2700999936.0
LITE,2025-11-28 14:19:36,0.8293010752688171,308.28,5.83995,0.953977565556894,4251231.0,21860933632.0
MESO,2025-11-28 14:19:36,0.8651881720430108,17.37,8.15692,1.786112170927127,248995.0,2236313600.0
MODG,2025-11-28 14:19:36,0.8209677419354838,12.72,8.81096,1.695882641727016,2521714.0,2338999808.0
NBIX,2025-11-28 14:19:36,0.8995967741935484,151.58,5.60859,1.7606060041137688,965538.0,15113390080.0
ODD,2025-11-28 14:19:36,0.8088709677419355,43.04,4.23831,2.036442892955756,786628.0,2472169216.0
OLMA,2025-11-28 14:19:36,0.8263440860215054,28.12,7.86345,1.2273755862301832,3346595.0,2254096896.0
OSCR,2025-11-28 14:19:36,0.755510752688172,18.16,8.54752,1.099135814834823,17661377.0,5229302272.0
PAAS,2025-11-28 14:19:36,0.8138440860215053,42.59,7.85008,1.0813727206487334,6586249.0,17974982656.0
PI,2025-11-28 14:19:36,0.7633064516129033,172.81,4.48636,0.9064907572460724,559303.0,5203159040.0
PKX,2025-11-28 14:19:36,0.8479838709677419,54.96,5.20673,1.4517911454247692,145326.0,16624471040.0
PTCT,2025-11-28 14:19:36,0.8483870967741935,86.25,4.00338,7.209977268796969,1520817.0,6924866048.0
RCUS,2025-11-28 14:19:36,0.7567204301075269,25.56,5.27182,1.123424976602467,1421090.0,3162501376.0
SYM,2025-11-28 14:19:36,0.9547043010752688,87.3,12.9512,2.5279837890625867,2253787.0,51750776832.0
TER,2025-11-28 14:19:36,0.8501344086021505,179.38,6.98396,0.9870311298772712,3791695.0,28534611968.0
TEVA,2025-11-28 14:19:36,0.7706989247311827,26.32,5.32213,1.6355034351597275,11216509.0,30196475904.0
TSEM,2025-11-28 14:19:36,0.8818548387096774,103.46,5.5725,1.68847285381901,1397692.0,11600328704.0
URBN,2025-11-28 14:19:36,0.9649193548387096,77.56,13.5412,4.762294910400404,2102130.0,6958098432.0
VERA,2025-11-28 14:19:36,0.9170698924731184,33.33,13.2518,2.054490156346815,1552574.0,2130722432.0
VSAT,2025-11-28 14:19:36,0.7426075268817205,34.87,5.63466,0.9468695947711336,2901126.0,4716654592.0
WSC,2025-11-28 14:19:36,0.7731182795698925,20.18,4.77674,2.3944780752838986,3027314.0,3674275328.0
ZYME,2025-11-28 14:19:36,0.7817204301075269,27.33,4.39266,1.966769325420454,1111774.0,2069848064.0
AAUC,2025-11-28 14:44:08,0.8739999999999999,20.74,7.9689193,0.640698765692704,350561.0,2571759872.0
AG,2025-11-28 14:44:08,0.738,14.455,7.068837,0.2116348798347374,21326546.0,7088096768.0
APLD,2025-11-28 14:44:08,0.375,25.85,3.6487563,0.0793924308626507,30745538.0,7229880320.0
ASX,2025-11-28 14:44:08,0.212,14.845,3.126084,0.0652513657068791,7799990.0,32385859584.0
BMA,2025-11-28 14:44:08,0.575,86.6,4.918228,0.065759863356128,802085.0,6104911872.0
BMNR,2025-11-28 14:44:08,0.7180000000000001,33.37,5.2150583,0.2046702376306648,44877331.0,12816342016.0
BTDR,2025-11-28 14:44:08,0.509,13.2666,4.711211,0.1362148162536652,8108325.0,3083232512.0
CDE,2025-11-28 14:44:08,0.482,16.764,3.5453947,0.1840236866428231,17419100.0,10766140416.0
CHA,2025-11-28 14:44:08,0.7439999999999999,14.94,5.73248,0.339135030970406,908125.0,2775142144.0
CIFR,2025-11-28 14:44:08,0.583,20.335,6.187987,0.1055502257534535,52819347.0,8034196992.0
CLSK,2025-11-28 14:44:08,0.7999999999999999,14.865,10.516537,0.2434515476252779,33744538.0,3973946368.0
CMBT,2025-11-28 14:44:08,0.8069999999999999,11.0,8.534778,0.4458737262687446,2566868.0,3261847552.0
COIN,2025-11-28 14:44:08,0.6719999999999999,274.8204,3.717554,0.1706008026155925,9680101.0,74103619584.0
CRDO,2025-11-28 14:44:08,0.7779999999999999,173.525,5.8014755,0.1508316999075844,6216485.0,30019059712.0
DAVE,2025-11-28 14:44:08,0.575,220.5,3.457981,0.1244956618172017,486033.0,2977650176.0
ENPH,2025-11-28 14:44:08,0.275,28.765,3.3968358,0.0573446225500774,8017090.0,3764179456.0
EXK,2025-11-28 14:44:08,0.603,9.2998,8.011618,0.1270212724986432,14488707.0,2735791872.0
FOUR,2025-11-28 14:44:08,0.6389999999999999,73.74,5.125637,0.0972606265779681,2171701.0,6534781952.0
FRMI,2025-11-28 14:44:08,0.178,16.24,2.7197933,0.0627196485904091,6393451.0,9971772416.0
GGAL,2025-11-28 14:44:08,0.485,53.54,4.815973,0.0615127229536818,3361012.0,8712325120.0
GME,2025-11-28 14:44:08,0.56,22.545,4.1820736,0.179744036844307,8184928.0,10098102272.0
GOOGL,2025-11-28 14:44:08,0.504,323.965,1.2548785,0.1463614178979583,38540150.0,3923903512576.0
HL,2025-11-28 14:44:08,0.358,16.53,3.5389948,0.1007784150974835,23621844.0,11076731904.0
HTFL,2025-11-28 14:44:08,0.399,32.695,4.024815,0.0594938751833234,427523.0,2784264448.0
HUT,2025-11-28 14:44:08,0.451,44.33,4.6259217,0.0641610891218994,7546630.0,4789263872.0
INTC,2025-11-28 14:44:08,0.424,38.4199,4.458674,0.07328835093769,110127379.0,183262920704.0
IPG,2025-11-28 14:44:08,0.4499999999999999,24.57,-1.9553072,10.672196543093348,7687393.0,8999164928.0
KYIV,2025-11-28 14:44:08,0.4999999999999999,14.79,3.4265718,0.2039712110476949,687347.0,3414471424.0
MARA,2025-11-28 14:44:08,0.5269999999999999,11.85,6.660673,0.0991812641535185,56630353.0,4481484800.0
MSTR,2025-11-28 14:44:08,0.6160000000000001,181.49,3.33068,0.1964352696991672,13436304.0,52151828480.0
NAVN,2025-11-28 14:44:08,0.316,17.09,4.2709017,0.0300761176152389,2717505.0,4242106880.0
NIO,2025-11-28 14:44:08,0.152,5.5771,2.239009,0.0720362538834555,71703215.0,14102584320.0
NVDA,2025-11-28 14:44:08,0.335,178.175,-1.1566579,0.0880849118477289,193707715.0,4330543644672.0
ONDS,2025-11-28 14:44:08,0.15,7.9698,-3.2967288,0.0842805005329781,74150319.0,2969200640.0
OPEN,2025-11-28 14:44:08,0.077,7.95,2.1823637,0.0477726759799008,223470023.0,7582615040.0
PAAS,2025-11-28 14:44:08,0.6559999999999999,44.4,4.3233085,0.196109955757822,6586249.0,18738888704.0
PSLV,2025-11-28 14:44:08,0.2269999999999999,18.24,3.166522,0.0663299082537615,31295234.0,10595510272.0
RGC,2025-11-28 14:44:08,0.5419999999999999,11.7548,5.8037825,0.0829396493020088,187968.0,5812618240.0
RIOT,2025-11-28 14:44:08,0.6859999999999999,16.27,8.756687,0.139864203768754,31448590.0,6049303552.0
SA,2025-11-28 14:44:08,0.362,27.44,2.4841275,0.1037121821974826,1398746.0,2863274240.0
SBSW,2025-11-28 14:44:08,0.381,13.01,3.4592478,0.1319505618228538,7878284.0,9345327104.0
SEZL,2025-11-28 14:44:08,0.6759999999999999,61.5731,4.644971,0.1449666893392372,888004.0,2102912512.0
SKE,2025-11-28 14:44:08,0.579,20.5,4.7521734,0.1263945301060619,785390.0,2482413312.0
SNAP,2025-11-28 14:44:08,0.3179999999999999,7.57,-0.52170295,0.2025556803247026,92777566.0,13015544832.0
SNDK,2025-11-28 14:44:08,0.901,231.545,7.6753187,0.3340811397773441,10438530.0,33933656064.0
TMC,2025-11-28 14:44:08,0.738,6.345,8.833465,0.3804168004516026,9399414.0,3393529344.0
TSEM,2025-11-28 14:44:08,0.752,108.6,4.968103,0.1558640959524702,1397692.0,12176644096.0
TSLA,2025-11-28 14:44:08,0.349,429.25,0.62591153,0.0742236006998727,90143242.0,1427607912448.0
UPST,2025-11-28 14:44:08,0.4059999999999999,43.71,3.9229617,0.064492010003575,7253007.0,4252391936.0
WULF,2025-11-28 14:44:08,0.486,15.62,5.2560625,0.0913429876063401,43127777.0,6539810816.0
AAUC,2025-11-28 14:54:15,0.9203125,21.17,10.203025,0.8815213329491871,350561.0,2625080064.0
AG,2025-11-28 14:54:15,0.7546875,14.59,8.07563,0.2709782446721565,21326546.0,7154295296.0
AMKR,2025-11-28 14:54:15,0.3984375,36.0,3.092789,0.1160636790996259,3011726.0,8898963456.0
ANF,2025-11-28 14:54:15,0.53671875,98.425,3.4171581,0.1603495192539032,2036626.0,4513376768.0
APLD,2025-11-28 14:54:15,0.42890625,25.95,4.0497203,0.1074683422355465,30745538.0,7257848832.0
BITF,2025-11-28 14:54:15,0.6882812499999998,3.4971,12.839091,0.2818230468090324,95519193.0,2090998144.0
BMNR,2025-11-28 14:54:15,0.7624999999999998,33.8551,6.7479067,0.2568019697962875,44877331.0,13002653696.0
BTDR,2025-11-28 14:54:15,0.5265624999999999,13.21,4.262036,0.194966531311954,8108325.0,3070078464.0
CDE,2025-11-28 14:54:15,0.5859375,16.9002,4.3866544,0.2344649838395784,17419100.0,10853610496.0
CHA,2025-11-28 14:54:15,0.6171875,14.7,4.033968,0.3976776324845148,908125.0,2730561536.0
CIFR,2025-11-28 14:54:15,0.5953125,20.23,5.642633,0.1696579853590389,52819347.0,7992712192.0
CLSK,2025-11-28 14:54:15,0.8125,14.94,11.071151,0.3965403526935233,33744538.0,3993996288.0
CMBT,2025-11-28 14:54:15,0.8148437500000001,11.005,8.584113,0.5414325941185912,2566868.0,3263330048.0
COHR,2025-11-28 14:54:15,0.52890625,159.3,3.4314864,0.1435701902374911,4120744.0,25034571776.0
COIN,2025-11-28 14:54:15,0.678125,275.395,3.934403,0.2331320716591696,9680101.0,74258554880.0
CRCL,2025-11-28 14:54:15,0.8453125,77.6875,6.8316984,0.3857240998212757,13393257.0,19766622208.0
CRDO,2025-11-28 14:54:15,0.8015625,173.71,5.9142814,0.2228703198029111,6216485.0,30051065856.0
DAVE,2025-11-28 14:54:15,0.67421875,223.51,4.870262,0.140321747700259,486033.0,3018297344.0
DJT,2025-11-28 14:54:15,0.41640625,11.52,4.0650477,0.1385615725581822,6352757.0,3225572864.0
EXK,2025-11-28 14:54:15,0.65078125,9.41,9.296923,0.1721549065765495,14488707.0,2768210176.0
FOUR,2025-11-28 14:54:15,0.6078125,73.565,4.8681407,0.1204235758053249,2171701.0,6519273984.0
FRMI,2025-11-28 14:54:15,0.49609375,16.72,5.7558436,0.0897183696254182,6393451.0,10266504192.0
GME,2025-11-28 14:54:15,0.56171875,22.3971,3.4986186,0.3045530760930334,8184928.0,10031856640.0
GOOG,2025-11-28 14:54:15,0.37109375,319.97,-0.09678955,0.2172775822931821,24536176.0,3862624731136.0
GOOGL,2025-11-28 14:54:15,0.33984375,320.05,0.031247253,0.1937413839852725,38540150.0,3876484546560.0
HL,2025-11-28 14:54:15,0.4765625,16.705,4.635138,0.1278314681952856,23621844.0,11193998336.0
HUT,2025-11-28 14:54:15,0.51796875,44.37,4.720321,0.0964903539725678,7546630.0,4793585152.0
IBRX,2025-11-28 14:54:15,0.7023437499999999,2.3349,9.619708,0.5253959129775868,9599458.0,2299795200.0
INTC,2025-11-28 14:54:15,0.5179687500000001,38.5799,4.8936925,0.1184820261635392,110127379.0,184026120192.0
IPG,2025-11-28 14:54:15,0.4765625,24.57,-1.9553072,10.672196543093348,7687393.0,8999164928.0
MARA,2025-11-28 14:54:15,0.57109375,11.865,6.795681,0.1468576224485127,56630353.0,4487157248.0
MCHB,2025-11-28 14:54:15,0.534375,15.78,2.8683155,0.4375560850846444,297539.0,3648859392.0
MSTR,2025-11-28 14:54:15,0.6578124999999999,182.24,3.7576897,0.2487552380476059,13436304.0,52367343616.0
NAVN,2025-11-28 14:54:15,0.36796875,17.12,4.453944,0.0416948634869117,2717505.0,4249553664.0
NGD,2025-11-28 14:54:15,0.4046875,8.1958,4.341786,0.1442297522078909,20903773.0,6531084800.0
NVDA,2025-11-28 14:54:15,0.35078125,178.07,-1.2149047,0.121602028086491,193707715.0,4327991672832.0
NVTS,2025-11-28 14:54:15,0.3562499999999999,8.77,5.155879,0.0762814353210192,39908452.0,2021451520.0
PAAS,2025-11-28 14:54:15,0.7421875,44.725,5.0863314,0.2542214847935448,6586249.0,18876051456.0
PGY,2025-11-28 14:54:15,0.37890625,24.99,3.9419038,0.0825650413046706,4492107.0,2009094400.0
RGC,2025-11-28 14:54:15,0.49921875,11.7548,5.8037825,0.0862859635682669,187968.0,5812618240.0
RIOT,2025-11-28 14:54:15,0.7015624999999999,16.325,9.124336,0.1871728748411296,31448590.0,6069752832.0
SBSW,2025-11-28 14:54:15,0.43359375,13.0153,3.501475,0.1830614382522894,7878284.0,9349134336.0
SEZL,2025-11-28 14:54:15,0.71484375,62.05,5.4601107,0.1790104549078607,888004.0,2119200128.0
SKE,2025-11-28 14:54:15,0.68046875,20.765,6.1250625,0.1636409936464686,785390.0,2514503168.0
SNDK,2025-11-28 14:54:15,0.7625,224.04,4.185268,0.417763420711537,10438530.0,32833773568.0
TMC,2025-11-28 14:54:15,0.78515625,6.5,11.492283,0.4740296575935478,9399414.0,3476429056.0
TSEM,2025-11-28 14:54:15,0.703125,107.8492,4.242411,0.2180251443093328,1397692.0,12092462080.0
TSLA,2025-11-28 14:54:15,0.3765625,430.1801,0.8438548,0.0986774471679197,90143242.0,1430701211648.0
UPST,2025-11-28 14:54:15,0.50234375,43.9183,4.421143,0.096994253555801,7253007.0,4272656896.0
WULF,2025-11-28 14:54:15,0.5812499999999999,15.78,6.3342285,0.1455074765388441,43127777.0,6606799872.0
AAUC,2025-11-28 15:20:11,0.9236842105263158,21.475,11.793811,1.3873534135286012,350561.0,2662899968.0
AG,2025-11-28 15:20:11,0.762280701754386,14.6599,8.511469,0.3705796991223989,21326546.0,7188570624.0
ANF,2025-11-28 15:20:11,0.737280701754386,98.88,3.9310467,0.3064121738601,2036626.0,4534241280.0
APLD,2025-11-28 15:20:11,0.6421052631578947,26.595,6.635921,0.1816344862789521,30745538.0,7438245888.0
BE,2025-11-28 15:20:11,0.5741228070175438,104.755,3.5742514,0.1691988983709463,15079123.0,24775684096.0
BITF,2025-11-28 15:20:11,0.7105263157894737,3.485,12.419355,0.4396738883671264,95519193.0,2083763200.0
BMA,2025-11-28 15:20:11,0.6793859649122806,86.385,5.078461,0.1606413285374991,802085.0,6089755648.0
BMNR,2025-11-28 15:20:11,0.8407894736842104,34.92,10.018899,0.3965061335755462,44877331.0,13411647488.0
BTDR,2025-11-28 15:20:11,0.6802631578947369,13.445,6.1168084,0.275478350954112,8108325.0,3124693760.0
CAAP,2025-11-28 15:20:11,0.5429824561403508,24.825,3.050428,0.2760274956575493,229709.0,4049398528.0
CDE,2025-11-28 15:20:11,0.6280701754385964,16.905,4.416307,0.3374374106584152,17419100.0,10856693760.0
CEPU,2025-11-28 15:20:11,0.5535087719298245,15.35,3.2279792,0.3818101905889328,482347.0,2620817664.0
CHA,2025-11-28 15:20:11,0.8429824561403508,15.34,8.56334,0.5536231245698555,908125.0,2849443328.0
CIFR,2025-11-28 15:20:11,0.7030701754385966,20.535,7.2323775,0.2635006449436037,52819347.0,8113215488.0
CLSK,2025-11-28 15:20:11,0.8390350877192981,15.245,13.348702,0.6204706669861653,33744538.0,4075533824.0
CMBT,2025-11-28 15:20:11,0.8057017543859648,10.975,8.341562,0.8392578036735819,2566868.0,3254434304.0
COHR,2025-11-28 15:20:11,0.7289473684210527,160.61,4.292208,0.2569540840197789,4120744.0,25240442880.0
COIN,2025-11-28 15:20:11,0.8175438596491229,277.755,4.823711,0.3476404843296573,9680101.0,74894917632.0
CRCL,2025-11-28 15:20:11,0.9201754385964912,80.662,11.043811,0.7430766093714173,13393257.0,20523448320.0
CRDO,2025-11-28 15:20:11,0.8640350877192984,175.15,6.792269,0.3395311015791078,6216485.0,30300178432.0
CVNA,2025-11-28 15:20:11,0.643859649122807,370.25,3.6157093,0.174534002944194,3043957.0,80271474688.0
CYBR,2025-11-28 15:20:11,0.6346491228070176,458.95,2.9971187,0.2587384114257078,574704.0,23166398464.0
DAVE,2025-11-28 15:20:11,0.7017543859649122,222.2511,4.2795916,0.2010604218232095,486033.0,3001297152.0
DJT,2025-11-28 15:20:11,0.6355263157894736,11.69,5.600722,0.2671537727635418,6352757.0,3273172224.0
DYN,2025-11-28 15:20:11,0.5960526315789473,21.91,3.4955115,0.3176937146308227,2616155.0,3129288960.0
EXK,2025-11-28 15:20:11,0.7083333333333333,9.505,10.266824,0.2591621184692326,14488707.0,2796157184.0
FOUR,2025-11-28 15:20:11,0.755701754385965,74.61,6.327494,0.2019628853143227,2171701.0,6611880960.0
GGAL,2025-11-28 15:20:11,0.6407894736842105,53.555,4.8453374,0.1632936746432324,3361012.0,8714766336.0
GME,2025-11-28 15:20:11,0.6359649122807017,22.4293,3.695336,0.385110168348457,8184928.0,10046278656.0
HTFL,2025-11-28 15:20:11,0.5587719298245613,32.95,4.8361454,0.1173808192775593,427523.0,2805979904.0
HUT,2025-11-28 15:20:11,0.6162280701754386,44.62,5.3103614,0.1508759539026029,7546630.0,4820594176.0
IBRX,2025-11-28 15:20:11,0.7192982456140351,2.37,11.267594,0.9635553382284708,9599458.0,2334367488.0
INTC,2025-11-28 15:20:11,0.6600877192982456,38.955,5.9135485,0.2307972661366979,110127379.0,185815351296.0
KSPI,2025-11-28 15:20:11,0.6140350877192983,76.565,3.4662194,0.2119753999375839,589592.0,15405433856.0
MARA,2025-11-28 15:20:11,0.6201754385964914,11.9203,7.2870655,0.2177530484402949,56630353.0,4508070912.0
MSTR,2025-11-28 15:20:11,0.8517543859649123,185.89,5.8358006,0.3871665154346017,13436304.0,53416185856.0
MU,2025-11-28 15:20:11,0.5241228070175439,234.805,1.9738549,0.1978287273723652,26481336.0,264237744128.0
NAVN,2025-11-28 15:20:11,0.5741228070175438,17.725,8.195218,0.1167361237605818,2717505.0,4399727616.0
PAAS,2025-11-28 15:20:11,0.8171052631578947,45.1,5.8933983,0.4103425181768864,6586249.0,19034318848.0
PRAX,2025-11-28 15:20:11,0.7824561403508772,196.0,3.9567237,0.3462640096950528,930784.0,4901405696.0
RGC,2025-11-28 15:20:11,0.7328947368421053,12.337,10.982817,0.1849197735784814,187968.0,6100509696.0
RIOT,2025-11-28 15:20:11,0.7403508771929823,16.4299,9.818899,0.2728834901660138,31448590.0,6108754944.0
SEZL,2025-11-28 15:20:11,0.7605263157894737,61.94,5.2685223,0.2503693677055508,888004.0,2115443200.0
SKE,2025-11-28 15:20:11,0.7074561403508772,20.76,6.0807385,0.2323902774417805,785390.0,2513897728.0
SNDK,2025-11-28 15:20:11,0.5776315789473684,212.725,-1.076538,0.6725637613725304,10438530.0,31175526400.0
STNE,2025-11-28 15:20:11,0.6605263157894737,16.66,4.5825458,0.3657116253898995,5898314.0,4456956928.0
TMC,2025-11-28 15:20:11,0.7894736842105263,6.525,11.921101,0.7989965119102106,9399414.0,3489799936.0
TSEM,2025-11-28 15:20:11,0.6868421052631579,107.07,3.4869127,0.2894056773595327,1397692.0,12005095424.0
UPST,2025-11-28 15:20:11,0.6824561403508771,44.72,6.3242984,0.1695585017359007,7253007.0,4350651392.0
WULF,2025-11-28 15:20:11,0.6381578947368421,15.81,6.5363903,0.2304782599854381,43127777.0,6619360768.0
AAUC,2025-11-28 15:41:32,0.9215753424657532,21.285,10.80167,1.6158100872601344,350561.0,2639340032.0
AG,2025-11-28 15:41:32,0.810958904109589,14.9553,10.698002,0.4693660661224748,21326546.0,7333422080.0
ANF,2025-11-28 15:41:32,0.7332191780821917,98.74,3.7838957,0.3880589759730063,2036626.0,4527821312.0
APLD,2025-11-28 15:41:32,0.7356164383561643,27.03,8.380079,0.2722399263268706,30745538.0,7559909888.0
BE,2025-11-28 15:41:32,0.6575342465753424,106.295,5.092111,0.2058495046429424,15079123.0,25139910656.0
BITF,2025-11-28 15:41:32,0.7232876712328766,3.525,13.687608,0.5276136912086349,95519193.0,2107680256.0
BLTE,2025-11-28 15:41:32,0.8291095890410959,136.0,4.922084,0.4100679998210531,89412.0,4745175040.0
BMA,2025-11-28 15:41:32,0.7965753424657535,87.585,6.538134,0.2482442633885436,802085.0,6174349824.0
BMNR,2025-11-28 15:41:32,0.8417808219178082,34.7536,9.497222,0.5007400952610127,44877331.0,13347739648.0
BTDR,2025-11-28 15:41:32,0.7226027397260274,13.62,7.4980254,0.348022927053368,8108325.0,3165364736.0
CAAP,2025-11-28 15:41:32,0.625,25.0,3.7775004,0.3156820150712423,229709.0,4077944064.0
CDE,2025-11-28 15:41:32,0.6815068493150686,17.035,5.219267,0.4058946214213134,17419100.0,10940181504.0
CEPU,2025-11-28 15:41:32,0.7178082191780822,15.628,5.097514,0.453486805142356,482347.0,2668282624.0
CHA,2025-11-28 15:41:32,0.8441780821917809,15.37,8.775653,0.6937580178940124,908125.0,2855015936.0
CHYM,2025-11-28 15:41:32,0.5924657534246576,21.035,4.289482,0.250150252039687,3622247.0,7879247872.0
CIFR,2025-11-28 15:41:32,0.75,20.7767,8.490834,0.3193784088243271,52819347.0,8208709120.0
CLSK,2025-11-28 15:41:32,0.8424657534246576,15.195,12.972337,0.7462894291218329,33744538.0,4062167040.0
CMBT,2025-11-28 15:41:32,0.7924657534246574,10.925,7.847977,0.949963145748048,2566868.0,3239607552.0
COHR,2025-11-28 15:41:32,0.8359589041095891,163.225,5.990847,0.3688108263944569,4120744.0,25651400704.0
COIN,2025-11-28 15:41:32,0.8123287671232876,277.0406,4.5554543,0.4341493957552715,9680101.0,74702282752.0
CRCL,2025-11-28 15:41:32,0.9123287671232876,79.87,9.953199,0.9167302621012948,13393257.0,20321933312.0
CRDO,2025-11-28 15:41:32,0.8664383561643836,174.69,6.5118027,0.3942219759236932,6216485.0,30220601344.0
CVNA,2025-11-28 15:41:32,0.6291095890410958,369.68,3.4561908,0.2246861568675247,3043957.0,80147890176.0
DAVE,2025-11-28 15:41:32,0.6328767123287671,220.835,3.6151652,0.2220816282022002,486033.0,2982173952.0
DJT,2025-11-28 15:41:32,0.6575342465753423,11.7382,6.0361385,0.3264330746477474,6352757.0,3286668288.0
ERO,2025-11-28 15:41:32,0.7907534246575342,25.44,5.210919,0.8822255672494417,972588.0,2649682176.0
EXK,2025-11-28 15:41:32,0.7784246575342465,9.775,13.406844,0.3865539554357749,14488707.0,2875585024.0
FOUR,2025-11-28 15:41:32,0.7784246575342466,75.07,6.9830437,0.2450503084909018,2171701.0,6652645888.0
GGAL,2025-11-28 15:41:32,0.726027397260274,54.215,6.137428,0.232681406671562,3361012.0,8822164480.0
HUT,2025-11-28 15:41:32,0.6678082191780822,45.09,6.4196396,0.1987733597645571,7546630.0,4871371776.0
IBRX,2025-11-28 15:41:32,0.720890410958904,2.3591,10.776612,1.1897721725539088,9599458.0,2323631360.0
IE,2025-11-28 15:41:32,0.7376712328767122,14.4,11.111108,0.2345664630968386,2154707.0,2083892864.0
INTC,2025-11-28 15:41:32,0.7174657534246575,39.1617,6.475537,0.30434466255662,110127379.0,186801307648.0
KSPI,2025-11-28 15:41:32,0.7414383561643835,77.54,4.783785,0.2755939700674364,589592.0,15601609728.0
MARA,2025-11-28 15:41:32,0.6301369863013698,11.905,7.1557164,0.2602553793016264,56630353.0,4502284800.0
MSTR,2025-11-28 15:41:32,0.8551369863013698,185.085,5.377481,0.5076533695575807,13436304.0,53184868352.0
PAAS,2025-11-28 15:41:32,0.8465753424657533,45.41,6.621272,0.5024919343316658,6586249.0,19165155328.0
PAGS,2025-11-28 15:41:32,0.6167808219178083,10.5428,5.4279995,0.2844993539227713,4743241.0,3077143296.0
PRAX,2025-11-28 15:41:32,0.7763698630136986,196.21,4.0681095,0.3694670299446488,930784.0,4906657280.0
RDDT,2025-11-28 15:41:32,0.611986301369863,217.175,4.632398,0.1499172073036488,5678641.0,41153740800.0
RGC,2025-11-28 15:41:32,0.7780821917808219,12.43,11.881194,0.2461004000680967,187968.0,6146497024.0
RIOT,2025-11-28 15:41:32,0.7678082191780822,16.53,10.494657,0.3299537753520905,31448590.0,6145973248.0
SEZL,2025-11-28 15:41:32,0.75,61.6812,4.8263226,0.3090718059828559,888004.0,2106604416.0
SKE,2025-11-28 15:41:32,0.7839041095890411,21.02,7.409304,0.3096512560638663,785390.0,2545381888.0
SNDK,2025-11-28 15:41:32,0.6414383561643835,217.829,1.2969687,0.7989284889730642,10438530.0,31923531776.0
STNE,2025-11-28 15:41:32,0.727054794520548,16.885,5.9949775,0.4254653109346162,5898314.0,4517149696.0
TMC,2025-11-28 15:41:32,0.7808219178082192,6.55,12.349919,0.8909742671192055,9399414.0,3503170816.0
TSEM,2025-11-28 15:41:32,0.7075342465753425,107.23,3.652751,0.3355868102557645,1397692.0,12023035904.0
UPST,2025-11-28 15:41:32,0.6863013698630136,44.69,6.252965,0.2187094263110459,7253007.0,4347732480.0
WULF,2025-11-28 15:41:32,0.6606164383561643,15.85,6.8059316,0.2814758340083237,43127777.0,6636108288.0
AAUC,2025-11-28 15:51:36,0.9174846625766871,21.14,10.046853,1.77300384241259,350561.0,2621359872.0
AG,2025-11-28 15:51:36,0.8214723926380367,15.0793,11.615321,0.5151934120039879,21326546.0,7394226176.0
ANF,2025-11-28 15:51:36,0.7886503067484663,99.41,4.488127,0.4186335635506961,2036626.0,4558544896.0
APLD,2025-11-28 15:51:36,0.6607361963190185,26.687,7.0067773,0.2204209599454724,30745538.0,7463977472.0
BE,2025-11-28 15:51:36,0.6680981595092024,105.985,4.7944818,0.2304378709557578,15079123.0,25066592256.0
BITF,2025-11-28 15:51:36,0.7199386503067484,3.5075,13.155771,0.5684706842110778,95519193.0,2097216512.0
BLTE,2025-11-28 15:51:36,0.8401840490797546,135.95,4.8835073,0.4482619782579519,89412.0,4743430144.0
BMA,2025-11-28 15:51:36,0.7834355828220858,86.8075,5.567839,0.2740333007100245,802085.0,6119540224.0
BMNR,2025-11-28 15:51:36,0.8349693251533743,34.4806,8.634526,0.5364907730363911,44877331.0,13242888192.0
BTDR,2025-11-28 15:51:36,0.7257668711656441,13.5584,7.01184,0.3713858287624139,8108325.0,3151048448.0
CDE,2025-11-28 15:51:36,0.6981595092024541,17.075,5.4663386,0.4461780459380794,17419100.0,10965870592.0
CEPU,2025-11-28 15:51:36,0.7466257668711656,15.68,5.4442835,0.4792752935127615,482347.0,2677160960.0
CHA,2025-11-28 15:51:36,0.8288343558282208,15.21,7.6433115,0.72245120440468,908125.0,2825295360.0
CHYM,2025-11-28 15:51:36,0.6484662576687116,21.19,5.057018,0.2693700898917164,3622247.0,7937307648.0
CIFR,2025-11-28 15:51:36,0.7515337423312883,20.78,8.511755,0.345062804354624,52819347.0,8210013184.0
CLSK,2025-11-28 15:51:36,0.84079754601227,15.165,12.749603,0.7860967010424028,33744538.0,4054147072.0
CMBT,2025-11-28 15:51:36,0.7999999999999999,10.9405,8.000989,0.9900181855864812,2566868.0,3244203776.0
COHR,2025-11-28 15:51:36,0.8911042944785275,164.65,6.915131,0.4217129236856257,4120744.0,25875341312.0
COIN,2025-11-28 15:51:36,0.8254601226993865,276.98,4.5325923,0.4611896094885787,9680101.0,74685947904.0
CRCL,2025-11-28 15:51:36,0.9254601226993864,80.645,11.020096,0.9885760424070112,13393257.0,20519120896.0
CRDO,2025-11-28 15:51:36,0.8650306748466257,174.3401,6.298463,0.4153269894482171,6216485.0,30160070656.0
DAVE,2025-11-28 15:51:36,0.7542944785276073,223.91,5.0579453,0.2400248542794419,486033.0,3023698944.0
DJT,2025-11-28 15:51:36,0.6398773006134969,11.65,5.239385,0.3524284023456273,6352757.0,3261972224.0
DYN,2025-11-28 15:51:36,0.6288343558282208,21.995,3.8970277,0.375837440824416,2616155.0,3141429248.0
ERO,2025-11-28 15:51:36,0.7929447852760736,25.385,4.983457,0.9678075402945544,972588.0,2643953664.0
EXK,2025-11-28 15:51:36,0.7917177914110428,9.82,13.921112,0.4219959034301681,14488707.0,2888823040.0
FLUT,2025-11-28 15:51:36,0.6515337423312882,208.51,4.2967167,0.1888175852918589,2630380.0,36481466368.0
FOUR,2025-11-28 15:51:36,0.7714723926380369,74.4132,6.047032,0.2641689624860881,2171701.0,6594440704.0
GGAL,2025-11-28 15:51:36,0.743558282208589,54.105,5.922078,0.2499988098822616,3361012.0,8804264960.0
HL,2025-11-28 15:51:36,0.6322085889570551,16.87,5.6355705,0.2669253932927505,23621844.0,11304565760.0
HUT,2025-11-28 15:51:36,0.6911042944785276,45.225,6.738257,0.2111447096253559,7546630.0,4885956608.0
IBRX,2025-11-28 15:51:36,0.7162576687116564,2.335,9.624409,1.2619202042448647,9599458.0,2299893760.0
IE,2025-11-28 15:51:36,0.7984662576687116,14.5652,12.385801,0.3259301612701866,2154707.0,2107799808.0
INTC,2025-11-28 15:51:36,0.7404907975460123,39.3093,6.8768373,0.3351185811840668,110127379.0,187505360896.0
KSPI,2025-11-28 15:51:36,0.7493865030674847,77.375,4.560811,0.3160609370547768,589592.0,15568410624.0
MARA,2025-11-28 15:51:36,0.6269938650306749,11.865,6.792624,0.2762795245157663,56630353.0,4487157248.0
MSTR,2025-11-28 15:51:36,0.8236196319018405,183.6899,4.5831795,0.5494108350034355,13436304.0,52783976448.0
NGD,2025-11-28 15:51:36,0.6233128834355828,8.2698,5.4821434,0.3932524047213869,20903773.0,6590054400.0
PAAS,2025-11-28 15:51:36,0.8625766871165644,45.65,7.184788,0.5399252290643733,6586249.0,19266447360.0
PRAX,2025-11-28 15:51:36,0.7785276073619631,196.445,4.192752,0.3775183071475229,930784.0,4912534016.0
RGC,2025-11-28 15:51:36,0.7576687116564417,12.1406,9.276333,0.2696576012938372,187968.0,6003392000.0
RIOT,2025-11-28 15:51:36,0.7601226993865031,16.485,10.193854,0.3501926477466875,31448590.0,6129242112.0
SEZL,2025-11-28 15:51:36,0.752760736196319,61.62,4.724675,0.3231111571569497,888004.0,2104514176.0
SKE,2025-11-28 15:51:36,0.7898773006134968,21.08,7.7158933,0.3284151822661353,785390.0,2552647424.0
SNDK,2025-11-28 15:51:36,0.7840490797546013,223.2021,3.7956238,0.8485602857873666,10438530.0,32710979584.0
STNE,2025-11-28 15:51:36,0.7190184049079755,16.81,5.524163,0.4584572811823853,5898314.0,4497085440.0
TMC,2025-11-28 15:51:36,0.7680981595092023,6.4712,10.998286,0.9302708658220608,9399414.0,3461025792.0
TSEM,2025-11-28 15:51:36,0.7576687116564417,107.835,4.2286873,0.3564061323954061,1397692.0,12090869760.0
UPST,2025-11-28 15:51:36,0.699079754601227,44.73,6.3480697,0.2334754399106467,7253007.0,4351624192.0
WULF,2025-11-28 15:51:36,0.6343558282208589,15.675,5.6266847,0.316960621457489,43127777.0,6562838528.0
AAUC,2025-11-28 16:24:45,0.9152542372881356,21.07,9.682461,2.114582055619421,350561.0,2612679936.0
AG,2025-11-28 16:24:45,0.8310734463276837,15.1894,12.430787,0.6074565004572235,21326546.0,7448214016.0
ANF,2025-11-28 16:24:45,0.7629943502824859,98.79,3.840086,0.5187285245302771,2036626.0,4530114048.0
APLD,2025-11-28 16:24:45,0.7367231638418079,26.675,6.9580855,0.3902918205562056,30745538.0,7460620800.0
BE,2025-11-28 16:24:45,0.7310734463276836,107.1238,5.916356,0.290321128092131,15079123.0,25335930880.0
BITF,2025-11-28 16:24:45,0.7098870056497175,3.456,11.483877,0.6534820598829808,95519193.0,2066423552.0
BLTE,2025-11-28 16:24:45,0.8579096045197739,137.178,5.8308897,0.4732698071847179,89412.0,4786276352.0
BMA,2025-11-28 16:24:45,0.7836158192090394,86.59,5.3278155,0.3488258725696154,802085.0,6104206848.0
BMNR,2025-11-28 16:24:45,0.7844632768361581,33.61,5.8916225,0.6371560510138181,44877331.0,12908519424.0
BTDR,2025-11-28 16:24:45,0.6655367231638418,13.3,4.9723763,0.4559227707325495,8108325.0,3090994944.0
CDE,2025-11-28 16:24:45,0.7533898305084745,17.1756,6.087931,0.5799637179877262,17419100.0,11030476800.0
CEPU,2025-11-28 16:24:45,0.7658192090395479,15.658,5.299261,0.568246511328981,482347.0,2673404672.0
CHA,2025-11-28 16:24:45,0.8364406779661017,15.18,7.430999,0.8328346868547832,908125.0,2819723008.0
CHYM,2025-11-28 16:24:45,0.6641242937853107,21.15,4.858699,0.3500296915146869,3622247.0,7922323968.0
CIFR,2025-11-28 16:24:45,0.7451977401129943,20.83,8.772848,0.411885232129053,52819347.0,8229767680.0
CLSK,2025-11-28 16:24:45,0.8477401129943503,15.395,14.460971,0.9316757277874126,33744538.0,4115634432.0
CMBT,2025-11-28 16:24:45,0.8152542372881355,10.935,7.946696,1.1104653608989632,2566868.0,3242573056.0
COHR,2025-11-28 16:24:45,0.9214689265536722,165.79,7.6558394,0.6020085207913911,4120744.0,26054496256.0
COIN,2025-11-28 16:24:45,0.706497175141243,273.215,3.1116712,0.5546786133739721,9680101.0,73670729728.0
CRCL,2025-11-28 16:24:45,0.9322033898305084,80.59,10.944379,1.182104845744392,13393257.0,20505126912.0
CRDO,2025-11-28 16:24:45,0.8776836158192091,175.2199,6.8348885,0.4766269041106027,6216485.0,30312269824.0
CVNA,2025-11-28 16:24:45,0.7805084745762713,373.55,4.539222,0.3637807630002658,3043957.0,80986923008.0
CYBR,2025-11-28 16:24:45,0.728813559322034,459.6,3.1429896,0.4864834767114897,574704.0,23199207424.0
DAVE,2025-11-28 16:24:45,0.6734463276836158,221.0,3.6925795,0.2957391782039491,486033.0,2984402176.0
DYN,2025-11-28 16:24:45,0.710734463276836,22.1301,4.535192,0.4769159319688627,2616155.0,3160724736.0
ERO,2025-11-28 16:24:45,0.8141242937853107,25.395,5.0248146,1.136130612345618,972588.0,2644995072.0
EXK,2025-11-28 16:24:45,0.8036723163841808,9.905,14.907191,0.5491953146681757,14488707.0,2913828096.0
FLUT,2025-11-28 16:24:45,0.6951977401129943,209.37,4.726889,0.2595841665462784,2630380.0,36631932928.0
FOUR,2025-11-28 16:24:45,0.7353107344632768,73.75,5.101898,0.3083223703447205,2171701.0,6535668224.0
GGAL,2025-11-28 16:24:45,0.731638418079096,53.995,5.705611,0.3076882796015009,3361012.0,8786365440.0
GME,2025-11-28 16:24:45,0.6692090395480226,22.47,3.883496,0.5927143158742508,8184928.0,10064507904.0
IBRX,2025-11-28 16:24:45,0.7370056497175141,2.385,11.971825,1.5768523597894797,9599458.0,2349142016.0
IE,2025-11-28 16:24:45,0.8344632768361582,14.477,11.705248,0.4769237766434137,2154707.0,2095035904.0
INTC,2025-11-28 16:24:45,0.7666666666666667,39.5553,7.5451517,0.4370509989164456,110127379.0,188678782976.0
KSPI,2025-11-28 16:24:45,0.8463276836158192,78.61,6.2297306,0.4380656453954599,589592.0,15816901632.0
MSTR,2025-11-28 16:24:45,0.6711864406779661,179.5868,2.2471008,0.688415504739994,13436304.0,51604938752.0
NGD,2025-11-28 16:24:45,0.6926553672316383,8.315,6.058666,0.6086937989615558,20903773.0,6626072576.0
PAAS,2025-11-28 16:24:45,0.8714689265536724,45.77,7.4665422,0.649105583466401,6586249.0,19317092352.0
PRAX,2025-11-28 16:24:45,0.7183615819209039,194.935,3.3918555,0.4517106009557534,930784.0,4874772992.0
RGC,2025-11-28 16:24:45,0.7963276836158192,12.23,10.081007,0.4067075246850528,187968.0,6047599104.0
RIOT,2025-11-28 16:24:45,0.7533898305084745,16.405,9.659095,0.4324827917563236,31448590.0,6099497472.0
SEZL,2025-11-28 16:24:45,0.7316384180790961,61.425,4.393268,0.3823991783820794,888004.0,2097854336.0
SKE,2025-11-28 16:24:45,0.7762711864406778,20.83,6.4384274,0.4202523587007729,785390.0,2522374144.0
SNDK,2025-11-28 16:24:45,0.765819209039548,222.475,3.4575024,0.9646214553198582,10438530.0,32604420096.0
STNE,2025-11-28 16:24:45,0.7745762711864406,16.9299,6.2768292,0.5564518945583433,5898314.0,4529161216.0
TBBB,2025-11-28 16:24:45,0.7192090395480226,33.1,3.5993667,0.877852109290218,582376.0,3798781184.0
TMC,2025-11-28 16:24:45,0.7728813559322034,6.4363,10.399655,1.0049243495392373,9399414.0,3442359808.0
TSEM,2025-11-28 16:24:45,0.7805084745762711,107.97,4.3591747,0.4452089587691709,1397692.0,12106006528.0
UPST,2025-11-28 16:24:45,0.7050847457627117,44.67,6.2054133,0.2795021430421892,7253007.0,4345786880.0
WULF,2025-11-28 16:24:45,0.6793785310734464,15.81,6.5363903,0.3848233587369922,43127777.0,6619360768.0
AAUC,2025-11-28 16:47:20,0.9200549450549452,21.13,9.994795,2.367687791853629,350561.0,2620119808.0
AG,2025-11-28 16:47:20,0.818131868131868,15.095,11.73205,0.6641174806271958,21326546.0,7401925120.0
ANF,2025-11-28 16:47:20,0.7346153846153846,98.425,3.4528103,0.5794102599102633,2036626.0,4513376768.0
APLD,2025-11-28 16:47:20,0.7406593406593406,26.5291,6.3740172,0.4467861645484948,30745538.0,7419814912.0
BBUC,2025-11-28 16:47:20,0.648076923076923,35.25,3.5559838,0.4187230432015838,155573.0,2470273280.0
BE,2025-11-28 16:47:20,0.7686813186813186,107.58,6.367414,0.3497145689440957,15079123.0,25443827712.0
BITF,2025-11-28 16:47:20,0.712087912087912,3.4786,12.212908,0.7038113900313208,95519193.0,2079936512.0
BLTE,2025-11-28 16:47:20,0.8618131868131867,136.92,5.6318493,0.5202209994184226,89412.0,4777274368.0
BMA,2025-11-28 16:47:20,0.6956043956043955,85.4801,3.967133,0.3753617135341017,802085.0,6025964032.0
BMNR,2025-11-28 16:47:20,0.8010989010989011,33.67,6.0806503,0.7094052451559564,44877331.0,12931562496.0
CAAP,2025-11-28 16:47:20,0.6953296703296703,24.95,3.5699484,0.6800299509379258,229709.0,4069788160.0
CDE,2025-11-28 16:47:20,0.7249999999999999,17.085,5.528095,0.63238066260599,17419100.0,10972291072.0
CEPU,2025-11-28 16:47:20,0.7865384615384615,15.77,6.052459,0.5993340893589055,482347.0,2692527360.0
CHA,2025-11-28 16:47:20,0.8057692307692308,15.02,6.2986574,0.8746659325533379,908125.0,2790002688.0
CIFR,2025-11-28 16:47:20,0.7480769230769231,20.96,9.4516945,0.4458806732313445,52819347.0,8281129472.0
CLSK,2025-11-28 16:47:20,0.8497252747252748,15.41,14.572491,1.0336780429472765,33744538.0,4119644160.0
CMBT,2025-11-28 16:47:20,0.8120879120879121,10.985,8.440271,1.1926639780463977,2566868.0,3257399296.0
COHR,2025-11-28 16:47:20,0.928021978021978,165.415,7.413055,0.7236219964161812,4120744.0,25995565056.0
COIN,2025-11-28 16:47:20,0.710989010989011,273.2775,3.1352587,0.6164929477492022,9680101.0,73687580672.0
CRCL,2025-11-28 16:47:20,0.9296703296703296,80.6087,10.970133,1.2730071557650242,13393257.0,20509886464.0
CRDO,2025-11-28 16:47:20,0.8964285714285715,176.8303,7.8167872,0.5286352335765307,6216485.0,30590865408.0
CVNA,2025-11-28 16:47:20,0.8140109890109889,374.96,4.9338164,0.442239821390381,3043957.0,81292615680.0
DYN,2025-11-28 16:47:20,0.6467032967032966,21.98,3.8261666,0.5143020960149532,2616155.0,3139286528.0
ERO,2025-11-28 16:47:20,0.8348901098901099,25.5,5.459056,1.2273192759935347,972588.0,2655931392.0
EXK,2025-11-28 16:47:20,0.8109890109890109,9.9187,15.066129,0.6541105427834244,14488707.0,2917858560.0
FLUT,2025-11-28 16:47:20,0.7381868131868131,209.88,4.981996,0.3056212410374166,2630380.0,36721168384.0
FOUR,2025-11-28 16:47:20,0.739010989010989,73.83,5.2159095,0.3335472977173193,2171701.0,6542757888.0
GGAL,2025-11-28 16:47:20,0.6931318681318681,53.41,4.561468,0.3632557693932661,3361012.0,8691171328.0
GME,2025-11-28 16:47:20,0.7049450549450551,22.5865,4.422104,0.6744559023610226,8184928.0,10116689920.0
HUT,2025-11-28 16:47:20,0.6758241758241759,44.85,5.860112,0.2901105526572788,7546630.0,4845442560.0
IBRX,2025-11-28 16:47:20,0.7282967032967033,2.345,10.093893,1.6998284694823396,9599458.0,2309743360.0
IE,2025-11-28 16:47:20,0.837087912087912,14.5,11.882716,0.5556050080126903,2154707.0,2098364416.0
INTC,2025-11-28 16:47:20,0.7854395604395603,39.785,8.170205,0.4958637034301887,110127379.0,189774446592.0
KSPI,2025-11-28 16:47:20,0.8480769230769231,78.18,5.648649,0.5183448893472096,589592.0,15730382848.0
MSTR,2025-11-28 16:47:20,0.689010989010989,180.1,2.539361,0.7718783379715136,13436304.0,51752407040.0
NGD,2025-11-28 16:47:20,0.6766483516483517,8.285,5.672471,0.6650673062704996,20903773.0,6602166784.0
PAAS,2025-11-28 16:47:20,0.8681318681318682,45.37,6.527351,0.7618073656188826,6586249.0,19148271616.0
PSTG,2025-11-28 16:47:20,0.6456043956043955,88.545,3.235399,0.418953390580593,3084398.0,29099124736.0
RGC,2025-11-28 16:47:20,0.7857142857142857,12.1,8.910898,0.4495392832822608,187968.0,5983315968.0
RIOT,2025-11-28 16:47:20,0.7521978021978022,16.28,8.823533,0.4768155901425151,31448590.0,6053021696.0
SA,2025-11-28 16:47:20,0.6626373626373627,27.995,4.536968,0.369127060953168,1398746.0,2921186816.0
SEZL,2025-11-28 16:47:20,0.7241758241758242,61.382,4.32019,0.405477903252688,888004.0,2096385792.0
SKE,2025-11-28 16:47:20,0.7744505494505495,20.8065,6.3139877,0.4513057207247354,785390.0,2519528448.0
SNDK,2025-11-28 16:47:20,0.8563186813186813,225.02,4.638414,1.0446824409184052,10438530.0,32977397760.0
STNE,2025-11-28 16:47:20,0.7859890109890111,17.065,7.1249228,0.6066382698513507,5898314.0,4565304320.0
TBBB,2025-11-28 16:47:20,0.7804945054945055,33.33,4.319252,0.9843073890407572,582376.0,3825177856.0
TMC,2025-11-28 16:47:20,0.8,6.645,13.967679,1.1077108636772464,9399414.0,3553980160.0
TSEM,2025-11-28 16:47:20,0.7760989010989011,107.865,4.257683,0.5140374274160545,1397692.0,12094233600.0
UPST,2025-11-28 16:47:20,0.6788461538461539,44.29,5.3019485,0.3103827143693643,7253007.0,4308818432.0
WULF,2025-11-28 16:47:20,0.6777472527472528,15.78,6.3342285,0.4315192735299109,43127777.0,6606799872.0
AAUC,2025-11-28 16:47:21,0.9200549450549452,21.13,9.994795,2.367687791853629,350561.0,2620119808.0
AG,2025-11-28 16:47:21,0.818131868131868,15.095,11.73205,0.6641174806271958,21326546.0,7401925120.0
ANF,2025-11-28 16:47:21,0.7346153846153846,98.425,3.4528103,0.5794102599102633,2036626.0,4513376768.0
APLD,2025-11-28 16:47:21,0.7406593406593406,26.5291,6.3740172,0.4467861645484948,30745538.0,7419814912.0
BBUC,2025-11-28 16:47:21,0.648076923076923,35.25,3.5559838,0.4187230432015838,155573.0,2470273280.0
BE,2025-11-28 16:47:21,0.7686813186813186,107.58,6.367414,0.3497145689440957,15079123.0,25443827712.0
BITF,2025-11-28 16:47:21,0.712087912087912,3.4786,12.212908,0.7038113900313208,95519193.0,2079936512.0
BLTE,2025-11-28 16:47:21,0.8618131868131867,136.92,5.6318493,0.5202209994184226,89412.0,4777274368.0
BMA,2025-11-28 16:47:21,0.6956043956043955,85.4801,3.967133,0.3753617135341017,802085.0,6025964032.0
BMNR,2025-11-28 16:47:21,0.8010989010989011,33.67,6.0806503,0.7094052451559564,44877331.0,12931562496.0
CAAP,2025-11-28 16:47:21,0.6953296703296703,24.95,3.5699484,0.6800299509379258,229709.0,4069788160.0
CDE,2025-11-28 16:47:21,0.7249999999999999,17.085,5.528095,0.63238066260599,17419100.0,10972291072.0
CEPU,2025-11-28 16:47:21,0.7865384615384615,15.77,6.052459,0.5993340893589055,482347.0,2692527360.0
CHA,2025-11-28 16:47:21,0.8057692307692308,15.02,6.2986574,0.8746659325533379,908125.0,2790002688.0
CIFR,2025-11-28 16:47:21,0.7480769230769231,20.96,9.4516945,0.4458806732313445,52819347.0,8281129472.0
CLSK,2025-11-28 16:47:21,0.8497252747252748,15.41,14.572491,1.0336780429472765,33744538.0,4119644160.0
CMBT,2025-11-28 16:47:21,0.8120879120879121,10.985,8.440271,1.1926639780463977,2566868.0,3257399296.0
COHR,2025-11-28 16:47:21,0.928021978021978,165.415,7.413055,0.7236219964161812,4120744.0,25995565056.0
COIN,2025-11-28 16:47:21,0.710989010989011,273.2775,3.1352587,0.6164929477492022,9680101.0,73687580672.0
CRCL,2025-11-28 16:47:21,0.9296703296703296,80.6087,10.970133,1.2730071557650242,13393257.0,20509886464.0
CRDO,2025-11-28 16:47:21,0.8964285714285715,176.8303,7.8167872,0.5286352335765307,6216485.0,30590865408.0
CVNA,2025-11-28 16:47:21,0.8140109890109889,374.96,4.9338164,0.442239821390381,3043957.0,81292615680.0
DYN,2025-11-28 16:47:21,0.6467032967032966,21.98,3.8261666,0.5143020960149532,2616155.0,3139286528.0
ERO,2025-11-28 16:47:21,0.8348901098901099,25.5,5.459056,1.2273192759935347,972588.0,2655931392.0
EXK,2025-11-28 16:47:21,0.8109890109890109,9.9187,15.066129,0.6541105427834244,14488707.0,2917858560.0
FLUT,2025-11-28 16:47:21,0.7381868131868131,209.88,4.981996,0.3056212410374166,2630380.0,36721168384.0
FOUR,2025-11-28 16:47:21,0.739010989010989,73.83,5.2159095,0.3335472977173193,2171701.0,6542757888.0
GGAL,2025-11-28 16:47:21,0.6931318681318681,53.41,4.561468,0.3632557693932661,3361012.0,8691171328.0
GME,2025-11-28 16:47:21,0.7049450549450551,22.5865,4.422104,0.6744559023610226,8184928.0,10116689920.0
HUT,2025-11-28 16:47:21,0.6758241758241759,44.85,5.860112,0.2901105526572788,7546630.0,4845442560.0
IBRX,2025-11-28 16:47:21,0.7282967032967033,2.345,10.093893,1.6998284694823396,9599458.0,2309743360.0
IE,2025-11-28 16:47:21,0.837087912087912,14.5,11.882716,0.5556050080126903,2154707.0,2098364416.0
INTC,2025-11-28 16:47:21,0.7854395604395603,39.785,8.170205,0.4958637034301887,110127379.0,189774446592.0
KSPI,2025-11-28 16:47:21,0.8480769230769231,78.18,5.648649,0.5183448893472096,589592.0,15730382848.0
MSTR,2025-11-28 16:47:21,0.689010989010989,180.1,2.539361,0.7718783379715136,13436304.0,51752407040.0
NGD,2025-11-28 16:47:21,0.6766483516483517,8.285,5.672471,0.6650673062704996,20903773.0,6602166784.0
PAAS,2025-11-28 16:47:21,0.8681318681318682,45.37,6.527351,0.7618073656188826,6586249.0,19148271616.0
PSTG,2025-11-28 16:47:21,0.6456043956043955,88.545,3.235399,0.418953390580593,3084398.0,29099124736.0
RGC,2025-11-28 16:47:21,0.7857142857142857,12.1,8.910898,0.4495392832822608,187968.0,5983315968.0
RIOT,2025-11-28 16:47:21,0.7521978021978022,16.28,8.823533,0.4768155901425151,31448590.0,6053021696.0
SA,2025-11-28 16:47:21,0.6626373626373627,27.995,4.536968,0.369127060953168,1398746.0,2921186816.0
SEZL,2025-11-28 16:47:21,0.7241758241758242,61.382,4.32019,0.405477903252688,888004.0,2096385792.0
SKE,2025-11-28 16:47:21,0.7744505494505495,20.8065,6.3139877,0.4513057207247354,785390.0,2519528448.0
SNDK,2025-11-28 16:47:21,0.8563186813186813,225.02,4.638414,1.0446824409184052,10438530.0,32977397760.0
STNE,2025-11-28 16:47:21,0.7859890109890111,17.065,7.1249228,0.6066382698513507,5898314.0,4565304320.0
TBBB,2025-11-28 16:47:21,0.7804945054945055,33.33,4.319252,0.9843073890407572,582376.0,3825177856.0
TMC,2025-11-28 16:47:21,0.8,6.645,13.967679,1.1077108636772464,9399414.0,3553980160.0
TSEM,2025-11-28 16:47:21,0.7760989010989011,107.865,4.257683,0.5140374274160545,1397692.0,12094233600.0
UPST,2025-11-28 16:47:21,0.6788461538461539,44.29,5.3019485,0.3103827143693643,7253007.0,4308818432.0
WULF,2025-11-28 16:47:21,0.6777472527472528,15.78,6.3342285,0.4315192735299109,43127777.0,6606799872.0
AAUC,2025-11-28 17:17:14,0.92725,21.15,10.09891,2.734876383853309,350561.0,2622599936.0
AG,2025-11-28 17:17:14,0.82525,15.205,12.54626,0.7469484744505744,21326546.0,7455863808.0
ANF,2025-11-28 17:17:14,0.71975,98.375,3.4002528,0.6452898077506621,2036626.0,4511084032.0
APLD,2025-11-28 17:17:14,0.773,27.15,8.861263,0.5114360008922271,30745538.0,7593472000.0
BBUC,2025-11-28 17:17:14,0.6935,35.28,3.6503866,0.57370494880217,155573.0,2472375552.0
BE,2025-11-28 17:17:14,0.779,108.81,7.5897365,0.3920295629924897,15079123.0,25734733824.0
BLTE,2025-11-28 17:17:14,0.8425,136.6,5.38498,0.5726748087505033,89412.0,4766109696.0
BMA,2025-11-28 17:17:14,0.7387499999999999,85.94,4.537165,0.4364250671686916,802085.0,6058385408.0
BMNR,2025-11-28 17:17:14,0.6739999999999999,32.96,3.843728,0.8041553095035888,44877331.0,12658874368.0
BTDR,2025-11-28 17:17:14,0.6742499999999999,13.35,5.367011,0.5779402034328915,8108325.0,3102615296.0
CAAP,2025-11-28 17:17:14,0.7939999999999999,25.28,4.939811,0.7470321145449242,229709.0,4123617024.0
CDE,2025-11-28 17:17:14,0.7414999999999999,17.175,6.0858736,0.7209268561521548,17419100.0,11030090752.0
CEPU,2025-11-28 17:17:14,0.7797499999999999,15.785,6.1265483,0.6275917544838052,482347.0,2695088128.0
CHA,2025-11-28 17:17:14,0.7949999999999999,14.985,6.050952,0.9194031658637302,908125.0,2783501056.0
CIFR,2025-11-28 17:17:14,0.74925,20.955,9.42559,0.5091442345926768,52819347.0,8279154176.0
CLSK,2025-11-28 17:17:14,0.84475,15.205,13.048328,1.151175162036594,33744538.0,4064840448.0
CMBT,2025-11-28 17:17:14,0.80425,10.93,7.89344,1.2923364193250295,2566868.0,3241090304.0
COHR,2025-11-28 17:17:14,0.92875,165.27,7.320933,0.8459008858594468,4120744.0,25972779008.0
COIN,2025-11-28 17:17:14,0.7107499999999999,273.316,3.1497936,0.6746492624405469,9680101.0,73697968128.0
CRCL,2025-11-28 17:17:14,0.9305,80.37,10.638245,1.3966595279997986,13393257.0,20449150976.0
CRDO,2025-11-28 17:17:14,0.8905,175.979,7.2977314,0.6050200394595981,6216485.0,30443593728.0
CVNA,2025-11-28 17:17:14,0.7912499999999999,373.71,4.5839996,0.5020123477434143,3043957.0,81021607936.0
ERO,2025-11-28 17:17:14,0.8322499999999999,25.48,5.3718977,1.5044047428099052,972588.0,2653848064.0
EXK,2025-11-28 17:17:14,0.827,9.96,15.545245,0.7812205740650288,14488707.0,2930008064.0
FLUT,2025-11-28 17:17:14,0.7374999999999999,210.09,5.0870337,0.3622438583018423,2630380.0,36757905408.0
FOUR,2025-11-28 17:17:14,0.757,74.34,5.942708,0.3899123313936863,2171701.0,6587953152.0
GGAL,2025-11-28 17:17:14,0.7057500000000001,53.555,4.8453374,0.397560913201143,3361012.0,8714766336.0
GME,2025-11-28 17:17:14,0.6822499999999999,22.515,4.091541,0.7580149758189687,8184928.0,10084664320.0
HUT,2025-11-28 17:17:14,0.695,45.27,6.8477015,0.3255794970735282,7546630.0,4890818560.0
IBRX,2025-11-28 17:17:14,0.72425,2.335,9.624409,1.8137708399786736,9599458.0,2299893760.0
IE,2025-11-28 17:17:14,0.8282499999999999,14.2167,9.708217,0.6598952897076029,2154707.0,2057366656.0
INTC,2025-11-28 17:17:14,0.80375,40.0265,8.827174,0.5955758013636191,110127379.0,190926405632.0
KSPI,2025-11-28 17:17:14,0.851,78.325,5.8445907,0.5908899713700322,589592.0,15759556608.0
LITE,2025-11-28 17:17:14,0.7145,321.69,4.3499427,0.3660575019329695,4251231.0,22811871232.0
NGD,2025-11-28 17:17:14,0.7049999999999998,8.335,6.313774,0.7625786981134937,20903773.0,6642010624.0
PAAS,2025-11-28 17:17:14,0.87025,45.57,6.9969463,0.8708591187487749,6586249.0,19232681984.0
PRAX,2025-11-28 17:17:14,0.72475,195.255,3.5615847,0.5143277065355657,930784.0,4882775552.0
RGC,2025-11-28 17:17:14,0.7134999999999999,11.79,6.120615,0.4902164198161389,187968.0,5830024192.0
RIOT,2025-11-28 17:17:14,0.7359999999999999,16.17,8.088235,0.5216475206042623,31448590.0,6012122624.0
SE,2025-11-28 17:17:14,0.6795,139.795,4.122601,0.3670117866148344,4542865.0,82761424896.0
SEZL,2025-11-28 17:17:14,0.72675,61.3867,4.338256,0.4800136035423263,888004.0,2096546304.0
SKE,2025-11-28 17:17:14,0.8005,20.955,7.0771604,0.530350526490024,785390.0,2537510912.0
SMR,2025-11-28 17:17:14,0.706,20.22,6.19747,0.50344064106668,22714517.0,5719095296.0
SNDK,2025-11-28 17:17:14,0.8265,223.8,4.0736656,1.1064136425339584,10438530.0,32798603264.0
STNE,2025-11-28 17:17:14,0.7565,16.8899,6.0275908,0.7303015743142871,5898314.0,4518460928.0
TBBB,2025-11-28 17:17:14,0.8509999999999999,33.705,5.492961,1.0684111295795156,582376.0,3868215552.0
TMC,2025-11-28 17:17:14,0.8315,6.9099,18.526657,1.3591820724143016,9399414.0,3695657984.0
TSEM,2025-11-28 17:17:14,0.74175,107.26,3.67292,0.5751839461054367,1397692.0,12026398720.0
UPST,2025-11-28 17:17:14,0.70375,44.695,6.2648554,0.3432417754456875,7253007.0,4348219392.0
WULF,2025-11-28 17:17:14,0.71575,16.0617,8.230654,0.5015313912423541,43127777.0,6724743168.0
AAUC,2025-11-28 17:17:15,0.92725,21.15,10.09891,2.734876383853309,350561.0,2622599936.0
AG,2025-11-28 17:17:15,0.82525,15.205,12.54626,0.7469484744505744,21326546.0,7455863808.0
ANF,2025-11-28 17:17:15,0.71975,98.375,3.4002528,0.6452898077506621,2036626.0,4511084032.0
APLD,2025-11-28 17:17:15,0.773,27.15,8.861263,0.5114360008922271,30745538.0,7593472000.0
BBUC,2025-11-28 17:17:15,0.6935,35.28,3.6503866,0.57370494880217,155573.0,2472375552.0
BE,2025-11-28 17:17:15,0.779,108.81,7.5897365,0.3920295629924897,15079123.0,25734733824.0
BLTE,2025-11-28 17:17:15,0.8425,136.6,5.38498,0.5726748087505033,89412.0,4766109696.0
BMA,2025-11-28 17:17:15,0.7387499999999999,85.94,4.537165,0.4364250671686916,802085.0,6058385408.0
BMNR,2025-11-28 17:17:15,0.6739999999999999,32.96,3.843728,0.8041553095035888,44877331.0,12658874368.0
BTDR,2025-11-28 17:17:15,0.6742499999999999,13.35,5.367011,0.5779402034328915,8108325.0,3102615296.0
CAAP,2025-11-28 17:17:15,0.7939999999999999,25.28,4.939811,0.7470321145449242,229709.0,4123617024.0
CDE,2025-11-28 17:17:15,0.7414999999999999,17.175,6.0858736,0.7209268561521548,17419100.0,11030090752.0
CEPU,2025-11-28 17:17:15,0.7797499999999999,15.785,6.1265483,0.6275917544838052,482347.0,2695088128.0
CHA,2025-11-28 17:17:15,0.7949999999999999,14.985,6.050952,0.9194031658637302,908125.0,2783501056.0
CIFR,2025-11-28 17:17:15,0.74925,20.955,9.42559,0.5091442345926768,52819347.0,8279154176.0
CLSK,2025-11-28 17:17:15,0.84475,15.205,13.048328,1.151175162036594,33744538.0,4064840448.0
CMBT,2025-11-28 17:17:15,0.80425,10.93,7.89344,1.2923364193250295,2566868.0,3241090304.0
COHR,2025-11-28 17:17:15,0.92875,165.27,7.320933,0.8459008858594468,4120744.0,25972779008.0
COIN,2025-11-28 17:17:15,0.7107499999999999,273.316,3.1497936,0.6746492624405469,9680101.0,73697968128.0
CRCL,2025-11-28 17:17:15,0.9305,80.37,10.638245,1.3966595279997986,13393257.0,20449150976.0
CRDO,2025-11-28 17:17:15,0.8905,175.979,7.2977314,0.6050200394595981,6216485.0,30443593728.0
CVNA,2025-11-28 17:17:15,0.7912499999999999,373.71,4.5839996,0.5020123477434143,3043957.0,81021607936.0
ERO,2025-11-28 17:17:15,0.8322499999999999,25.48,5.3718977,1.5044047428099052,972588.0,2653848064.0
EXK,2025-11-28 17:17:15,0.827,9.96,15.545245,0.7812205740650288,14488707.0,2930008064.0
FLUT,2025-11-28 17:17:15,0.7374999999999999,210.09,5.0870337,0.3622438583018423,2630380.0,36757905408.0
FOUR,2025-11-28 17:17:15,0.757,74.34,5.942708,0.3899123313936863,2171701.0,6587953152.0
GGAL,2025-11-28 17:17:15,0.7057500000000001,53.555,4.8453374,0.397560913201143,3361012.0,8714766336.0
GME,2025-11-28 17:17:15,0.6822499999999999,22.515,4.091541,0.7580149758189687,8184928.0,10084664320.0
HUT,2025-11-28 17:17:15,0.695,45.27,6.8477015,0.3255794970735282,7546630.0,4890818560.0
IBRX,2025-11-28 17:17:15,0.72425,2.335,9.624409,1.8137708399786736,9599458.0,2299893760.0
IE,2025-11-28 17:17:15,0.8282499999999999,14.2167,9.708217,0.6598952897076029,2154707.0,2057366656.0
INTC,2025-11-28 17:17:15,0.80375,40.0265,8.827174,0.5955758013636191,110127379.0,190926405632.0
KSPI,2025-11-28 17:17:15,0.851,78.325,5.8445907,0.5908899713700322,589592.0,15759556608.0
LITE,2025-11-28 17:17:15,0.7145,321.69,4.3499427,0.3660575019329695,4251231.0,22811871232.0
NGD,2025-11-28 17:17:15,0.7049999999999998,8.335,6.313774,0.7625786981134937,20903773.0,6642010624.0
PAAS,2025-11-28 17:17:15,0.87025,45.57,6.9969463,0.8708591187487749,6586249.0,19232681984.0
PRAX,2025-11-28 17:17:15,0.72475,195.255,3.5615847,0.5143277065355657,930784.0,4882775552.0
RGC,2025-11-28 17:17:15,0.7134999999999999,11.79,6.120615,0.4902164198161389,187968.0,5830024192.0
RIOT,2025-11-28 17:17:15,0.7359999999999999,16.17,8.088235,0.5216475206042623,31448590.0,6012122624.0
SE,2025-11-28 17:17:15,0.6795,139.795,4.122601,0.3670117866148344,4542865.0,82761424896.0
SEZL,2025-11-28 17:17:15,0.72675,61.3867,4.338256,0.4800136035423263,888004.0,2096546304.0
SKE,2025-11-28 17:17:15,0.8005,20.955,7.0771604,0.530350526490024,785390.0,2537510912.0
SMR,2025-11-28 17:17:15,0.706,20.22,6.19747,0.50344064106668,22714517.0,5719095296.0
SNDK,2025-11-28 17:17:15,0.8265,223.8,4.0736656,1.1064136425339584,10438530.0,32798603264.0
STNE,2025-11-28 17:17:15,0.7565,16.8899,6.0275908,0.7303015743142871,5898314.0,4518460928.0
TBBB,2025-11-28 17:17:15,0.8509999999999999,33.705,5.492961,1.0684111295795156,582376.0,3868215552.0
TMC,2025-11-28 17:17:15,0.8315,6.9099,18.526657,1.3591820724143016,9399414.0,3695657984.0
TSEM,2025-11-28 17:17:15,0.74175,107.26,3.67292,0.5751839461054367,1397692.0,12026398720.0
UPST,2025-11-28 17:17:15,0.70375,44.695,6.2648554,0.3432417754456875,7253007.0,4348219392.0
WULF,2025-11-28 17:17:15,0.71575,16.0617,8.230654,0.5015313912423541,43127777.0,6724743168.0
AAUC,2025-11-28 17:40:11,0.9368686868686869,21.08,9.734518,2.948140266601248,350561.0,2613920000.0
AG,2025-11-28 17:40:11,0.8373737373737373,15.175,12.324204,0.804866104431538,21326546.0,7441153536.0
ANF,2025-11-28 17:40:11,0.7772727272727272,98.7704,3.815852,0.7112911256165835,2036626.0,4529215488.0
APLD,2025-11-28 17:40:11,0.7666666666666667,26.87,7.7416778,0.554266118225025,30745538.0,7515160064.0
BBUC,2025-11-28 17:40:11,0.6974747474747475,35.22,3.4741178,0.6377263406889371,155573.0,2468171008.0
BE,2025-11-28 17:40:11,0.7487373737373737,106.78,5.5750556,0.4357691757007353,15079123.0,25254617088.0
BITF,2025-11-28 17:40:11,0.705050505050505,3.435,10.806453,0.8105663748645783,95519193.0,2053867008.0
BLTE,2025-11-28 17:40:11,0.8386363636363635,136.54,5.338681,0.5835346485930301,89412.0,4764015616.0
BMA,2025-11-28 17:40:11,0.716919191919192,85.405,3.8863883,0.4889855813286621,802085.0,6020669952.0
CAAP,2025-11-28 17:40:11,0.8106060606060606,25.23,4.7322516,0.8886373629243957,229709.0,4115461120.0
CDE,2025-11-28 17:40:11,0.7664141414141413,17.17,6.0512476,0.7911444908175509,17419100.0,11026880512.0
CEPU,2025-11-28 17:40:11,0.803030303030303,15.83,6.4559517,0.6851913663814639,482347.0,2702771456.0
CHA,2025-11-28 17:40:11,0.8320707070707072,15.05,6.51097,0.976552787336545,908125.0,2795575040.0
CIFR,2025-11-28 17:40:11,0.7348484848484849,20.58,7.467365,0.5438044510470756,52819347.0,8130994688.0
CLSK,2025-11-28 17:40:11,0.8553030303030302,15.06,11.970265,1.2636260126009131,33744538.0,4026076928.0
CMBT,2025-11-28 17:40:11,0.8260101010101009,10.955,8.144125,1.412664383209421,2566868.0,3248503552.0
COHR,2025-11-28 17:40:11,0.9308080808080808,164.62,6.8961005,0.9300808300636972,4120744.0,25870626816.0
COIN,2025-11-28 17:40:11,0.7068181818181818,272.365,2.7908778,0.7355765192945818,9680101.0,73441533952.0
CRCL,2025-11-28 17:40:11,0.9265151515151514,79.3733,9.26941,1.474874707474067,13393257.0,20195553280.0
CRDO,2025-11-28 17:40:11,0.8856060606060607,174.77,6.5605817,0.6707613707746419,6216485.0,30234441728.0
CVNA,2025-11-28 17:40:11,0.7878787878787877,372.4,4.2173924,0.5651965517252707,3043957.0,80737599488.0
DYN,2025-11-28 17:40:11,0.7547979797979798,22.245,5.076745,0.6271486207812611,2616155.0,3177135360.0
ERO,2025-11-28 17:40:11,0.827020202020202,25.3432,4.810589,1.5824275027041257,972588.0,2639599872.0
EXK,2025-11-28 17:40:11,0.8381313131313131,9.915,15.023202,0.853034366696766,14488707.0,2916770048.0
FLUT,2025-11-28 17:40:11,0.7671717171717172,209.59,4.836934,0.4411488073966499,2630380.0,36670427136.0
FOUR,2025-11-28 17:40:11,0.7558080808080808,74.086,5.5807333,0.4332106491639503,2171701.0,6565444096.0
GGAL,2025-11-28 17:40:11,0.6868686868686869,53.405,4.5516777,0.4271270081749187,3361012.0,8690357248.0
GME,2025-11-28 17:40:11,0.6866161616161615,22.464,3.8557632,0.8296897663608037,8184928.0,10061821952.0
HUT,2025-11-28 17:40:11,0.6848484848484848,45.095,6.431443,0.354268726570668,7546630.0,4871911936.0
IBRX,2025-11-28 17:40:11,0.7305555555555555,2.325,9.154925,1.909510411942008,9599458.0,2290044160.0
IE,2025-11-28 17:40:11,0.8401515151515151,14.2,9.5679,0.7288234548827288,2154707.0,2054949888.0
INTC,2025-11-28 17:40:11,0.8065656565656566,40.0341,8.846079,0.6601758587208364,110127379.0,190962647040.0
KSPI,2025-11-28 17:40:11,0.8542929292929293,77.77,5.09459,0.696437536465895,589592.0,15647887360.0
LITE,2025-11-28 17:40:11,0.7457070707070707,323.15,4.825257,0.4083751271102417,4251231.0,22915403776.0
NGD,2025-11-28 17:40:11,0.7113636363636362,8.32,6.122443,0.8248461174927607,20903773.0,6630057472.0
PAAS,2025-11-28 17:40:11,0.8805555555555554,45.46,6.738668,0.934510827027645,6586249.0,19186255872.0
PRAX,2025-11-28 17:40:11,0.7595959595959595,195.305,3.5880978,0.6303062794375495,930784.0,4884025344.0
PSTG,2025-11-28 17:40:11,0.7065656565656566,88.92,3.6738997,0.5512787260269265,3084398.0,29222363136.0
RGC,2025-11-28 17:40:11,0.7449494949494948,11.9,7.110711,0.5102464249233912,187968.0,5884417536.0
RIOT,2025-11-28 17:40:11,0.7176767676767677,15.995,6.918448,0.562210611032164,31448590.0,5947056128.0
SKE,2025-11-28 17:40:11,0.8098484848484849,20.895,6.770571,0.5864131195966336,785390.0,2530245376.0
SNDK,2025-11-28 17:40:11,0.8401515151515151,223.92,4.1294665,1.1495504635231206,10438530.0,32816189440.0
STNE,2025-11-28 17:40:11,0.7414141414141413,16.73,5.0219665,0.8093182221224574,5898314.0,4475683328.0
TBBB,2025-11-28 17:40:11,0.7093434343434343,32.99,3.2550888,1.1883834498674395,582376.0,3786157312.0
TEO,2025-11-28 17:40:11,0.692929292929293,12.55,4.4093156,0.6543173789221377,359211.0,6118759424.0
TMC,2025-11-28 17:40:11,0.8411616161616161,6.83,17.152658,1.578004756466733,9399414.0,3652924672.0
TSEM,2025-11-28 17:40:11,0.8055555555555556,107.82,4.2141895,0.702790028132092,1397692.0,12089188352.0
UPST,2025-11-28 17:40:11,0.697979797979798,44.585,6.003323,0.3755701600729187,7253007.0,4337517568.0
XP,2025-11-28 17:40:11,0.6820707070707069,19.965,4.5835514,0.603761064670262,6986426.0,10358495232.0
ZIM,2025-11-28 17:40:11,0.7171717171717171,20.575,4.441624,0.7619877788411985,4754050.0,2478413312.0
AAUC,2025-11-28 17:40:12,0.9368686868686869,21.08,9.734518,2.948140266601248,350561.0,2613920000.0
AG,2025-11-28 17:40:12,0.8373737373737373,15.175,12.324204,0.804866104431538,21326546.0,7441153536.0
ANF,2025-11-28 17:40:12,0.7772727272727272,98.7704,3.815852,0.7112911256165835,2036626.0,4529215488.0
APLD,2025-11-28 17:40:12,0.7666666666666667,26.87,7.7416778,0.554266118225025,30745538.0,7515160064.0
BBUC,2025-11-28 17:40:12,0.6974747474747475,35.22,3.4741178,0.6377263406889371,155573.0,2468171008.0
BE,2025-11-28 17:40:12,0.7487373737373737,106.78,5.5750556,0.4357691757007353,15079123.0,25254617088.0
BITF,2025-11-28 17:40:12,0.705050505050505,3.435,10.806453,0.8105663748645783,95519193.0,2053867008.0
BLTE,2025-11-28 17:40:12,0.8386363636363635,136.54,5.338681,0.5835346485930301,89412.0,4764015616.0
BMA,2025-11-28 17:40:12,0.716919191919192,85.405,3.8863883,0.4889855813286621,802085.0,6020669952.0
CAAP,2025-11-28 17:40:12,0.8106060606060606,25.23,4.7322516,0.8886373629243957,229709.0,4115461120.0
CDE,2025-11-28 17:40:12,0.7664141414141413,17.17,6.0512476,0.7911444908175509,17419100.0,11026880512.0
CEPU,2025-11-28 17:40:12,0.803030303030303,15.83,6.4559517,0.6851913663814639,482347.0,2702771456.0
CHA,2025-11-28 17:40:12,0.8320707070707072,15.05,6.51097,0.976552787336545,908125.0,2795575040.0
CIFR,2025-11-28 17:40:12,0.7348484848484849,20.58,7.467365,0.5438044510470756,52819347.0,8130994688.0
CLSK,2025-11-28 17:40:12,0.8553030303030302,15.06,11.970265,1.2636260126009131,33744538.0,4026076928.0
CMBT,2025-11-28 17:40:12,0.8260101010101009,10.955,8.144125,1.412664383209421,2566868.0,3248503552.0
COHR,2025-11-28 17:40:12,0.9308080808080808,164.62,6.8961005,0.9300808300636972,4120744.0,25870626816.0
COIN,2025-11-28 17:40:12,0.7068181818181818,272.365,2.7908778,0.7355765192945818,9680101.0,73441533952.0
CRCL,2025-11-28 17:40:12,0.9265151515151514,79.3733,9.26941,1.474874707474067,13393257.0,20195553280.0
CRDO,2025-11-28 17:40:12,0.8856060606060607,174.77,6.5605817,0.6707613707746419,6216485.0,30234441728.0
CVNA,2025-11-28 17:40:12,0.7878787878787877,372.4,4.2173924,0.5651965517252707,3043957.0,80737599488.0
DYN,2025-11-28 17:40:12,0.7547979797979798,22.245,5.076745,0.6271486207812611,2616155.0,3177135360.0
ERO,2025-11-28 17:40:12,0.827020202020202,25.3432,4.810589,1.5824275027041257,972588.0,2639599872.0
EXK,2025-11-28 17:40:12,0.8381313131313131,9.915,15.023202,0.853034366696766,14488707.0,2916770048.0
FLUT,2025-11-28 17:40:12,0.7671717171717172,209.59,4.836934,0.4411488073966499,2630380.0,36670427136.0
FOUR,2025-11-28 17:40:12,0.7558080808080808,74.086,5.5807333,0.4332106491639503,2171701.0,6565444096.0
GGAL,2025-11-28 17:40:12,0.6868686868686869,53.405,4.5516777,0.4271270081749187,3361012.0,8690357248.0
GME,2025-11-28 17:40:12,0.6866161616161615,22.464,3.8557632,0.8296897663608037,8184928.0,10061821952.0
HUT,2025-11-28 17:40:12,0.6848484848484848,45.095,6.431443,0.354268726570668,7546630.0,4871911936.0
IBRX,2025-11-28 17:40:12,0.7305555555555555,2.325,9.154925,1.909510411942008,9599458.0,2290044160.0
IE,2025-11-28 17:40:12,0.8401515151515151,14.2,9.5679,0.7288234548827288,2154707.0,2054949888.0
INTC,2025-11-28 17:40:12,0.8065656565656566,40.0341,8.846079,0.6601758587208364,110127379.0,190962647040.0
KSPI,2025-11-28 17:40:12,0.8542929292929293,77.77,5.09459,0.696437536465895,589592.0,15647887360.0
LITE,2025-11-28 17:40:12,0.7457070707070707,323.15,4.825257,0.4083751271102417,4251231.0,22915403776.0
NGD,2025-11-28 17:40:12,0.7113636363636362,8.32,6.122443,0.8248461174927607,20903773.0,6630057472.0
PAAS,2025-11-28 17:40:12,0.8805555555555554,45.46,6.738668,0.934510827027645,6586249.0,19186255872.0
PRAX,2025-11-28 17:40:12,0.7595959595959595,195.305,3.5880978,0.6303062794375495,930784.0,4884025344.0
PSTG,2025-11-28 17:40:12,0.7065656565656566,88.92,3.6738997,0.5512787260269265,3084398.0,29222363136.0
RGC,2025-11-28 17:40:12,0.7449494949494948,11.9,7.110711,0.5102464249233912,187968.0,5884417536.0
RIOT,2025-11-28 17:40:12,0.7176767676767677,15.995,6.918448,0.562210611032164,31448590.0,5947056128.0
SKE,2025-11-28 17:40:12,0.8098484848484849,20.895,6.770571,0.5864131195966336,785390.0,2530245376.0
SNDK,2025-11-28 17:40:12,0.8401515151515151,223.92,4.1294665,1.1495504635231206,10438530.0,32816189440.0
STNE,2025-11-28 17:40:12,0.7414141414141413,16.73,5.0219665,0.8093182221224574,5898314.0,4475683328.0
TBBB,2025-11-28 17:40:12,0.7093434343434343,32.99,3.2550888,1.1883834498674395,582376.0,3786157312.0
TEO,2025-11-28 17:40:12,0.692929292929293,12.55,4.4093156,0.6543173789221377,359211.0,6118759424.0
TMC,2025-11-28 17:40:12,0.8411616161616161,6.83,17.152658,1.578004756466733,9399414.0,3652924672.0
TSEM,2025-11-28 17:40:12,0.8055555555555556,107.82,4.2141895,0.702790028132092,1397692.0,12089188352.0
UPST,2025-11-28 17:40:12,0.697979797979798,44.585,6.003323,0.3755701600729187,7253007.0,4337517568.0
XP,2025-11-28 17:40:12,0.6820707070707069,19.965,4.5835514,0.603761064670262,6986426.0,10358495232.0
ZIM,2025-11-28 17:40:12,0.7171717171717171,20.575,4.441624,0.7619877788411985,4754050.0,2478413312.0
AAUC,2025-11-28 17:51:17,0.9336683417085426,21.15,10.114706,3.0805366255801414,350561.0,2622599936.0
AG,2025-11-28 17:51:17,0.8404522613065326,15.151,12.146556,0.8479798369600028,21326546.0,7429384704.0
ANF,2025-11-28 17:51:17,0.7532663316582914,98.56,3.5947006,0.7680462686816333,2036626.0,4519567360.0
APLD,2025-11-28 17:51:17,0.7655778894472361,26.925,7.959097,0.5755999781171499,30745538.0,7530542080.0
BE,2025-11-28 17:51:17,0.7801507537688442,108.125,6.906269,0.4575992914176773,15079123.0,25572724736.0
BITF,2025-11-28 17:51:17,0.7100502512562814,3.4493,11.283399,0.8418659064676143,95519193.0,2062417408.0
BKV,2025-11-28 17:51:17,0.69321608040201,27.53,4.3198233,0.48862422168933,574642.0,2476889088.0
BLTE,2025-11-28 17:51:17,0.8917085427135677,137.91,6.3956246,0.7024672303493938,89412.0,4811816960.0
BMA,2025-11-28 17:51:17,0.7394472361809045,85.645,4.178575,0.5047096006034273,802085.0,6037588480.0
BTDR,2025-11-28 17:51:17,0.7030150753768845,13.37,5.527042,0.6495177487335547,8108325.0,3107263232.0
CAAP,2025-11-28 17:51:17,0.8402010050251256,25.315,5.085099,0.9291016024622456,229709.0,4129326080.0
CDE,2025-11-28 17:51:17,0.764572864321608,17.125,5.7751665,0.8448442227210361,17419100.0,10997981184.0
CEPU,2025-11-28 17:51:17,0.7997487437185928,15.82,6.388701,0.7007527775646992,482347.0,2701063936.0
CHA,2025-11-28 17:51:17,0.843467336683417,15.07,6.652509,1.008029731589814,908125.0,2799290112.0
CLSK,2025-11-28 17:51:17,0.8484924623115577,14.855,10.449979,1.3241679883126567,33744538.0,3971272704.0
CMBT,2025-11-28 17:51:17,0.8334170854271358,10.955,8.144125,1.4644414905635974,2566868.0,3248503552.0
COHR,2025-11-28 17:51:17,0.9414572864321608,164.735,6.9707794,1.003526304958522,4120744.0,25888700416.0
COIN,2025-11-28 17:51:17,0.7105527638190955,271.425,2.4361198,0.8003664424575735,9680101.0,73188065280.0
CRCL,2025-11-28 17:51:17,0.9268844221105528,79.55,9.5126705,1.5226886932730404,13393257.0,20240513024.0
CRDO,2025-11-28 17:51:17,0.8977386934673366,175.49,6.99958,0.7062105032023724,6216485.0,30358999040.0
CVNA,2025-11-28 17:51:17,0.8025125628140704,372.7,4.3013535,0.6149101317791282,3043957.0,80802643968.0
DYN,2025-11-28 17:51:17,0.7537688442211056,22.219,4.9551244,0.6586582217032247,2616155.0,3173421824.0
ERO,2025-11-28 17:51:17,0.8050251256281407,25.2475,4.414802,1.6436075707288185,972588.0,2629632256.0
EXK,2025-11-28 17:51:17,0.8417085427135678,9.89,14.733184,0.8905270152816259,14488707.0,2909415680.0
FLUT,2025-11-28 17:51:17,0.7597989949748745,208.965,4.524535,0.4764729810901847,2630380.0,36561072128.0
FOUR,2025-11-28 17:51:17,0.757788944723618,73.82,5.2016554,0.4603087625782739,2171701.0,6541871616.0
GGAL,2025-11-28 17:51:17,0.7020100502512563,53.47,4.6789336,0.4433956201286993,3361012.0,8700934144.0
GME,2025-11-28 17:51:17,0.7160804020100502,22.5159,4.0957026,0.8778473066592645,8184928.0,10085067776.0
HUT,2025-11-28 17:51:17,0.6907035175879397,45.009,6.2284636,0.371692132779797,7546630.0,4862620672.0
IBRX,2025-11-28 17:51:17,0.7434673366834171,2.365,11.032858,2.012008282134262,9599458.0,2329442560.0
IE,2025-11-28 17:51:17,0.8437185929648241,14.22,9.722224,0.7735478652085875,2154707.0,2057844224.0
INTC,2025-11-28 17:51:17,0.8175879396984925,40.3383,9.674552,0.7062869170799025,110127379.0,192413679616.0
KSPI,2025-11-28 17:51:17,0.8258793969849246,77.365,4.5472946,0.774343953106555,589592.0,15566398464.0
LITE,2025-11-28 17:51:17,0.692713567839196,324.2375,5.1754994,0.3259458260442681,4251231.0,22992521216.0
NGD,2025-11-28 17:51:17,0.7183417085427136,8.315,6.058666,0.8778958707597906,20903773.0,6626072576.0
PAAS,2025-11-28 17:51:17,0.8806532663316582,45.43,6.668232,0.9797948726202124,6586249.0,19173595136.0
PRAX,2025-11-28 17:51:17,0.8055276381909547,196.365,4.1503196,0.6598877935160037,930784.0,4910533632.0
PSTG,2025-11-28 17:51:17,0.700502512562814,88.8,3.5327113,0.6227412934387845,3084398.0,29182928896.0
RGC,2025-11-28 17:51:17,0.7530150753768843,11.87,6.8406863,0.5348410367722165,187968.0,5869583360.0
RIOT,2025-11-28 17:51:17,0.7138190954773869,15.945,6.5842223,0.5901706245017662,31448590.0,5928465920.0
SEZL,2025-11-28 17:51:17,0.7261306532663317,61.2182,4.041809,0.5346248440322341,888004.0,2090791552.0
SKE,2025-11-28 17:51:17,0.7934673366834171,20.75,6.029639,0.6291014655139485,785390.0,2512686848.0
SMR,2025-11-28 17:51:17,0.7030150753768845,20.02,5.147056,0.6230522973479912,22714517.0,5662526976.0
SNDK,2025-11-28 17:51:17,0.8336683417085428,223.54,3.952753,1.1865895868479566,10438530.0,32760498176.0
STNE,2025-11-28 17:51:17,0.7510050251256281,16.7385,5.0764465,0.8730903441220661,5898314.0,4477957632.0
TEO,2025-11-28 17:51:17,0.6949748743718592,12.56,4.492512,0.6542895401310094,359211.0,6123634688.0
TMC,2025-11-28 17:51:17,0.8592964824120602,6.975,19.639795,1.6554725645662591,9399414.0,3730475776.0
TSEM,2025-11-28 17:51:17,0.7979899497487437,107.52,3.9257371,0.7797783774966158,1397692.0,12055550976.0
UPST,2025-11-28 17:51:17,0.7324120603015075,44.95,6.8711348,0.407219240240634,7253007.0,4373027328.0
ZIM,2025-11-28 17:51:17,0.7155778894472362,20.5362,4.2446637,0.7994263838201112,4754050.0,2473739520.0
AAUC,2025-11-28 18:27:12,0.9408898305084744,21.15,10.09891,3.321242237442271,350561.0,2622599936.0
AG,2025-11-28 18:27:12,0.8332627118644068,15.1701,12.279027,0.9081899150476592,21326546.0,7438750720.0
AMKR,2025-11-28 18:27:12,0.7184322033898305,36.39,4.2096257,0.6266396743926904,3011726.0,8995368960.0
APLD,2025-11-28 18:27:12,0.7675847457627119,27.1,8.660785,0.6395613243131409,30745538.0,7579487744.0
BE,2025-11-28 18:27:12,0.7561440677966101,107.16,5.95215,0.5279051706123759,15079123.0,25344493568.0
BITF,2025-11-28 18:27:12,0.7131355932203389,3.48,12.258068,0.89576845566524,95519193.0,2080773632.0
BLTE,2025-11-28 18:27:12,0.8860169491525423,137.44,6.0330253,0.8372030599919474,89412.0,4795418112.0
BMA,2025-11-28 18:27:12,0.725635593220339,85.48,3.9776235,0.5855763416595497,802085.0,6025957376.0
BMNR,2025-11-28 18:27:12,0.7713983050847457,33.12,4.3478236,1.1262595362455936,44877331.0,12720325632.0
BTDR,2025-11-28 18:27:12,0.7309322033898306,13.41,5.840566,0.7953233251010535,8108325.0,3116559616.0
CAAP,2025-11-28 18:27:12,0.8370762711864406,25.25,4.815275,1.0449089935527125,229709.0,4118723328.0
CDE,2025-11-28 18:27:12,0.7963983050847457,17.215,6.331066,0.970660998559053,17419100.0,11055780864.0
CEPU,2025-11-28 18:27:12,0.7989406779661016,15.8,6.254205,0.7783794654056105,482347.0,2697649408.0
CHA,2025-11-28 18:27:12,0.8326271186440677,14.99,6.0863385,1.116807708189952,908125.0,2784429824.0
CIFR,2025-11-28 18:27:12,0.7154661016949152,20.35,6.2663226,0.642489805866021,52819347.0,8040123904.0
CLSK,2025-11-28 18:27:12,0.858050847457627,15.1,12.267663,1.5026930284243334,33744538.0,4036770304.0
CMBT,2025-11-28 18:27:12,0.8355932203389831,10.925,7.847977,1.5829929704215409,2566868.0,3239607552.0
COHR,2025-11-28 18:27:12,0.9447033898305084,164.58,6.8701315,1.1538561968421237,4120744.0,25864341504.0
COIN,2025-11-28 18:27:12,0.760593220338983,272.82,2.9626017,0.9133707385904342,9680101.0,73564225536.0
CRCL,2025-11-28 18:27:12,0.9288135593220338,79.3078,9.183388,1.6413162981939344,13393257.0,20178886656.0
CRDO,2025-11-28 18:27:12,0.9161016949152542,177.6,8.286087,0.8990950673893687,6216485.0,30724020224.0
CVNA,2025-11-28 18:27:12,0.8127118644067796,372.33,4.1978006,0.7410794567728782,3043957.0,80722419712.0
ERO,2025-11-28 18:27:12,0.8398305084745762,25.3085,4.66708,1.795048879895701,972588.0,2635985664.0
EXK,2025-11-28 18:27:12,0.8269067796610168,9.89,14.733184,0.9335408604784402,14488707.0,2909415680.0
FLUT,2025-11-28 18:27:12,0.7921610169491524,208.97,4.525907,0.6047073046479976,2630380.0,36561948672.0
FOUR,2025-11-28 18:27:12,0.7853813559322034,74.13,5.6434364,0.5742392714282492,2171701.0,6569343488.0
GGAL,2025-11-28 18:27:12,0.7120762711864406,53.57,4.874702,0.4960895706412235,3361012.0,8717206528.0
GME,2025-11-28 18:27:12,0.7260593220338983,22.515,4.091541,0.9825759004844026,8184928.0,10084664320.0
GPCR,2025-11-28 18:27:12,0.7281779661016949,35.81,4.646406,0.5517934301539881,1162493.0,2172866304.0
IBRX,2025-11-28 18:27:12,0.7438559322033897,2.36,10.798112,2.2024010105570544,9599458.0,2324517632.0
IE,2025-11-28 18:27:12,0.863771186440678,14.22,9.722224,0.987879094466208,2154707.0,2057844224.0
INTC,2025-11-28 18:27:12,0.8197033898305084,40.56,10.277332,0.8532973712195584,110127379.0,193471201280.0
KSPI,2025-11-28 18:27:12,0.8635593220338982,77.31,4.47297,1.0374190965956118,589592.0,15555332096.0
LITE,2025-11-28 18:27:12,0.7809322033898305,325.16,5.4755435,0.5116960240457411,4251231.0,23057938432.0
MTSI,2025-11-28 18:27:12,0.8286016949152541,174.99,4.123532,0.8908323649929668,1062815.0,13112521728.0
NGD,2025-11-28 18:27:12,0.7360169491525423,8.345,6.441328,0.9345539200028626,20903773.0,6649979904.0
PAAS,2025-11-28 18:27:12,0.8826271186440677,45.45,6.715193,1.0819238689578847,6586249.0,19182036992.0
PRAX,2025-11-28 18:27:12,0.8122881355932203,196.46,4.2007074,0.7599378588372813,930784.0,4912909312.0
PSTG,2025-11-28 18:27:12,0.7597457627118643,88.85,3.5910015,0.8247842852965149,3084398.0,29199360000.0
RIOT,2025-11-28 18:27:12,0.735593220338983,16.13,7.82085,0.6700373530260021,31448590.0,5997250048.0
SEZL,2025-11-28 18:27:12,0.7983050847457627,61.75,4.945615,0.6432617420642249,888004.0,2108954112.0
SKE,2025-11-28 18:27:12,0.8084745762711865,20.79,6.234038,0.740744088923974,785390.0,2517530624.0
SMR,2025-11-28 18:27:12,0.7156779661016949,20.0,5.0420117,0.7560461884353518,22714517.0,5656869888.0
SNDK,2025-11-28 18:27:12,0.8423728813559322,223.28,3.8318477,1.2740488363783022,10438530.0,32722395136.0
STNE,2025-11-28 18:27:12,0.7980932203389829,16.85,5.775267,1.084157269348495,5898314.0,4507786752.0
TMC,2025-11-28 18:27:12,0.8536016949152542,6.96,19.382507,1.8293478721120275,9399414.0,3722453248.0
TSEM,2025-11-28 18:27:12,0.8391949152542373,108.11,4.494492,0.8534247888662166,1397692.0,12121704448.0
UPST,2025-11-28 18:27:12,0.7468220338983051,44.96,6.8949065,0.5041943293312691,7253007.0,4374000128.0
WLK,2025-11-28 18:27:12,0.7171610169491525,66.62,2.9357255,0.8382554565975916,1250138.0,8545557504.0
ZIM,2025-11-28 18:27:12,0.7447033898305084,20.5757,4.4451776,0.9068669870952136,4754050.0,2478497792.0
AAUC,2025-11-28 18:27:13,0.9408898305084744,21.15,10.09891,3.321242237442271,350561.0,2622599936.0
AG,2025-11-28 18:27:13,0.8332627118644068,15.1701,12.279027,0.9081899150476592,21326546.0,7438750720.0
AMKR,2025-11-28 18:27:13,0.7184322033898305,36.39,4.2096257,0.6266396743926904,3011726.0,8995368960.0
APLD,2025-11-28 18:27:13,0.7675847457627119,27.1,8.660785,0.6395613243131409,30745538.0,7579487744.0
BE,2025-11-28 18:27:13,0.7561440677966101,107.16,5.95215,0.5279051706123759,15079123.0,25344493568.0
BITF,2025-11-28 18:27:13,0.7131355932203389,3.48,12.258068,0.89576845566524,95519193.0,2080773632.0
BLTE,2025-11-28 18:27:13,0.8860169491525423,137.44,6.0330253,0.8372030599919474,89412.0,4795418112.0
BMA,2025-11-28 18:27:13,0.725635593220339,85.48,3.9776235,0.5855763416595497,802085.0,6025957376.0
BMNR,2025-11-28 18:27:13,0.7713983050847457,33.12,4.3478236,1.1262595362455936,44877331.0,12720325632.0
BTDR,2025-11-28 18:27:13,0.7309322033898306,13.41,5.840566,0.7953233251010535,8108325.0,3116559616.0
CAAP,2025-11-28 18:27:13,0.8370762711864406,25.25,4.815275,1.0449089935527125,229709.0,4118723328.0
CDE,2025-11-28 18:27:13,0.7963983050847457,17.215,6.331066,0.970660998559053,17419100.0,11055780864.0
CEPU,2025-11-28 18:27:13,0.7989406779661016,15.8,6.254205,0.7783794654056105,482347.0,2697649408.0
CHA,2025-11-28 18:27:13,0.8326271186440677,14.99,6.0863385,1.116807708189952,908125.0,2784429824.0
CIFR,2025-11-28 18:27:13,0.7154661016949152,20.35,6.2663226,0.642489805866021,52819347.0,8040123904.0
CLSK,2025-11-28 18:27:13,0.858050847457627,15.1,12.267663,1.5026930284243334,33744538.0,4036770304.0
CMBT,2025-11-28 18:27:13,0.8355932203389831,10.925,7.847977,1.5829929704215409,2566868.0,3239607552.0
COHR,2025-11-28 18:27:13,0.9447033898305084,164.58,6.8701315,1.1538561968421237,4120744.0,25864341504.0
COIN,2025-11-28 18:27:13,0.760593220338983,272.82,2.9626017,0.9133707385904342,9680101.0,73564225536.0
CRCL,2025-11-28 18:27:13,0.9288135593220338,79.3078,9.183388,1.6413162981939344,13393257.0,20178886656.0
CRDO,2025-11-28 18:27:13,0.9161016949152542,177.6,8.286087,0.8990950673893687,6216485.0,30724020224.0
CVNA,2025-11-28 18:27:13,0.8127118644067796,372.33,4.1978006,0.7410794567728782,3043957.0,80722419712.0
ERO,2025-11-28 18:27:13,0.8398305084745762,25.3085,4.66708,1.795048879895701,972588.0,2635985664.0
EXK,2025-11-28 18:27:13,0.8269067796610168,9.89,14.733184,0.9335408604784402,14488707.0,2909415680.0
FLUT,2025-11-28 18:27:13,0.7921610169491524,208.97,4.525907,0.6047073046479976,2630380.0,36561948672.0
FOUR,2025-11-28 18:27:13,0.7853813559322034,74.13,5.6434364,0.5742392714282492,2171701.0,6569343488.0
GGAL,2025-11-28 18:27:13,0.7120762711864406,53.57,4.874702,0.4960895706412235,3361012.0,8717206528.0
GME,2025-11-28 18:27:13,0.7260593220338983,22.515,4.091541,0.9825759004844026,8184928.0,10084664320.0
GPCR,2025-11-28 18:27:13,0.7281779661016949,35.81,4.646406,0.5517934301539881,1162493.0,2172866304.0
IBRX,2025-11-28 18:27:13,0.7438559322033897,2.36,10.798112,2.2024010105570544,9599458.0,2324517632.0
IE,2025-11-28 18:27:13,0.863771186440678,14.22,9.722224,0.987879094466208,2154707.0,2057844224.0
INTC,2025-11-28 18:27:13,0.8197033898305084,40.56,10.277332,0.8532973712195584,110127379.0,193471201280.0
KSPI,2025-11-28 18:27:13,0.8635593220338982,77.31,4.47297,1.0374190965956118,589592.0,15555332096.0
LITE,2025-11-28 18:27:13,0.7809322033898305,325.16,5.4755435,0.5116960240457411,4251231.0,23057938432.0
MTSI,2025-11-28 18:27:13,0.8286016949152541,174.99,4.123532,0.8908323649929668,1062815.0,13112521728.0
NGD,2025-11-28 18:27:13,0.7360169491525423,8.345,6.441328,0.9345539200028626,20903773.0,6649979904.0
PAAS,2025-11-28 18:27:13,0.8826271186440677,45.45,6.715193,1.0819238689578847,6586249.0,19182036992.0
PRAX,2025-11-28 18:27:13,0.8122881355932203,196.46,4.2007074,0.7599378588372813,930784.0,4912909312.0
PSTG,2025-11-28 18:27:13,0.7597457627118643,88.85,3.5910015,0.8247842852965149,3084398.0,29199360000.0
RIOT,2025-11-28 18:27:13,0.735593220338983,16.13,7.82085,0.6700373530260021,31448590.0,5997250048.0
SEZL,2025-11-28 18:27:13,0.7983050847457627,61.75,4.945615,0.6432617420642249,888004.0,2108954112.0
SKE,2025-11-28 18:27:13,0.8084745762711865,20.79,6.234038,0.740744088923974,785390.0,2517530624.0
SMR,2025-11-28 18:27:13,0.7156779661016949,20.0,5.0420117,0.7560461884353518,22714517.0,5656869888.0
SNDK,2025-11-28 18:27:13,0.8423728813559322,223.28,3.8318477,1.2740488363783022,10438530.0,32722395136.0
STNE,2025-11-28 18:27:13,0.7980932203389829,16.85,5.775267,1.084157269348495,5898314.0,4507786752.0
TMC,2025-11-28 18:27:13,0.8536016949152542,6.96,19.382507,1.8293478721120275,9399414.0,3722453248.0
TSEM,2025-11-28 18:27:13,0.8391949152542373,108.11,4.494492,0.8534247888662166,1397692.0,12121704448.0
UPST,2025-11-28 18:27:13,0.7468220338983051,44.96,6.8949065,0.5041943293312691,7253007.0,4374000128.0
WLK,2025-11-28 18:27:13,0.7171610169491525,66.62,2.9357255,0.8382554565975916,1250138.0,8545557504.0
ZIM,2025-11-28 18:27:13,0.7447033898305084,20.5757,4.4451776,0.9068669870952136,4754050.0,2478497792.0
AAUC,2025-11-28 18:49:37,0.936808510638298,21.11,9.890691,3.321242237442271,350561.0,2617640192.0
AG,2025-11-28 18:49:37,0.8325531914893617,15.23,12.731305,0.9081899150476592,21326546.0,7468122624.0
APLD,2025-11-28 18:49:37,0.7676595744680851,27.1,8.660785,0.6395613243131409,30745538.0,7579487744.0
BE,2025-11-28 18:49:37,0.7848936170212767,109.24,8.008699,0.5279051706123759,15079123.0,25836433408.0
BITF,2025-11-28 18:49:37,0.7131914893617021,3.48,12.258068,0.89576845566524,95519193.0,2080773632.0
BKV,2025-11-28 18:49:37,0.7361702127659575,27.61,4.6229677,0.6277247399250316,574642.0,2484086784.0
BLTE,2025-11-28 18:49:37,0.8817021276595745,137.44,6.0330253,0.8372030599919474,89412.0,4795418112.0
BMA,2025-11-28 18:49:37,0.7502127659574468,85.78,4.342537,0.5855763416595497,802085.0,6047105536.0
BMNR,2025-11-28 18:49:37,0.7634042553191489,33.12,4.3478236,1.1262595362455936,44877331.0,12720325632.0
BTDR,2025-11-28 18:49:37,0.7287234042553191,13.41,5.840566,0.7953233251010535,8108325.0,3116559616.0
CAAP,2025-11-28 18:49:37,0.85,25.35,5.2303867,1.0449089935527125,229709.0,4135035392.0
CDE,2025-11-28 18:49:37,0.797659574468085,17.27,6.6707835,0.970660998559053,17419100.0,11091102720.0
CEPU,2025-11-28 18:49:37,0.8140425531914893,15.9,6.926696,0.7783794654056105,482347.0,2714722816.0
CHA,2025-11-28 18:49:37,0.832127659574468,14.99,6.0863385,1.116807708189952,908125.0,2784429824.0
CIFR,2025-11-28 18:49:37,0.71,20.35,6.2663226,0.642489805866021,52819347.0,8040123904.0
CLSK,2025-11-28 18:49:37,0.8570212765957447,15.1,12.267663,1.5026930284243334,33744538.0,4036770304.0
CMBT,2025-11-28 18:49:37,0.835531914893617,10.94,7.9960456,1.5829929704215409,2566868.0,3244055296.0
COHR,2025-11-28 18:49:37,0.9368085106382978,164.26,6.662334,1.1538561968421237,4120744.0,25814052864.0
COIN,2025-11-28 18:49:37,0.7423404255319148,272.82,2.9626017,0.9133707385904342,9680101.0,73564225536.0
CRCL,2025-11-28 18:49:37,0.93,79.93,10.035794,1.6413162981939344,13393257.0,20337199104.0
CRDO,2025-11-28 18:49:37,0.9148936170212766,177.6,8.286087,0.8990950673893687,6216485.0,30724020224.0
CVNA,2025-11-28 18:49:37,0.8440425531914895,374.5,4.805086,0.7410794567728782,3043957.0,81192886272.0
ERO,2025-11-28 18:49:37,0.8448936170212765,25.37,4.921425,1.795048879895701,972588.0,2642391296.0
EXK,2025-11-28 18:49:37,0.8265957446808512,9.93,15.197221,0.9335408604784402,14488707.0,2921182720.0
FLUT,2025-11-28 18:49:37,0.7770212765957447,208.81,4.4467783,0.6047073046479976,2630380.0,36533956608.0
FOUR,2025-11-28 18:49:37,0.7755319148936171,73.78,5.1446495,0.5742392714282492,2171701.0,6538327040.0
GME,2025-11-28 18:49:37,0.7231914893617021,22.53,4.160895,0.9825759004844026,8184928.0,10091383808.0
GPCR,2025-11-28 18:49:37,0.7225531914893617,35.81,4.646406,0.5517934301539881,1162493.0,2172866304.0
IBRX,2025-11-28 18:49:37,0.7431914893617021,2.36,10.798112,2.2024010105570544,9599458.0,2324517632.0
IE,2025-11-28 18:49:37,0.8699999999999998,14.31,10.41667,0.987879094466208,2154707.0,2070868608.0
INTC,2025-11-28 18:49:37,0.8195744680851063,40.56,10.277332,0.8532973712195584,110127379.0,193471201280.0
KSPI,2025-11-28 18:49:37,0.8548936170212766,77.31,4.47297,1.0374190965956118,589592.0,15555332096.0
LITE,2025-11-28 18:49:37,0.7806382978723405,325.16,5.4755435,0.5116960240457411,4251231.0,23057938432.0
MTSI,2025-11-28 18:49:37,0.8193617021276596,174.99,4.123532,0.8908323649929668,1062815.0,13112521728.0
NGD,2025-11-28 18:49:37,0.7291489361702127,8.35,6.505105,0.9345539200028626,20903773.0,6653964288.0
PAAS,2025-11-28 18:49:37,0.8870212765957446,45.67,7.23174,1.0819238689578847,6586249.0,19274885120.0
PRAX,2025-11-28 18:49:37,0.8017021276595744,196.46,4.2007074,0.7599378588372813,930784.0,4912909312.0
PSTG,2025-11-28 18:49:37,0.7634042553191489,88.96,3.7192519,0.8247842852965149,3084398.0,29235509248.0
RIOT,2025-11-28 18:49:37,0.7340425531914894,16.13,7.82085,0.6700373530260021,31448590.0,5997250048.0
SEZL,2025-11-28 18:49:37,0.7929787234042552,61.75,4.945615,0.6432617420642249,888004.0,2108954112.0
SKE,2025-11-28 18:49:37,0.8106382978723405,20.83,6.4384274,0.740744088923974,785390.0,2522374144.0
SMR,2025-11-28 18:49:37,0.7085106382978723,20.0,5.0420117,0.7560461884353518,22714517.0,5656869888.0
SNDK,2025-11-28 18:49:37,0.8417021276595745,223.28,3.8318477,1.2740488363783022,10438530.0,32722395136.0
STNE,2025-11-28 18:49:37,0.796595744680851,16.85,5.775267,1.084157269348495,5898314.0,4507786752.0
TEO,2025-11-28 18:49:37,0.7246808510638296,12.62,4.9916754,0.7081993591510283,359211.0,6152887808.0
TMC,2025-11-28 18:49:37,0.8525531914893617,6.96,19.382507,1.8293478721120275,9399414.0,3722453248.0
TSEM,2025-11-28 18:49:37,0.8302127659574468,108.11,4.494492,0.8534247888662166,1397692.0,12121704448.0
UPST,2025-11-28 18:49:37,0.7431914893617021,44.96,6.8949065,0.5041943293312691,7253007.0,4374000128.0
VRT,2025-11-28 18:49:37,0.7270212765957447,179.73,4.482032,0.5212990116130861,7661271.0,68717662208.0
WLK,2025-11-28 18:49:37,0.7182978723404254,66.81,3.2292898,0.8382554565975916,1250138.0,8569929216.0
AAUC,2025-11-28 19:14:59,0.9370762711864408,21.11,9.890691,3.321242237442271,350561.0,2617640192.0
AG,2025-11-28 19:14:59,0.8328389830508476,15.23,12.731305,0.9081899150476592,21326546.0,7468122624.0
APLD,2025-11-28 19:14:59,0.7667372881355932,27.1,8.660785,0.6413525435788439,30745538.0,7579487744.0
BE,2025-11-28 19:14:59,0.784322033898305,109.24,8.008699,0.5309796199686149,15079123.0,25836433408.0
BITF,2025-11-28 19:14:59,0.7139830508474576,3.48,12.258068,0.89576845566524,95519193.0,2080773632.0
BKV,2025-11-28 19:14:59,0.7358050847457627,27.61,4.6229677,0.6277247399250316,574642.0,2484086784.0
BLTE,2025-11-28 19:14:59,0.8836864406779662,137.44,6.0330253,0.8415425222565204,89412.0,4795418112.0
BMA,2025-11-28 19:14:59,0.751271186440678,85.78,4.342537,0.5855763416595497,802085.0,6047105536.0
BMNR,2025-11-28 19:14:59,0.7639830508474575,33.12,4.3478236,1.1262595362455936,44877331.0,12720325632.0
BTDR,2025-11-28 19:14:59,0.7279661016949154,13.41,5.840566,0.7953233251010535,8108325.0,3116559616.0
CAAP,2025-11-28 19:14:59,0.8506355932203389,25.35,5.2303867,1.0449089935527125,229709.0,4135035392.0
CDE,2025-11-28 19:14:59,0.798093220338983,17.27,6.6707835,0.970660998559053,17419100.0,11091102720.0
CEPU,2025-11-28 19:14:59,0.8148305084745762,15.9,6.926696,0.7783794654056105,482347.0,2714722816.0
CHA,2025-11-28 19:14:59,0.8328389830508475,14.99,6.0863385,1.1235986235375086,908125.0,2784429824.0
CIFR,2025-11-28 19:14:59,0.7093220338983051,20.35,6.2663226,0.642489805866021,52819347.0,8040123904.0
CLSK,2025-11-28 19:14:59,0.8572033898305084,15.1,12.267663,1.5088512991346923,33744538.0,4036770304.0
CMBT,2025-11-28 19:14:59,0.8358050847457628,10.94,7.9960456,1.5829929704215409,2566868.0,3244055296.0
COHR,2025-11-28 19:14:59,0.9370762711864408,164.26,6.662334,1.1538561968421237,4120744.0,25814052864.0
COIN,2025-11-28 19:14:59,0.7434322033898305,272.82,2.9626017,0.9133707385904342,9680101.0,73564225536.0
CRCL,2025-11-28 19:14:59,0.9302966101694916,79.93,10.035794,1.6413162981939344,13393257.0,20337199104.0
CRDO,2025-11-28 19:14:59,0.9152542372881356,177.6,8.286087,0.8990950673893687,6216485.0,30724020224.0
CVNA,2025-11-28 19:14:59,0.8447033898305083,374.5,4.805086,0.7410794567728782,3043957.0,81192886272.0
ERO,2025-11-28 19:14:59,0.8455508474576271,25.37,4.921425,1.795048879895701,972588.0,2642391296.0
EXK,2025-11-28 19:14:59,0.8254237288135593,9.93,15.197221,0.9335408604784402,14488707.0,2921182720.0
FLUT,2025-11-28 19:14:59,0.7764830508474575,208.81,4.4467783,0.6047073046479976,2630380.0,36533956608.0
FOUR,2025-11-28 19:14:59,0.775,73.78,5.1446495,0.5742392714282492,2171701.0,6538327040.0
GME,2025-11-28 19:14:59,0.7239406779661017,22.53,4.160895,0.9825759004844026,8184928.0,10091383808.0
GPCR,2025-11-28 19:14:59,0.7222457627118644,35.81,4.646406,0.5517934301539881,1162493.0,2172866304.0
IBRX,2025-11-28 19:14:59,0.7438559322033897,2.36,10.798112,2.2024010105570544,9599458.0,2324517632.0
IE,2025-11-28 19:14:59,0.8705508474576271,14.31,10.41667,0.987879094466208,2154707.0,2070868608.0
INTC,2025-11-28 19:14:59,0.8199152542372882,40.56,10.277332,0.8532973712195584,110127379.0,193471201280.0
KSPI,2025-11-28 19:14:59,0.8555084745762711,77.31,4.47297,1.0374190965956118,589592.0,15555332096.0
LITE,2025-11-28 19:14:59,0.7786016949152543,325.16,5.4755435,0.5127232559228139,4251231.0,23057938432.0
MTSI,2025-11-28 19:14:59,0.8201271186440677,174.99,4.123532,0.8908323649929668,1062815.0,13112521728.0
NGD,2025-11-28 19:14:59,0.7298728813559322,8.35,6.505105,0.9345539200028626,20903773.0,6653964288.0
PAAS,2025-11-28 19:14:59,0.8875000000000001,45.67,7.23174,1.0819238689578847,6586249.0,19274885120.0
PRAX,2025-11-28 19:14:59,0.802542372881356,196.46,4.2007074,0.7607575978959673,930784.0,4912909312.0
PSTG,2025-11-28 19:14:59,0.764406779661017,88.96,3.7192519,0.8247842852965149,3084398.0,29235509248.0
RIOT,2025-11-28 19:14:59,0.7347457627118644,16.13,7.82085,0.6712137491696766,31448590.0,5997250048.0
SEZL,2025-11-28 19:14:59,0.7923728813559323,61.75,4.945615,0.6432617420642249,888004.0,2108954112.0
SKE,2025-11-28 19:14:59,0.8114406779661016,20.83,6.4384274,0.740744088923974,785390.0,2522374144.0
SMR,2025-11-28 19:14:59,0.7084745762711865,20.0,5.0420117,0.7560461884353518,22714517.0,5656869888.0
SNDK,2025-11-28 19:14:59,0.8423728813559322,223.28,3.8318477,1.2740488363783022,10438530.0,32722395136.0
STNE,2025-11-28 19:14:59,0.7970338983050846,16.85,5.775267,1.084157269348495,5898314.0,4507786752.0
TEO,2025-11-28 19:14:59,0.7258474576271188,12.62,4.9916754,0.7081993591510283,359211.0,6152887808.0
TMC,2025-11-28 19:14:59,0.8527542372881355,6.96,19.382507,1.8293478721120275,9399414.0,3722453248.0
TSEM,2025-11-28 19:14:59,0.8309322033898305,108.11,4.494492,0.8534247888662166,1397692.0,12121704448.0
UPST,2025-11-28 19:14:59,0.7413135593220338,44.96,6.8949065,0.5041943293312691,7253007.0,4374000128.0
VRT,2025-11-28 19:14:59,0.7266949152542372,179.73,4.482032,0.5212990116130861,7661271.0,68717662208.0
WLK,2025-11-28 19:14:59,0.7180084745762711,66.81,3.2292898,0.8382554565975916,1250138.0,8569929216.0
AAUC,2025-11-28 19:28:43,0.9373417721518988,21.11,9.890691,3.321242237442271,350561.0,2617640192.0
AG,2025-11-28 19:28:43,0.8331223628691983,15.23,12.731305,0.9081899150476592,21326546.0,7468122624.0
APLD,2025-11-28 19:28:43,0.7658227848101267,27.1,8.660785,0.6413525435788439,30745538.0,7579487744.0
BE,2025-11-28 19:28:43,0.7837552742616034,109.24,8.008699,0.5318741680136172,15079123.0,25836433408.0
BITF,2025-11-28 19:28:43,0.7139240506329114,3.48,12.258068,0.89576845566524,95519193.0,2080773632.0
BKV,2025-11-28 19:28:43,0.7354430379746835,27.61,4.6229677,0.6277247399250316,574642.0,2484086784.0
BLTE,2025-11-28 19:28:43,0.8841772151898734,137.44,6.0330253,0.8415425222565204,89412.0,4795418112.0
BMA,2025-11-28 19:28:43,0.7508438818565399,85.78,4.342537,0.5855763416595497,802085.0,6047105536.0
BMNR,2025-11-28 19:28:43,0.7645569620253164,33.12,4.3478236,1.1262595362455936,44877331.0,12720325632.0
BTDR,2025-11-28 19:28:43,0.7286919831223628,13.41,5.840566,0.7953233251010535,8108325.0,3116559616.0
CAAP,2025-11-28 19:28:43,0.8512658227848102,25.35,5.2303867,1.0449089935527125,229709.0,4135035392.0
CDE,2025-11-28 19:28:43,0.7985232067510548,17.27,6.6707835,0.970660998559053,17419100.0,11091102720.0
CEPU,2025-11-28 19:28:43,0.8156118143459915,15.9,6.926696,0.7783794654056105,482347.0,2714722816.0
CHA,2025-11-28 19:28:43,0.8335443037974682,14.99,6.0863385,1.1235986235375086,908125.0,2784429824.0
CIFR,2025-11-28 19:28:43,0.7086497890295359,20.35,6.2663226,0.642489805866021,52819347.0,8040123904.0
CLSK,2025-11-28 19:28:43,0.8573839662447257,15.1,12.267663,1.5088512991346923,33744538.0,4036770304.0
CMBT,2025-11-28 19:28:43,0.8360759493670886,10.94,7.9960456,1.5829929704215409,2566868.0,3244055296.0
COHR,2025-11-28 19:28:43,0.9373417721518988,164.26,6.662334,1.1538561968421237,4120744.0,25814052864.0
COIN,2025-11-28 19:28:43,0.7445147679324895,272.82,2.9626017,0.9133707385904342,9680101.0,73564225536.0
CRCL,2025-11-28 19:28:43,0.930168776371308,79.93,10.035794,1.6413162981939344,13393257.0,20337199104.0
CRDO,2025-11-28 19:28:43,0.9156118143459916,177.6,8.286087,0.8990950673893687,6216485.0,30724020224.0
CVNA,2025-11-28 19:28:43,0.8438818565400842,374.5,4.805086,0.7410794567728782,3043957.0,81192886272.0
ERO,2025-11-28 19:28:43,0.8462025316455696,25.37,4.921425,1.795048879895701,972588.0,2642391296.0
EXK,2025-11-28 19:28:43,0.8257383966244725,9.93,15.197221,0.9335408604784402,14488707.0,2921182720.0
FLUT,2025-11-28 19:28:43,0.7759493670886075,208.81,4.4467783,0.6047073046479976,2630380.0,36533956608.0
FOUR,2025-11-28 19:28:43,0.7744725738396625,73.78,5.1446495,0.5742392714282492,2171701.0,6538327040.0
GME,2025-11-28 19:28:43,0.7246835443037974,22.53,4.160895,0.9825759004844026,8184928.0,10091383808.0
GPCR,2025-11-28 19:28:43,0.7219409282700421,35.81,4.646406,0.5517934301539881,1162493.0,2172866304.0
IBRX,2025-11-28 19:28:43,0.7436708860759493,2.36,10.798112,2.2024010105570544,9599458.0,2324517632.0
IE,2025-11-28 19:28:43,0.8706751054852321,14.31,10.41667,0.987879094466208,2154707.0,2070868608.0
INTC,2025-11-28 19:28:43,0.820253164556962,40.56,10.277332,0.8532973712195584,110127379.0,193471201280.0
KSPI,2025-11-28 19:28:43,0.8561181434599157,77.31,4.47297,1.0374190965956118,589592.0,15555332096.0
LITE,2025-11-28 19:28:43,0.7780590717299578,325.16,5.4755435,0.5127232559228139,4251231.0,23057938432.0
MTSI,2025-11-28 19:28:43,0.8208860759493671,174.99,4.123532,0.8908323649929668,1062815.0,13112521728.0
NGD,2025-11-28 19:28:43,0.729746835443038,8.35,6.505105,0.9345539200028626,20903773.0,6653964288.0
PAAS,2025-11-28 19:28:43,0.8879746835443038,45.67,7.23174,1.0819238689578847,6586249.0,19274885120.0
PRAX,2025-11-28 19:28:43,0.8033755274261603,196.46,4.2007074,0.7607575978959673,930784.0,4912909312.0
PSTG,2025-11-28 19:28:43,0.7654008438818566,88.96,3.7192519,0.8247842852965149,3084398.0,29235509248.0
RIOT,2025-11-28 19:28:43,0.7339662447257385,16.13,7.82085,0.6712137491696766,31448590.0,5997250048.0
SEZL,2025-11-28 19:28:43,0.7917721518987341,61.75,4.945615,0.6432617420642249,888004.0,2108954112.0
SKE,2025-11-28 19:28:43,0.8107594936708861,20.83,6.4384274,0.740744088923974,785390.0,2522374144.0
SMR,2025-11-28 19:28:43,0.7092827004219409,20.0,5.0420117,0.7560461884353518,22714517.0,5656869888.0
SNDK,2025-11-28 19:28:43,0.8430379746835442,223.28,3.8318477,1.2740488363783022,10438530.0,32722395136.0
STNE,2025-11-28 19:28:43,0.7974683544303798,16.85,5.775267,1.084157269348495,5898314.0,4507786752.0
TEO,2025-11-28 19:28:43,0.7246835443037974,12.62,4.9916754,0.7081993591510283,359211.0,6152887808.0
TMC,2025-11-28 19:28:43,0.8529535864978903,6.96,19.382507,1.8293478721120275,9399414.0,3722453248.0
TSEM,2025-11-28 19:28:43,0.8316455696202532,108.11,4.494492,0.8534247888662166,1397692.0,12121704448.0
UPST,2025-11-28 19:28:43,0.7405063291139241,44.96,6.8949065,0.5041943293312691,7253007.0,4374000128.0
VRT,2025-11-28 19:28:43,0.7263713080168777,179.73,4.482032,0.5212990116130861,7661271.0,68717662208.0
WLK,2025-11-28 19:28:43,0.7191983122362868,66.81,3.2292898,0.8382554565975916,1250138.0,8569929216.0
AAUC,2025-11-28 19:40:01,0.9373417721518988,21.11,9.890691,3.321242237442271,350561.0,2617640192.0
AG,2025-11-28 19:40:01,0.8331223628691983,15.23,12.731305,0.9081899150476592,21326546.0,7468122624.0
APLD,2025-11-28 19:40:01,0.7658227848101267,27.1,8.660785,0.6413525435788439,30745538.0,7579487744.0
BE,2025-11-28 19:40:01,0.7837552742616034,109.24,8.008699,0.5318741680136172,15079123.0,25836433408.0
BITF,2025-11-28 19:40:01,0.7139240506329114,3.48,12.258068,0.89576845566524,95519193.0,2080773632.0
BKV,2025-11-28 19:40:01,0.7354430379746835,27.61,4.6229677,0.6277247399250316,574642.0,2484086784.0
BLTE,2025-11-28 19:40:01,0.8841772151898734,137.44,6.0330253,0.8415425222565204,89412.0,4795418112.0
BMA,2025-11-28 19:40:01,0.7508438818565399,85.78,4.342537,0.5855763416595497,802085.0,6047105536.0
BMNR,2025-11-28 19:40:01,0.7645569620253164,33.12,4.3478236,1.1262595362455936,44877331.0,12720325632.0
BTDR,2025-11-28 19:40:01,0.7286919831223628,13.41,5.840566,0.7953233251010535,8108325.0,3116559616.0
CAAP,2025-11-28 19:40:01,0.8512658227848102,25.35,5.2303867,1.0449089935527125,229709.0,4135035392.0
CDE,2025-11-28 19:40:01,0.7985232067510548,17.27,6.6707835,0.970660998559053,17419100.0,11091102720.0
CEPU,2025-11-28 19:40:01,0.8156118143459915,15.9,6.926696,0.7783794654056105,482347.0,2714722816.0
CHA,2025-11-28 19:40:01,0.8335443037974682,14.99,6.0863385,1.1235986235375086,908125.0,2784429824.0
CIFR,2025-11-28 19:40:01,0.7086497890295359,20.35,6.2663226,0.642489805866021,52819347.0,8040123904.0
CLSK,2025-11-28 19:40:01,0.8573839662447257,15.1,12.267663,1.5088512991346923,33744538.0,4036770304.0
CMBT,2025-11-28 19:40:01,0.8360759493670886,10.94,7.9960456,1.5829929704215409,2566868.0,3244055296.0
COHR,2025-11-28 19:40:01,0.9373417721518988,164.26,6.662334,1.1538561968421237,4120744.0,25814052864.0
COIN,2025-11-28 19:40:01,0.7445147679324895,272.82,2.9626017,0.9133707385904342,9680101.0,73564225536.0
CRCL,2025-11-28 19:40:01,0.930168776371308,79.93,10.035794,1.6413162981939344,13393257.0,20337199104.0
CRDO,2025-11-28 19:40:01,0.9156118143459916,177.6,8.286087,0.8990950673893687,6216485.0,30724020224.0
CVNA,2025-11-28 19:40:01,0.8438818565400842,374.5,4.805086,0.7410794567728782,3043957.0,81192886272.0
ERO,2025-11-28 19:40:01,0.8462025316455696,25.37,4.921425,1.795048879895701,972588.0,2642391296.0
EXK,2025-11-28 19:40:01,0.8257383966244725,9.93,15.197221,0.9335408604784402,14488707.0,2921182720.0
FLUT,2025-11-28 19:40:01,0.7759493670886075,208.81,4.4467783,0.6047073046479976,2630380.0,36533956608.0
FOUR,2025-11-28 19:40:01,0.7744725738396625,73.78,5.1446495,0.5742392714282492,2171701.0,6538327040.0
GME,2025-11-28 19:40:01,0.7246835443037974,22.53,4.160895,0.9825759004844026,8184928.0,10091383808.0
GPCR,2025-11-28 19:40:01,0.7219409282700421,35.81,4.646406,0.5517934301539881,1162493.0,2172866304.0
IBRX,2025-11-28 19:40:01,0.7436708860759493,2.36,10.798112,2.2024010105570544,9599458.0,2324517632.0
IE,2025-11-28 19:40:01,0.8706751054852321,14.31,10.41667,0.987879094466208,2154707.0,2070868608.0
INTC,2025-11-28 19:40:01,0.820253164556962,40.56,10.277332,0.8532973712195584,110127379.0,193471201280.0
KSPI,2025-11-28 19:40:01,0.8561181434599157,77.31,4.47297,1.0374190965956118,589592.0,15555332096.0
LITE,2025-11-28 19:40:01,0.7780590717299578,325.16,5.4755435,0.5127232559228139,4251231.0,23057938432.0
MTSI,2025-11-28 19:40:01,0.8208860759493671,174.99,4.123532,0.8908323649929668,1062815.0,13112521728.0
NGD,2025-11-28 19:40:01,0.729746835443038,8.35,6.505105,0.9345539200028626,20903773.0,6653964288.0
PAAS,2025-11-28 19:40:01,0.8879746835443038,45.67,7.23174,1.0819238689578847,6586249.0,19274885120.0
PRAX,2025-11-28 19:40:01,0.8033755274261603,196.46,4.2007074,0.7607575978959673,930784.0,4912909312.0
PSTG,2025-11-28 19:40:01,0.7654008438818566,88.96,3.7192519,0.8247842852965149,3084398.0,29235509248.0
RIOT,2025-11-28 19:40:01,0.7339662447257385,16.13,7.82085,0.6712137491696766,31448590.0,5997250048.0
SEZL,2025-11-28 19:40:01,0.7917721518987341,61.75,4.945615,0.6432617420642249,888004.0,2108954112.0
SKE,2025-11-28 19:40:01,0.8107594936708861,20.83,6.4384274,0.740744088923974,785390.0,2522374144.0
SMR,2025-11-28 19:40:01,0.7092827004219409,20.0,5.0420117,0.7560461884353518,22714517.0,5656869888.0
SNDK,2025-11-28 19:40:01,0.8430379746835442,223.28,3.8318477,1.2740488363783022,10438530.0,32722395136.0
STNE,2025-11-28 19:40:01,0.7974683544303798,16.85,5.775267,1.084157269348495,5898314.0,4507786752.0
TEO,2025-11-28 19:40:01,0.7246835443037974,12.62,4.9916754,0.7081993591510283,359211.0,6152887808.0
TMC,2025-11-28 19:40:01,0.8529535864978903,6.96,19.382507,1.8293478721120275,9399414.0,3722453248.0
TSEM,2025-11-28 19:40:01,0.8316455696202532,108.11,4.494492,0.8534247888662166,1397692.0,12121704448.0
UPST,2025-11-28 19:40:01,0.7405063291139241,44.96,6.8949065,0.5041943293312691,7253007.0,4374000128.0
VRT,2025-11-28 19:40:01,0.7263713080168777,179.73,4.482032,0.5212990116130861,7661271.0,68717662208.0
WLK,2025-11-28 19:40:01,0.7191983122362868,66.81,3.2292898,0.8382554565975916,1250138.0,8569929216.0
AAUC,2025-11-28 19:51:29,0.9370762711864408,21.11,9.890691,3.321242237442271,350561.0,2617640192.0
AG,2025-11-28 19:51:29,0.8328389830508476,15.23,12.731305,0.9081899150476592,21326546.0,7468122624.0
APLD,2025-11-28 19:51:29,0.7667372881355932,27.1,8.660785,0.6413525435788439,30745538.0,7579487744.0
BE,2025-11-28 19:51:29,0.784322033898305,109.24,8.008699,0.5318741680136172,15079123.0,25836433408.0
BITF,2025-11-28 19:51:29,0.7139830508474576,3.48,12.258068,0.89576845566524,95519193.0,2080773632.0
BKV,2025-11-28 19:51:29,0.7358050847457627,27.61,4.6229677,0.6277247399250316,574642.0,2484086784.0
BLTE,2025-11-28 19:51:29,0.8836864406779662,137.44,6.0330253,0.8415425222565204,89412.0,4795418112.0
BMA,2025-11-28 19:51:29,0.751271186440678,85.78,4.342537,0.5855763416595497,802085.0,6047105536.0
BMNR,2025-11-28 19:51:29,0.7639830508474575,33.12,4.3478236,1.1262595362455936,44877331.0,12720325632.0
BTDR,2025-11-28 19:51:29,0.7279661016949154,13.41,5.840566,0.7953233251010535,8108325.0,3116559616.0
CAAP,2025-11-28 19:51:29,0.8506355932203389,25.35,5.2303867,1.0449089935527125,229709.0,4135035392.0
CDE,2025-11-28 19:51:29,0.798093220338983,17.27,6.6707835,0.970660998559053,17419100.0,11091102720.0
CEPU,2025-11-28 19:51:29,0.8148305084745762,15.9,6.926696,0.7783794654056105,482347.0,2714722816.0
CHA,2025-11-28 19:51:29,0.8328389830508475,14.99,6.0863385,1.1235986235375086,908125.0,2784429824.0
CIFR,2025-11-28 19:51:29,0.7093220338983051,20.35,6.2663226,0.642489805866021,52819347.0,8040123904.0
CLSK,2025-11-28 19:51:29,0.8572033898305084,15.1,12.267663,1.5088512991346923,33744538.0,4036770304.0
CMBT,2025-11-28 19:51:29,0.8358050847457628,10.94,7.9960456,1.5829929704215409,2566868.0,3244055296.0
COHR,2025-11-28 19:51:29,0.9370762711864408,164.26,6.662334,1.1538561968421237,4120744.0,25814052864.0
COIN,2025-11-28 19:51:29,0.7434322033898305,272.82,2.9626017,0.9133707385904342,9680101.0,73564225536.0
CRCL,2025-11-28 19:51:29,0.9302966101694916,79.93,10.035794,1.6413162981939344,13393257.0,20337199104.0
CRDO,2025-11-28 19:51:29,0.9152542372881356,177.6,8.286087,0.8990950673893687,6216485.0,30724020224.0
CVNA,2025-11-28 19:51:29,0.8447033898305083,374.5,4.805086,0.7410794567728782,3043957.0,81192886272.0
ERO,2025-11-28 19:51:29,0.8455508474576271,25.37,4.921425,1.795048879895701,972588.0,2642391296.0
EXK,2025-11-28 19:51:29,0.8254237288135593,9.93,15.197221,0.9335408604784402,14488707.0,2921182720.0
FLUT,2025-11-28 19:51:29,0.7764830508474575,208.81,4.4467783,0.6047073046479976,2630380.0,36533956608.0
FOUR,2025-11-28 19:51:29,0.775,73.78,5.1446495,0.5742392714282492,2171701.0,6538327040.0
GME,2025-11-28 19:51:29,0.7239406779661017,22.53,4.160895,0.9825759004844026,8184928.0,10091383808.0
GPCR,2025-11-28 19:51:29,0.7222457627118644,35.81,4.646406,0.5517934301539881,1162493.0,2172866304.0
IBRX,2025-11-28 19:51:29,0.7438559322033897,2.36,10.798112,2.2024010105570544,9599458.0,2324517632.0
IE,2025-11-28 19:51:29,0.8705508474576271,14.31,10.41667,0.987879094466208,2154707.0,2070868608.0
INTC,2025-11-28 19:51:29,0.8199152542372882,40.56,10.277332,0.8532973712195584,110127379.0,193471201280.0
KSPI,2025-11-28 19:51:29,0.8555084745762711,77.31,4.47297,1.0374190965956118,589592.0,15555332096.0
LITE,2025-11-28 19:51:29,0.7786016949152543,325.16,5.4755435,0.5127232559228139,4251231.0,23057938432.0
MTSI,2025-11-28 19:51:29,0.8201271186440677,174.99,4.123532,0.8908323649929668,1062815.0,13112521728.0
NGD,2025-11-28 19:51:29,0.7298728813559322,8.35,6.505105,0.9345539200028626,20903773.0,6653964288.0
PAAS,2025-11-28 19:51:29,0.8875000000000001,45.67,7.23174,1.0819238689578847,6586249.0,19274885120.0
PRAX,2025-11-28 19:51:29,0.802542372881356,196.46,4.2007074,0.7607575978959673,930784.0,4912909312.0
PSTG,2025-11-28 19:51:29,0.764406779661017,88.96,3.7192519,0.8247842852965149,3084398.0,29235509248.0
RIOT,2025-11-28 19:51:29,0.7347457627118644,16.13,7.82085,0.6712137491696766,31448590.0,5997250048.0
SEZL,2025-11-28 19:51:29,0.7923728813559323,61.75,4.945615,0.6432617420642249,888004.0,2108954112.0
SKE,2025-11-28 19:51:29,0.8114406779661016,20.83,6.4384274,0.740744088923974,785390.0,2522374144.0
SMR,2025-11-28 19:51:29,0.7084745762711865,20.0,5.0420117,0.7560461884353518,22714517.0,5656869888.0
SNDK,2025-11-28 19:51:29,0.8423728813559322,223.28,3.8318477,1.2740488363783022,10438530.0,32722395136.0
STNE,2025-11-28 19:51:29,0.7970338983050846,16.85,5.775267,1.084157269348495,5898314.0,4507786752.0
TEO,2025-11-28 19:51:29,0.7258474576271188,12.62,4.9916754,0.7081993591510283,359211.0,6152887808.0
TMC,2025-11-28 19:51:29,0.8527542372881355,6.96,19.382507,1.8293478721120275,9399414.0,3722453248.0
TSEM,2025-11-28 19:51:29,0.8309322033898305,108.11,4.494492,0.8534247888662166,1397692.0,12121704448.0
UPST,2025-11-28 19:51:29,0.7413135593220338,44.96,6.8949065,0.5041943293312691,7253007.0,4374000128.0
VRT,2025-11-28 19:51:29,0.7266949152542372,179.73,4.482032,0.5212990116130861,7661271.0,68717662208.0
WLK,2025-11-28 19:51:29,0.7180084745762711,66.81,3.2292898,0.8382554565975916,1250138.0,8569929216.0
AAUC,2025-11-28 20:21:20,0.9373417721518988,21.11,9.890691,3.321242237442271,350561.0,2617640192.0
AG,2025-11-28 20:21:20,0.8331223628691983,15.23,12.731305,0.9081899150476592,21326546.0,7468122624.0
APLD,2025-11-28 20:21:20,0.7658227848101267,27.1,8.660785,0.6413525435788439,30745538.0,7579487744.0
BE,2025-11-28 20:21:20,0.7837552742616034,109.24,8.008699,0.5318741680136172,15079123.0,25836433408.0
BITF,2025-11-28 20:21:20,0.7139240506329114,3.48,12.258068,0.89576845566524,95519193.0,2080773632.0
BKV,2025-11-28 20:21:20,0.7354430379746835,27.61,4.6229677,0.6277247399250316,574642.0,2484086784.0
BLTE,2025-11-28 20:21:20,0.8841772151898734,137.44,6.0330253,0.8415425222565204,89412.0,4795418112.0
BMA,2025-11-28 20:21:20,0.7508438818565399,85.78,4.342537,0.5855763416595497,802085.0,6047105536.0
BMNR,2025-11-28 20:21:20,0.7645569620253164,33.12,4.3478236,1.1262595362455936,44877331.0,12720325632.0
BTDR,2025-11-28 20:21:20,0.7286919831223628,13.41,5.840566,0.7953233251010535,8108325.0,3116559616.0
CAAP,2025-11-28 20:21:20,0.8512658227848102,25.35,5.2303867,1.0449089935527125,229709.0,4135035392.0
CDE,2025-11-28 20:21:20,0.7985232067510548,17.27,6.6707835,0.970660998559053,17419100.0,11091102720.0
CEPU,2025-11-28 20:21:20,0.8156118143459915,15.9,6.926696,0.7783794654056105,482347.0,2714722816.0
CHA,2025-11-28 20:21:20,0.8335443037974682,14.99,6.0863385,1.1235986235375086,908125.0,2784429824.0
CIFR,2025-11-28 20:21:20,0.7086497890295359,20.35,6.2663226,0.642489805866021,52819347.0,8040123904.0
CLSK,2025-11-28 20:21:20,0.8573839662447257,15.1,12.267663,1.5088512991346923,33744538.0,4036770304.0
CMBT,2025-11-28 20:21:20,0.8360759493670886,10.94,7.9960456,1.5829929704215409,2566868.0,3244055296.0
COHR,2025-11-28 20:21:20,0.9373417721518988,164.26,6.662334,1.1538561968421237,4120744.0,25814052864.0
COIN,2025-11-28 20:21:20,0.7445147679324895,272.82,2.9626017,0.9133707385904342,9680101.0,73564225536.0
CRCL,2025-11-28 20:21:20,0.930168776371308,79.93,10.035794,1.6413162981939344,13393257.0,20337199104.0
CRDO,2025-11-28 20:21:20,0.9156118143459916,177.6,8.286087,0.8990950673893687,6216485.0,30724020224.0
CVNA,2025-11-28 20:21:20,0.8438818565400842,374.5,4.805086,0.7410794567728782,3043957.0,81192886272.0
ERO,2025-11-28 20:21:20,0.8462025316455696,25.37,4.921425,1.795048879895701,972588.0,2642391296.0
EXK,2025-11-28 20:21:20,0.8257383966244725,9.93,15.197221,0.9335408604784402,14488707.0,2921182720.0
FLUT,2025-11-28 20:21:20,0.7759493670886075,208.81,4.4467783,0.6047073046479976,2630380.0,36533956608.0
FOUR,2025-11-28 20:21:20,0.7744725738396625,73.78,5.1446495,0.5742392714282492,2171701.0,6538327040.0
GME,2025-11-28 20:21:20,0.7246835443037974,22.53,4.160895,0.9825759004844026,8184928.0,10091383808.0
GPCR,2025-11-28 20:21:20,0.7219409282700421,35.81,4.646406,0.5517934301539881,1162493.0,2172866304.0
IBRX,2025-11-28 20:21:20,0.7436708860759493,2.36,10.798112,2.2024010105570544,9599458.0,2324517632.0
IE,2025-11-28 20:21:20,0.8706751054852321,14.31,10.41667,0.987879094466208,2154707.0,2070868608.0
INTC,2025-11-28 20:21:20,0.820253164556962,40.56,10.277332,0.8532973712195584,110127379.0,193471201280.0
KSPI,2025-11-28 20:21:20,0.8561181434599157,77.31,4.47297,1.0374190965956118,589592.0,15555332096.0
LITE,2025-11-28 20:21:20,0.7780590717299578,325.16,5.4755435,0.5127232559228139,4251231.0,23057938432.0
MTSI,2025-11-28 20:21:20,0.8208860759493671,174.99,4.123532,0.8908323649929668,1062815.0,13112521728.0
NGD,2025-11-28 20:21:20,0.729746835443038,8.35,6.505105,0.9345539200028626,20903773.0,6653964288.0
PAAS,2025-11-28 20:21:20,0.8879746835443038,45.67,7.23174,1.0819238689578847,6586249.0,19274885120.0
PRAX,2025-11-28 20:21:20,0.8033755274261603,196.46,4.2007074,0.7607575978959673,930784.0,4912909312.0
PSTG,2025-11-28 20:21:20,0.7654008438818566,88.96,3.7192519,0.8247842852965149,3084398.0,29235509248.0
RIOT,2025-11-28 20:21:20,0.7339662447257385,16.13,7.82085,0.6712137491696766,31448590.0,5997250048.0
SEZL,2025-11-28 20:21:20,0.7917721518987341,61.75,4.945615,0.6432617420642249,888004.0,2108954112.0
SKE,2025-11-28 20:21:20,0.8107594936708861,20.83,6.4384274,0.740744088923974,785390.0,2522374144.0
SMR,2025-11-28 20:21:20,0.7092827004219409,20.0,5.0420117,0.7560461884353518,22714517.0,5656869888.0
SNDK,2025-11-28 20:21:20,0.8430379746835442,223.28,3.8318477,1.2740488363783022,10438530.0,32722395136.0
STNE,2025-11-28 20:21:20,0.7974683544303798,16.85,5.775267,1.084157269348495,5898314.0,4507786752.0
TEO,2025-11-28 20:21:20,0.7246835443037974,12.62,4.9916754,0.7081993591510283,359211.0,6152887808.0
TMC,2025-11-28 20:21:20,0.8529535864978903,6.96,19.382507,1.8293478721120275,9399414.0,3722453248.0
TSEM,2025-11-28 20:21:20,0.8316455696202532,108.11,4.494492,0.8534247888662166,1397692.0,12121704448.0
UPST,2025-11-28 20:21:20,0.7405063291139241,44.96,6.8949065,0.5041943293312691,7253007.0,4374000128.0
VRT,2025-11-28 20:21:20,0.7263713080168777,179.73,4.482032,0.5212990116130861,7661271.0,68717662208.0
WLK,2025-11-28 20:21:20,0.7191983122362868,66.81,3.2292898,0.8382554565975916,1250138.0,8569929216.0
AAUC,2025-11-28 20:21:21,0.9373417721518988,21.11,9.890691,3.321242237442271,350561.0,2617640192.0
AG,2025-11-28 20:21:21,0.8331223628691983,15.23,12.731305,0.9081899150476592,21326546.0,7468122624.0
APLD,2025-11-28 20:21:21,0.7658227848101267,27.1,8.660785,0.6413525435788439,30745538.0,7579487744.0
BE,2025-11-28 20:21:21,0.7837552742616034,109.24,8.008699,0.5318741680136172,15079123.0,25836433408.0
BITF,2025-11-28 20:21:21,0.7139240506329114,3.48,12.258068,0.89576845566524,95519193.0,2080773632.0
BKV,2025-11-28 20:21:21,0.7354430379746835,27.61,4.6229677,0.6277247399250316,574642.0,2484086784.0
BLTE,2025-11-28 20:21:21,0.8841772151898734,137.44,6.0330253,0.8415425222565204,89412.0,4795418112.0
BMA,2025-11-28 20:21:21,0.7508438818565399,85.78,4.342537,0.5855763416595497,802085.0,6047105536.0
BMNR,2025-11-28 20:21:21,0.7645569620253164,33.12,4.3478236,1.1262595362455936,44877331.0,12720325632.0
BTDR,2025-11-28 20:21:21,0.7286919831223628,13.41,5.840566,0.7953233251010535,8108325.0,3116559616.0
CAAP,2025-11-28 20:21:21,0.8512658227848102,25.35,5.2303867,1.0449089935527125,229709.0,4135035392.0
CDE,2025-11-28 20:21:21,0.7985232067510548,17.27,6.6707835,0.970660998559053,17419100.0,11091102720.0
CEPU,2025-11-28 20:21:21,0.8156118143459915,15.9,6.926696,0.7783794654056105,482347.0,2714722816.0
CHA,2025-11-28 20:21:21,0.8335443037974682,14.99,6.0863385,1.1235986235375086,908125.0,2784429824.0
CIFR,2025-11-28 20:21:21,0.7086497890295359,20.35,6.2663226,0.642489805866021,52819347.0,8040123904.0
CLSK,2025-11-28 20:21:21,0.8573839662447257,15.1,12.267663,1.5088512991346923,33744538.0,4036770304.0
CMBT,2025-11-28 20:21:21,0.8360759493670886,10.94,7.9960456,1.5829929704215409,2566868.0,3244055296.0
COHR,2025-11-28 20:21:21,0.9373417721518988,164.26,6.662334,1.1538561968421237,4120744.0,25814052864.0
COIN,2025-11-28 20:21:21,0.7445147679324895,272.82,2.9626017,0.9133707385904342,9680101.0,73564225536.0
CRCL,2025-11-28 20:21:21,0.930168776371308,79.93,10.035794,1.6413162981939344,13393257.0,20337199104.0
CRDO,2025-11-28 20:21:21,0.9156118143459916,177.6,8.286087,0.8990950673893687,6216485.0,30724020224.0
CVNA,2025-11-28 20:21:21,0.8438818565400842,374.5,4.805086,0.7410794567728782,3043957.0,81192886272.0
ERO,2025-11-28 20:21:21,0.8462025316455696,25.37,4.921425,1.795048879895701,972588.0,2642391296.0
EXK,2025-11-28 20:21:21,0.8257383966244725,9.93,15.197221,0.9335408604784402,14488707.0,2921182720.0
FLUT,2025-11-28 20:21:21,0.7759493670886075,208.81,4.4467783,0.6047073046479976,2630380.0,36533956608.0
FOUR,2025-11-28 20:21:21,0.7744725738396625,73.78,5.1446495,0.5742392714282492,2171701.0,6538327040.0
GME,2025-11-28 20:21:21,0.7246835443037974,22.53,4.160895,0.9825759004844026,8184928.0,10091383808.0
GPCR,2025-11-28 20:21:21,0.7219409282700421,35.81,4.646406,0.5517934301539881,1162493.0,2172866304.0
IBRX,2025-11-28 20:21:21,0.7436708860759493,2.36,10.798112,2.2024010105570544,9599458.0,2324517632.0
IE,2025-11-28 20:21:21,0.8706751054852321,14.31,10.41667,0.987879094466208,2154707.0,2070868608.0
INTC,2025-11-28 20:21:21,0.820253164556962,40.56,10.277332,0.8532973712195584,110127379.0,193471201280.0
KSPI,2025-11-28 20:21:21,0.8561181434599157,77.31,4.47297,1.0374190965956118,589592.0,15555332096.0
LITE,2025-11-28 20:21:21,0.7780590717299578,325.16,5.4755435,0.5127232559228139,4251231.0,23057938432.0
MTSI,2025-11-28 20:21:21,0.8208860759493671,174.99,4.123532,0.8908323649929668,1062815.0,13112521728.0
NGD,2025-11-28 20:21:21,0.729746835443038,8.35,6.505105,0.9345539200028626,20903773.0,6653964288.0
PAAS,2025-11-28 20:21:21,0.8879746835443038,45.67,7.23174,1.0819238689578847,6586249.0,19274885120.0
PRAX,2025-11-28 20:21:21,0.8033755274261603,196.46,4.2007074,0.7607575978959673,930784.0,4912909312.0
PSTG,2025-11-28 20:21:21,0.7654008438818566,88.96,3.7192519,0.8247842852965149,3084398.0,29235509248.0
RIOT,2025-11-28 20:21:21,0.7339662447257385,16.13,7.82085,0.6712137491696766,31448590.0,5997250048.0
SEZL,2025-11-28 20:21:21,0.7917721518987341,61.75,4.945615,0.6432617420642249,888004.0,2108954112.0
SKE,2025-11-28 20:21:21,0.8107594936708861,20.83,6.4384274,0.740744088923974,785390.0,2522374144.0
SMR,2025-11-28 20:21:21,0.7092827004219409,20.0,5.0420117,0.7560461884353518,22714517.0,5656869888.0
SNDK,2025-11-28 20:21:21,0.8430379746835442,223.28,3.8318477,1.2740488363783022,10438530.0,32722395136.0
STNE,2025-11-28 20:21:21,0.7974683544303798,16.85,5.775267,1.084157269348495,5898314.0,4507786752.0
TEO,2025-11-28 20:21:21,0.7246835443037974,12.62,4.9916754,0.7081993591510283,359211.0,6152887808.0
TMC,2025-11-28 20:21:21,0.8529535864978903,6.96,19.382507,1.8293478721120275,9399414.0,3722453248.0
TSEM,2025-11-28 20:21:21,0.8316455696202532,108.11,4.494492,0.8534247888662166,1397692.0,12121704448.0
UPST,2025-11-28 20:21:21,0.7405063291139241,44.96,6.8949065,0.5041943293312691,7253007.0,4374000128.0
VRT,2025-11-28 20:21:21,0.7263713080168777,179.73,4.482032,0.5212990116130861,7661271.0,68717662208.0
WLK,2025-11-28 20:21:21,0.7191983122362868,66.81,3.2292898,0.8382554565975916,1250138.0,8569929216.0
AAUC,2025-11-28 20:41:44,0.9370762711864408,21.11,9.890691,3.321242237442271,350561.0,2617640192.0
AG,2025-11-28 20:41:44,0.8328389830508476,15.23,12.731305,0.9081899150476592,21326546.0,7468122624.0
APLD,2025-11-28 20:41:44,0.7667372881355932,27.1,8.660785,0.6413525435788439,30745538.0,7579487744.0
BE,2025-11-28 20:41:44,0.784322033898305,109.24,8.008699,0.5318741680136172,15079123.0,25836433408.0
BITF,2025-11-28 20:41:44,0.7139830508474576,3.48,12.258068,0.89576845566524,95519193.0,2080773632.0
BKV,2025-11-28 20:41:44,0.7358050847457627,27.61,4.6229677,0.6277247399250316,574642.0,2484086784.0
BLTE,2025-11-28 20:41:44,0.8836864406779662,137.44,6.0330253,0.8415425222565204,89412.0,4795418112.0
BMA,2025-11-28 20:41:44,0.751271186440678,85.78,4.342537,0.5855763416595497,802085.0,6047105536.0
BMNR,2025-11-28 20:41:44,0.7639830508474575,33.12,4.3478236,1.1262595362455936,44877331.0,12720325632.0
BTDR,2025-11-28 20:41:44,0.7279661016949154,13.41,5.840566,0.7953233251010535,8108325.0,3116559616.0
CAAP,2025-11-28 20:41:44,0.8506355932203389,25.35,5.2303867,1.0449089935527125,229709.0,4135035392.0
CDE,2025-11-28 20:41:44,0.798093220338983,17.27,6.6707835,0.970660998559053,17419100.0,11091102720.0
CEPU,2025-11-28 20:41:44,0.8148305084745762,15.9,6.926696,0.7783794654056105,482347.0,2714722816.0
CHA,2025-11-28 20:41:44,0.8328389830508475,14.99,6.0863385,1.1235986235375086,908125.0,2784429824.0
CIFR,2025-11-28 20:41:44,0.7093220338983051,20.35,6.2663226,0.642489805866021,52819347.0,8040123904.0
CLSK,2025-11-28 20:41:44,0.8572033898305084,15.1,12.267663,1.5088512991346923,33744538.0,4036770304.0
CMBT,2025-11-28 20:41:44,0.8358050847457628,10.94,7.9960456,1.5829929704215409,2566868.0,3244055296.0
COHR,2025-11-28 20:41:44,0.9370762711864408,164.26,6.662334,1.1538561968421237,4120744.0,25814052864.0
COIN,2025-11-28 20:41:44,0.7434322033898305,272.82,2.9626017,0.9133707385904342,9680101.0,73564225536.0
CRCL,2025-11-28 20:41:44,0.9302966101694916,79.93,10.035794,1.6413162981939344,13393257.0,20337199104.0
CRDO,2025-11-28 20:41:44,0.9152542372881356,177.6,8.286087,0.8990950673893687,6216485.0,30724020224.0
CVNA,2025-11-28 20:41:44,0.8447033898305083,374.5,4.805086,0.7410794567728782,3043957.0,81192886272.0
ERO,2025-11-28 20:41:44,0.8455508474576271,25.37,4.921425,1.795048879895701,972588.0,2642391296.0
EXK,2025-11-28 20:41:44,0.8254237288135593,9.93,15.197221,0.9335408604784402,14488707.0,2921182720.0
FLUT,2025-11-28 20:41:44,0.7764830508474575,208.81,4.4467783,0.6047073046479976,2630380.0,36533956608.0
FOUR,2025-11-28 20:41:44,0.775,73.78,5.1446495,0.5742392714282492,2171701.0,6538327040.0
GME,2025-11-28 20:41:44,0.7239406779661017,22.53,4.160895,0.9825759004844026,8184928.0,10091383808.0
GPCR,2025-11-28 20:41:44,0.7222457627118644,35.81,4.646406,0.5517934301539881,1162493.0,2172866304.0
IBRX,2025-11-28 20:41:44,0.7438559322033897,2.36,10.798112,2.2024010105570544,9599458.0,2324517632.0
IE,2025-11-28 20:41:44,0.8705508474576271,14.31,10.41667,0.987879094466208,2154707.0,2070868608.0
INTC,2025-11-28 20:41:44,0.8199152542372882,40.56,10.277332,0.8532973712195584,110127379.0,193471201280.0
KSPI,2025-11-28 20:41:44,0.8555084745762711,77.31,4.47297,1.0374190965956118,589592.0,15555332096.0
LITE,2025-11-28 20:41:44,0.7786016949152543,325.16,5.4755435,0.5127232559228139,4251231.0,23057938432.0
MTSI,2025-11-28 20:41:44,0.8201271186440677,174.99,4.123532,0.8908323649929668,1062815.0,13112521728.0
NGD,2025-11-28 20:41:44,0.7298728813559322,8.35,6.505105,0.9345539200028626,20903773.0,6653964288.0
PAAS,2025-11-28 20:41:44,0.8875000000000001,45.67,7.23174,1.0819238689578847,6586249.0,19274885120.0
PRAX,2025-11-28 20:41:44,0.802542372881356,196.46,4.2007074,0.7607575978959673,930784.0,4912909312.0
PSTG,2025-11-28 20:41:44,0.764406779661017,88.96,3.7192519,0.8247842852965149,3084398.0,29235509248.0
RIOT,2025-11-28 20:41:44,0.7347457627118644,16.13,7.82085,0.6712137491696766,31448590.0,5997250048.0
SEZL,2025-11-28 20:41:44,0.7923728813559323,61.75,4.945615,0.6432617420642249,888004.0,2108954112.0
SKE,2025-11-28 20:41:44,0.8114406779661016,20.83,6.4384274,0.740744088923974,785390.0,2522374144.0
SMR,2025-11-28 20:41:44,0.7084745762711865,20.0,5.0420117,0.7560461884353518,22714517.0,5656869888.0
SNDK,2025-11-28 20:41:44,0.8423728813559322,223.28,3.8318477,1.2740488363783022,10438530.0,32722395136.0
STNE,2025-11-28 20:41:44,0.7970338983050846,16.85,5.775267,1.084157269348495,5898314.0,4507786752.0
TEO,2025-11-28 20:41:44,0.7258474576271188,12.62,4.9916754,0.7081993591510283,359211.0,6152887808.0
TMC,2025-11-28 20:41:44,0.8527542372881355,6.96,19.382507,1.8293478721120275,9399414.0,3722453248.0
TSEM,2025-11-28 20:41:44,0.8309322033898305,108.11,4.494492,0.8534247888662166,1397692.0,12121704448.0
UPST,2025-11-28 20:41:44,0.7413135593220338,44.96,6.8949065,0.5041943293312691,7253007.0,4374000128.0
VRT,2025-11-28 20:41:44,0.7266949152542372,179.73,4.482032,0.5212990116130861,7661271.0,68717662208.0
WLK,2025-11-28 20:41:44,0.7180084745762711,66.81,3.2292898,0.8382554565975916,1250138.0,8569929216.0
AAUC,2025-11-28 20:51:51,0.9373417721518988,21.11,9.890691,3.321242237442271,350561.0,2617640192.0
AG,2025-11-28 20:51:51,0.8331223628691983,15.23,12.731305,0.9081899150476592,21326546.0,7468122624.0
APLD,2025-11-28 20:51:51,0.7658227848101267,27.1,8.660785,0.6413525435788439,30745538.0,7579487744.0
BE,2025-11-28 20:51:51,0.7837552742616034,109.24,8.008699,0.5318741680136172,15079123.0,25836433408.0
BITF,2025-11-28 20:51:51,0.7139240506329114,3.48,12.258068,0.89576845566524,95519193.0,2080773632.0
BKV,2025-11-28 20:51:51,0.7354430379746835,27.61,4.6229677,0.6277247399250316,574642.0,2484086784.0
BLTE,2025-11-28 20:51:51,0.8841772151898734,137.44,6.0330253,0.8415425222565204,89412.0,4795418112.0
BMA,2025-11-28 20:51:51,0.7508438818565399,85.78,4.342537,0.5855763416595497,802085.0,6047105536.0
BMNR,2025-11-28 20:51:51,0.7645569620253164,33.12,4.3478236,1.1262595362455936,44877331.0,12720325632.0
BTDR,2025-11-28 20:51:51,0.7286919831223628,13.41,5.840566,0.7953233251010535,8108325.0,3116559616.0
CAAP,2025-11-28 20:51:51,0.8512658227848102,25.35,5.2303867,1.0449089935527125,229709.0,4135035392.0
CDE,2025-11-28 20:51:51,0.7985232067510548,17.27,6.6707835,0.970660998559053,17419100.0,11091102720.0
CEPU,2025-11-28 20:51:51,0.8156118143459915,15.9,6.926696,0.7783794654056105,482347.0,2714722816.0
CHA,2025-11-28 20:51:51,0.8335443037974682,14.99,6.0863385,1.1235986235375086,908125.0,2784429824.0
CIFR,2025-11-28 20:51:51,0.7086497890295359,20.35,6.2663226,0.642489805866021,52819347.0,8040123904.0
CLSK,2025-11-28 20:51:51,0.8573839662447257,15.1,12.267663,1.5088512991346923,33744538.0,4036770304.0
CMBT,2025-11-28 20:51:51,0.8360759493670886,10.94,7.9960456,1.5829929704215409,2566868.0,3244055296.0
COHR,2025-11-28 20:51:51,0.9373417721518988,164.26,6.662334,1.1538561968421237,4120744.0,25814052864.0
COIN,2025-11-28 20:51:51,0.7445147679324895,272.82,2.9626017,0.9133707385904342,9680101.0,73564225536.0
CRCL,2025-11-28 20:51:51,0.930168776371308,79.93,10.035794,1.6413162981939344,13393257.0,20337199104.0
CRDO,2025-11-28 20:51:51,0.9156118143459916,177.6,8.286087,0.8990950673893687,6216485.0,30724020224.0
CVNA,2025-11-28 20:51:51,0.8438818565400842,374.5,4.805086,0.7410794567728782,3043957.0,81192886272.0
ERO,2025-11-28 20:51:51,0.8462025316455696,25.37,4.921425,1.795048879895701,972588.0,2642391296.0
EXK,2025-11-28 20:51:51,0.8257383966244725,9.93,15.197221,0.9335408604784402,14488707.0,2921182720.0
FLUT,2025-11-28 20:51:51,0.7759493670886075,208.81,4.4467783,0.6047073046479976,2630380.0,36533956608.0
FOUR,2025-11-28 20:51:51,0.7744725738396625,73.78,5.1446495,0.5742392714282492,2171701.0,6538327040.0
GME,2025-11-28 20:51:51,0.7246835443037974,22.53,4.160895,0.9825759004844026,8184928.0,10091383808.0
GPCR,2025-11-28 20:51:51,0.7219409282700421,35.81,4.646406,0.5517934301539881,1162493.0,2172866304.0
IBRX,2025-11-28 20:51:51,0.7436708860759493,2.36,10.798112,2.2024010105570544,9599458.0,2324517632.0
IE,2025-11-28 20:51:51,0.8706751054852321,14.31,10.41667,0.987879094466208,2154707.0,2070868608.0
INTC,2025-11-28 20:51:51,0.820253164556962,40.56,10.277332,0.8532973712195584,110127379.0,193471201280.0
KSPI,2025-11-28 20:51:51,0.8561181434599157,77.31,4.47297,1.0374190965956118,589592.0,15555332096.0
LITE,2025-11-28 20:51:51,0.7780590717299578,325.16,5.4755435,0.5127232559228139,4251231.0,23057938432.0
MTSI,2025-11-28 20:51:51,0.8208860759493671,174.99,4.123532,0.8908323649929668,1062815.0,13112521728.0
NGD,2025-11-28 20:51:51,0.729746835443038,8.35,6.505105,0.9345539200028626,20903773.0,6653964288.0
PAAS,2025-11-28 20:51:51,0.8879746835443038,45.67,7.23174,1.0819238689578847,6586249.0,19274885120.0
PRAX,2025-11-28 20:51:51,0.8033755274261603,196.46,4.2007074,0.7607575978959673,930784.0,4912909312.0
PSTG,2025-11-28 20:51:51,0.7654008438818566,88.96,3.7192519,0.8247842852965149,3084398.0,29235509248.0
RIOT,2025-11-28 20:51:51,0.7339662447257385,16.13,7.82085,0.6712137491696766,31448590.0,5997250048.0
SEZL,2025-11-28 20:51:51,0.7917721518987341,61.75,4.945615,0.6432617420642249,888004.0,2108954112.0
SKE,2025-11-28 20:51:51,0.8107594936708861,20.83,6.4384274,0.740744088923974,785390.0,2522374144.0
SMR,2025-11-28 20:51:51,0.7092827004219409,20.0,5.0420117,0.7560461884353518,22714517.0,5656869888.0
SNDK,2025-11-28 20:51:51,0.8430379746835442,223.28,3.8318477,1.2740488363783022,10438530.0,32722395136.0
STNE,2025-11-28 20:51:51,0.7974683544303798,16.85,5.775267,1.084157269348495,5898314.0,4507786752.0
TEO,2025-11-28 20:51:51,0.7246835443037974,12.62,4.9916754,0.7081993591510283,359211.0,6152887808.0
TMC,2025-11-28 20:51:51,0.8529535864978903,6.96,19.382507,1.8293478721120275,9399414.0,3722453248.0
TSEM,2025-11-28 20:51:51,0.8316455696202532,108.11,4.494492,0.8534247888662166,1397692.0,12121704448.0
UPST,2025-11-28 20:51:51,0.7405063291139241,44.96,6.8949065,0.5041943293312691,7253007.0,4374000128.0
VRT,2025-11-28 20:51:51,0.7263713080168777,179.73,4.482032,0.5212990116130861,7661271.0,68717662208.0
WLK,2025-11-28 20:51:51,0.7191983122362868,66.81,3.2292898,0.8382554565975916,1250138.0,8569929216.0
AAUC,2025-11-28 21:17:01,0.9373417721518988,21.11,9.89069,3.323358844823012,350561.0,2617640192.0
AG,2025-11-28 21:17:01,0.8345991561181434,15.23,12.7313,0.9106820673164796,21326546.0,7468122624.0
AMKR,2025-11-28 21:17:01,0.709493670886076,36.39,4.2096257,0.6266396743926904,3011726.0,8995368960.0
APLD,2025-11-28 21:17:01,0.7658227848101267,27.1,8.660785,0.6413525435788439,30745538.0,7579487744.0
BE,2025-11-28 21:17:01,0.7867088607594936,109.24,8.0087,0.5290474121074548,15079123.0,25836433408.0
BITF,2025-11-28 21:17:01,0.7154008438818565,3.48,12.258068,0.89576845566524,95519193.0,2080773632.0
BKV,2025-11-28 21:17:01,0.7118143459915611,27.61,4.62297,0.5629504978751988,574642.0,2484086784.0
BLTE,2025-11-28 21:17:01,0.8856540084388186,137.44,6.0330253,0.8415425222565204,89412.0,4795418112.0
BMA,2025-11-28 21:17:01,0.7523206751054852,85.78,4.34254,0.5873878703628668,802085.0,6047105536.0
BMNR,2025-11-28 21:17:01,0.7645569620253164,33.12,4.34782,1.1262595362455936,44877331.0,12720325632.0
BTDR,2025-11-28 21:17:01,0.7286919831223628,13.41,5.840566,0.7953233251010535,8108325.0,3116559616.0
CAAP,2025-11-28 21:17:01,0.8512658227848102,25.35,5.23039,1.0478213739992774,229709.0,4135035392.0
CDE,2025-11-28 21:17:01,0.8,17.27,6.67078,0.977314786642249,17419100.0,11091102720.0
CEPU,2025-11-28 21:17:01,0.8156118143459915,15.9,6.9267,0.7785847118360848,482347.0,2714722816.0
CHA,2025-11-28 21:17:01,0.8335443037974682,14.99,6.0863385,1.1235986235375086,908125.0,2784429824.0
CIFR,2025-11-28 21:17:01,0.7071729957805907,20.35,6.2663226,0.642489805866021,52819347.0,8040123904.0
CLSK,2025-11-28 21:17:01,0.8573839662447257,15.1,12.267663,1.5088512991346923,33744538.0,4036770304.0
CMBT,2025-11-28 21:17:01,0.8360759493670886,10.94,7.99605,1.583129712941998,2566868.0,3244055296.0
COHR,2025-11-28 21:17:01,0.9373417721518988,164.26,6.66233,1.1598645778529315,4120744.0,25814052864.0
COIN,2025-11-28 21:17:01,0.7459915611814345,272.82,2.9626017,0.9133707385904342,9680101.0,73564225536.0
CRCL,2025-11-28 21:17:01,0.930168776371308,79.93,10.0358,1.6500185130472744,13393257.0,20337199104.0
CRDO,2025-11-28 21:17:01,0.9170886075949366,177.6,8.286087,0.8990950673893687,6216485.0,30724020224.0
CVNA,2025-11-28 21:17:01,0.840928270042194,374.5,4.80509,0.7417282832838966,3043957.0,81192886272.0
ERO,2025-11-28 21:17:01,0.8462025316455696,25.37,4.92142,1.7951239373712198,972588.0,2642391296.0
EXK,2025-11-28 21:17:01,0.8320675105485232,9.93,15.1972,0.9371089497496222,14488707.0,2921182720.0
FLUT,2025-11-28 21:17:01,0.7774261603375527,208.81,4.44678,0.6057801534379063,2630380.0,36533956608.0
FOUR,2025-11-28 21:17:01,0.7759493670886075,73.78,5.14465,0.5746090276700153,2171701.0,6538327040.0
GME,2025-11-28 21:17:01,0.7261603375527427,22.53,4.16089,0.9875375812713318,8184928.0,10091383808.0
IBRX,2025-11-28 21:17:01,0.7419831223628692,2.36,10.798112,2.211217029128103,9599458.0,2324517632.0
IE,2025-11-28 21:17:01,0.8721518987341772,14.31,10.4167,0.9901731418703332,2154707.0,2070868608.0
INTC,2025-11-28 21:17:01,0.8261603375527427,40.56,10.277332,0.8613500008930568,110127379.0,193471201280.0
KSPI,2025-11-28 21:17:01,0.8073839662447257,77.31,4.47297,0.7555852182526221,589592.0,15555332096.0
LITE,2025-11-28 21:17:01,0.7071729957805907,325.16,5.4755435,0.3897438177318522,4251231.0,23057938432.0
MTSI,2025-11-28 21:17:01,0.7913502109704642,174.99,4.123532,0.7431791986375804,1062815.0,13112521728.0
NGD,2025-11-28 21:17:01,0.729746835443038,8.35,6.50511,0.9346121869960988,20903773.0,6653964288.0
PAAS,2025-11-28 21:17:01,0.8894514767932489,45.67,7.23174,1.088452623033232,6586249.0,19274885120.0
PRAX,2025-11-28 21:17:01,0.8033755274261603,196.46,4.2007074,0.7607575978959673,930784.0,4912909312.0
PSTG,2025-11-28 21:17:01,0.7654008438818566,88.96,3.71925,0.8261171223687734,3084398.0,29235509248.0
RIOT,2025-11-28 21:17:01,0.7324894514767932,16.13,7.82085,0.6712137491696766,31448590.0,5997250048.0
SEZL,2025-11-28 21:17:01,0.790295358649789,61.75,4.945615,0.6432617420642249,888004.0,2108954112.0
SKE,2025-11-28 21:17:01,0.8078059071729958,20.83,6.43843,0.7416391856275226,785390.0,2522374144.0
SMR,2025-11-28 21:17:01,0.7143459915611814,20.0,5.04201,0.7826123707583128,22714517.0,5656869888.0
SNDK,2025-11-28 21:17:01,0.8430379746835442,223.28,3.8318477,1.2740488363783022,10438530.0,32722395136.0
STNE,2025-11-28 21:17:01,0.7964135021097046,16.85,5.775267,1.084157269348495,5898314.0,4507786752.0
TEO,2025-11-28 21:17:01,0.7187763713080167,12.62,4.99168,0.6826878909610229,359211.0,6152887808.0
TMC,2025-11-28 21:17:01,0.8529535864978903,6.96,19.382507,1.8293478721120275,9399414.0,3722453248.0
TSEM,2025-11-28 21:17:01,0.8316455696202532,108.11,4.494492,0.8534247888662166,1397692.0,12121704448.0
UPST,2025-11-28 21:17:01,0.7449367088607595,44.96,6.8949065,0.5041943293312691,7253007.0,4374000128.0
VRT,2025-11-28 21:17:01,0.7278481012658227,179.73,4.48203,0.5245713146030209,7661271.0,68717662208.0
WLK,2025-11-28 21:17:01,0.7206751054852321,66.81,3.22929,0.8403376267260094,1250138.0,8569929216.0
AAUC,2025-11-28 21:17:02,0.9373417721518988,21.11,9.89069,3.323358844823012,350561.0,2617640192.0
AG,2025-11-28 21:17:02,0.8345991561181434,15.23,12.7313,0.9106820673164796,21326546.0,7468122624.0
AMKR,2025-11-28 21:17:02,0.709493670886076,36.39,4.2096257,0.6266396743926904,3011726.0,8995368960.0
APLD,2025-11-28 21:17:02,0.7658227848101267,27.1,8.660785,0.6413525435788439,30745538.0,7579487744.0
BE,2025-11-28 21:17:02,0.7867088607594936,109.24,8.0087,0.5290474121074548,15079123.0,25836433408.0
BITF,2025-11-28 21:17:02,0.7154008438818565,3.48,12.258068,0.89576845566524,95519193.0,2080773632.0
BKV,2025-11-28 21:17:02,0.7118143459915611,27.61,4.62297,0.5629504978751988,574642.0,2484086784.0
BLTE,2025-11-28 21:17:02,0.8856540084388186,137.44,6.0330253,0.8415425222565204,89412.0,4795418112.0
BMA,2025-11-28 21:17:02,0.7523206751054852,85.78,4.34254,0.5873878703628668,802085.0,6047105536.0
BMNR,2025-11-28 21:17:02,0.7645569620253164,33.12,4.34782,1.1262595362455936,44877331.0,12720325632.0
BTDR,2025-11-28 21:17:02,0.7286919831223628,13.41,5.840566,0.7953233251010535,8108325.0,3116559616.0
CAAP,2025-11-28 21:17:02,0.8512658227848102,25.35,5.23039,1.0478213739992774,229709.0,4135035392.0
CDE,2025-11-28 21:17:02,0.8,17.27,6.67078,0.977314786642249,17419100.0,11091102720.0
CEPU,2025-11-28 21:17:02,0.8156118143459915,15.9,6.9267,0.7785847118360848,482347.0,2714722816.0
CHA,2025-11-28 21:17:02,0.8335443037974682,14.99,6.0863385,1.1235986235375086,908125.0,2784429824.0
CIFR,2025-11-28 21:17:02,0.7071729957805907,20.35,6.2663226,0.642489805866021,52819347.0,8040123904.0
CLSK,2025-11-28 21:17:02,0.8573839662447257,15.1,12.267663,1.5088512991346923,33744538.0,4036770304.0
CMBT,2025-11-28 21:17:02,0.8360759493670886,10.94,7.99605,1.583129712941998,2566868.0,3244055296.0
COHR,2025-11-28 21:17:02,0.9373417721518988,164.26,6.66233,1.1598645778529315,4120744.0,25814052864.0
COIN,2025-11-28 21:17:02,0.7459915611814345,272.82,2.9626017,0.9133707385904342,9680101.0,73564225536.0
CRCL,2025-11-28 21:17:02,0.930168776371308,79.93,10.0358,1.6500185130472744,13393257.0,20337199104.0
CRDO,2025-11-28 21:17:02,0.9170886075949366,177.6,8.286087,0.8990950673893687,6216485.0,30724020224.0
CVNA,2025-11-28 21:17:02,0.840928270042194,374.5,4.80509,0.7417282832838966,3043957.0,81192886272.0
ERO,2025-11-28 21:17:02,0.8462025316455696,25.37,4.92142,1.7951239373712198,972588.0,2642391296.0
EXK,2025-11-28 21:17:02,0.8320675105485232,9.93,15.1972,0.9371089497496222,14488707.0,2921182720.0
FLUT,2025-11-28 21:17:02,0.7774261603375527,208.81,4.44678,0.6057801534379063,2630380.0,36533956608.0
FOUR,2025-11-28 21:17:02,0.7759493670886075,73.78,5.14465,0.5746090276700153,2171701.0,6538327040.0
GME,2025-11-28 21:17:02,0.7261603375527427,22.53,4.16089,0.9875375812713318,8184928.0,10091383808.0
IBRX,2025-11-28 21:17:02,0.7419831223628692,2.36,10.798112,2.211217029128103,9599458.0,2324517632.0
IE,2025-11-28 21:17:02,0.8721518987341772,14.31,10.4167,0.9901731418703332,2154707.0,2070868608.0
INTC,2025-11-28 21:17:02,0.8261603375527427,40.56,10.277332,0.8613500008930568,110127379.0,193471201280.0
KSPI,2025-11-28 21:17:02,0.8073839662447257,77.31,4.47297,0.7555852182526221,589592.0,15555332096.0
LITE,2025-11-28 21:17:02,0.7071729957805907,325.16,5.4755435,0.3897438177318522,4251231.0,23057938432.0
MTSI,2025-11-28 21:17:02,0.7913502109704642,174.99,4.123532,0.7431791986375804,1062815.0,13112521728.0
NGD,2025-11-28 21:17:02,0.729746835443038,8.35,6.50511,0.9346121869960988,20903773.0,6653964288.0
PAAS,2025-11-28 21:17:02,0.8894514767932489,45.67,7.23174,1.088452623033232,6586249.0,19274885120.0
PRAX,2025-11-28 21:17:02,0.8033755274261603,196.46,4.2007074,0.7607575978959673,930784.0,4912909312.0
PSTG,2025-11-28 21:17:02,0.7654008438818566,88.96,3.71925,0.8261171223687734,3084398.0,29235509248.0
RIOT,2025-11-28 21:17:02,0.7324894514767932,16.13,7.82085,0.6712137491696766,31448590.0,5997250048.0
SEZL,2025-11-28 21:17:02,0.790295358649789,61.75,4.945615,0.6432617420642249,888004.0,2108954112.0
SKE,2025-11-28 21:17:02,0.8078059071729958,20.83,6.43843,0.7416391856275226,785390.0,2522374144.0
SMR,2025-11-28 21:17:02,0.7143459915611814,20.0,5.04201,0.7826123707583128,22714517.0,5656869888.0
SNDK,2025-11-28 21:17:02,0.8430379746835442,223.28,3.8318477,1.2740488363783022,10438530.0,32722395136.0
STNE,2025-11-28 21:17:02,0.7964135021097046,16.85,5.775267,1.084157269348495,5898314.0,4507786752.0
TEO,2025-11-28 21:17:02,0.7187763713080167,12.62,4.99168,0.6826878909610229,359211.0,6152887808.0
TMC,2025-11-28 21:17:02,0.8529535864978903,6.96,19.382507,1.8293478721120275,9399414.0,3722453248.0
TSEM,2025-11-28 21:17:02,0.8316455696202532,108.11,4.494492,0.8534247888662166,1397692.0,12121704448.0
UPST,2025-11-28 21:17:02,0.7449367088607595,44.96,6.8949065,0.5041943293312691,7253007.0,4374000128.0
VRT,2025-11-28 21:17:02,0.7278481012658227,179.73,4.48203,0.5245713146030209,7661271.0,68717662208.0
WLK,2025-11-28 21:17:02,0.7206751054852321,66.81,3.22929,0.8403376267260094,1250138.0,8569929216.0
AAUC,2025-11-28 21:38:11,0.9373417721518988,21.11,9.89069,3.323358844823012,350561.0,2617640192.0
AG,2025-11-28 21:38:11,0.8345991561181434,15.23,12.7313,0.9106820673164796,21326546.0,7468122624.0
AMKR,2025-11-28 21:38:11,0.709493670886076,36.39,4.2096257,0.6266396743926904,3011726.0,8995368960.0
APLD,2025-11-28 21:38:11,0.7658227848101267,27.1,8.660785,0.6413525435788439,30745538.0,7579487744.0
BE,2025-11-28 21:38:11,0.7867088607594936,109.24,8.0087,0.5290474121074548,15079123.0,25836433408.0
BITF,2025-11-28 21:38:11,0.7154008438818565,3.48,12.258068,0.89576845566524,95519193.0,2080773632.0
BKV,2025-11-28 21:38:11,0.7118143459915611,27.61,4.62297,0.5629504978751988,574642.0,2484086784.0
BLTE,2025-11-28 21:38:11,0.8856540084388186,137.44,6.0330253,0.8415425222565204,89412.0,4795418112.0
BMA,2025-11-28 21:38:11,0.7523206751054852,85.78,4.34254,0.5873878703628668,802085.0,6047105536.0
BMNR,2025-11-28 21:38:11,0.7645569620253164,33.12,4.34782,1.1262595362455936,44877331.0,12720325632.0
BTDR,2025-11-28 21:38:11,0.7286919831223628,13.41,5.840566,0.7953233251010535,8108325.0,3116559616.0
CAAP,2025-11-28 21:38:11,0.8512658227848102,25.35,5.23039,1.0478213739992774,229709.0,4135035392.0
CDE,2025-11-28 21:38:11,0.8,17.27,6.67078,0.977314786642249,17419100.0,11091102720.0
CEPU,2025-11-28 21:38:11,0.8156118143459915,15.9,6.9267,0.7785847118360848,482347.0,2714722816.0
CHA,2025-11-28 21:38:11,0.8335443037974682,14.99,6.0863385,1.1235986235375086,908125.0,2784429824.0
CIFR,2025-11-28 21:38:11,0.7071729957805907,20.35,6.2663226,0.642489805866021,52819347.0,8040123904.0
CLSK,2025-11-28 21:38:11,0.8573839662447257,15.1,12.267663,1.5088512991346923,33744538.0,4036770304.0
CMBT,2025-11-28 21:38:11,0.8360759493670886,10.94,7.99605,1.583129712941998,2566868.0,3244055296.0
COHR,2025-11-28 21:38:11,0.9373417721518988,164.26,6.66233,1.1598645778529315,4120744.0,25814052864.0
COIN,2025-11-28 21:38:11,0.7459915611814345,272.82,2.9626017,0.9133707385904342,9680101.0,73564225536.0
CRCL,2025-11-28 21:38:11,0.930168776371308,79.93,10.0358,1.6500185130472744,13393257.0,20337199104.0
CRDO,2025-11-28 21:38:11,0.9170886075949366,177.6,8.286087,0.8990950673893687,6216485.0,30724020224.0
CVNA,2025-11-28 21:38:11,0.840928270042194,374.5,4.80509,0.7417282832838966,3043957.0,81192886272.0
ERO,2025-11-28 21:38:11,0.8462025316455696,25.37,4.92142,1.7951239373712198,972588.0,2642391296.0
EXK,2025-11-28 21:38:11,0.8320675105485232,9.93,15.1972,0.9371089497496222,14488707.0,2921182720.0
FLUT,2025-11-28 21:38:11,0.7774261603375527,208.81,4.44678,0.6057801534379063,2630380.0,36533956608.0
FOUR,2025-11-28 21:38:11,0.7759493670886075,73.78,5.14465,0.5746090276700153,2171701.0,6538327040.0
GME,2025-11-28 21:38:11,0.7261603375527427,22.53,4.16089,0.9875375812713318,8184928.0,10091383808.0
IBRX,2025-11-28 21:38:11,0.7419831223628692,2.36,10.798112,2.211217029128103,9599458.0,2324517632.0
IE,2025-11-28 21:38:11,0.8721518987341772,14.31,10.4167,0.9901731418703332,2154707.0,2070868608.0
INTC,2025-11-28 21:38:11,0.8261603375527427,40.56,10.277332,0.8613500008930568,110127379.0,193471201280.0
KSPI,2025-11-28 21:38:11,0.8073839662447257,77.31,4.47297,0.7555852182526221,589592.0,15555332096.0
LITE,2025-11-28 21:38:11,0.7071729957805907,325.16,5.4755435,0.3897438177318522,4251231.0,23057938432.0
MTSI,2025-11-28 21:38:11,0.7913502109704642,174.99,4.123532,0.7431791986375804,1062815.0,13112521728.0
NGD,2025-11-28 21:38:11,0.729746835443038,8.35,6.50511,0.9346121869960988,20903773.0,6653964288.0
PAAS,2025-11-28 21:38:11,0.8894514767932489,45.67,7.23174,1.088452623033232,6586249.0,19274885120.0
PRAX,2025-11-28 21:38:11,0.8033755274261603,196.46,4.2007074,0.7607575978959673,930784.0,4912909312.0
PSTG,2025-11-28 21:38:11,0.7654008438818566,88.96,3.71925,0.8261171223687734,3084398.0,29235509248.0
RIOT,2025-11-28 21:38:11,0.7324894514767932,16.13,7.82085,0.6712137491696766,31448590.0,5997250048.0
SEZL,2025-11-28 21:38:11,0.790295358649789,61.75,4.945615,0.6432617420642249,888004.0,2108954112.0
SKE,2025-11-28 21:38:11,0.8078059071729958,20.83,6.43843,0.7416391856275226,785390.0,2522374144.0
SMR,2025-11-28 21:38:11,0.7143459915611814,20.0,5.04201,0.7826123707583128,22714517.0,5656869888.0
SNDK,2025-11-28 21:38:11,0.8430379746835442,223.28,3.8318477,1.2740488363783022,10438530.0,32722395136.0
STNE,2025-11-28 21:38:11,0.7964135021097046,16.85,5.775267,1.084157269348495,5898314.0,4507786752.0
TEO,2025-11-28 21:38:11,0.7187763713080167,12.62,4.99168,0.6826878909610229,359211.0,6152887808.0
TMC,2025-11-28 21:38:11,0.8529535864978903,6.96,19.382507,1.8293478721120275,9399414.0,3722453248.0
TSEM,2025-11-28 21:38:11,0.8316455696202532,108.11,4.494492,0.8534247888662166,1397692.0,12121704448.0
UPST,2025-11-28 21:38:11,0.7449367088607595,44.96,6.8949065,0.5041943293312691,7253007.0,4374000128.0
VRT,2025-11-28 21:38:11,0.7278481012658227,179.73,4.48203,0.5245713146030209,7661271.0,68717662208.0
WLK,2025-11-28 21:38:11,0.7206751054852321,66.81,3.22929,0.8403376267260094,1250138.0,8569929216.0
AAUC,2025-11-28 21:38:12,0.9373417721518988,21.11,9.89069,3.323358844823012,350561.0,2617640192.0
AG,2025-11-28 21:38:12,0.8345991561181434,15.23,12.7313,0.9106820673164796,21326546.0,7468122624.0
AMKR,2025-11-28 21:38:12,0.709493670886076,36.39,4.2096257,0.6266396743926904,3011726.0,8995368960.0
APLD,2025-11-28 21:38:12,0.7658227848101267,27.1,8.660785,0.6413525435788439,30745538.0,7579487744.0
BE,2025-11-28 21:38:12,0.7867088607594936,109.24,8.0087,0.5290474121074548,15079123.0,25836433408.0
BITF,2025-11-28 21:38:12,0.7154008438818565,3.48,12.258068,0.89576845566524,95519193.0,2080773632.0
BKV,2025-11-28 21:38:12,0.7118143459915611,27.61,4.62297,0.5629504978751988,574642.0,2484086784.0
BLTE,2025-11-28 21:38:12,0.8856540084388186,137.44,6.0330253,0.8415425222565204,89412.0,4795418112.0
BMA,2025-11-28 21:38:12,0.7523206751054852,85.78,4.34254,0.5873878703628668,802085.0,6047105536.0
BMNR,2025-11-28 21:38:12,0.7645569620253164,33.12,4.34782,1.1262595362455936,44877331.0,12720325632.0
BTDR,2025-11-28 21:38:12,0.7286919831223628,13.41,5.840566,0.7953233251010535,8108325.0,3116559616.0
CAAP,2025-11-28 21:38:12,0.8512658227848102,25.35,5.23039,1.0478213739992774,229709.0,4135035392.0
CDE,2025-11-28 21:38:12,0.8,17.27,6.67078,0.977314786642249,17419100.0,11091102720.0
CEPU,2025-11-28 21:38:12,0.8156118143459915,15.9,6.9267,0.7785847118360848,482347.0,2714722816.0
CHA,2025-11-28 21:38:12,0.8335443037974682,14.99,6.0863385,1.1235986235375086,908125.0,2784429824.0
CIFR,2025-11-28 21:38:12,0.7071729957805907,20.35,6.2663226,0.642489805866021,52819347.0,8040123904.0
CLSK,2025-11-28 21:38:12,0.8573839662447257,15.1,12.267663,1.5088512991346923,33744538.0,4036770304.0
CMBT,2025-11-28 21:38:12,0.8360759493670886,10.94,7.99605,1.583129712941998,2566868.0,3244055296.0
COHR,2025-11-28 21:38:12,0.9373417721518988,164.26,6.66233,1.1598645778529315,4120744.0,25814052864.0
COIN,2025-11-28 21:38:12,0.7459915611814345,272.82,2.9626017,0.9133707385904342,9680101.0,73564225536.0
CRCL,2025-11-28 21:38:12,0.930168776371308,79.93,10.0358,1.6500185130472744,13393257.0,20337199104.0
CRDO,2025-11-28 21:38:12,0.9170886075949366,177.6,8.286087,0.8990950673893687,6216485.0,30724020224.0
CVNA,2025-11-28 21:38:12,0.840928270042194,374.5,4.80509,0.7417282832838966,3043957.0,81192886272.0
ERO,2025-11-28 21:38:12,0.8462025316455696,25.37,4.92142,1.7951239373712198,972588.0,2642391296.0
EXK,2025-11-28 21:38:12,0.8320675105485232,9.93,15.1972,0.9371089497496222,14488707.0,2921182720.0
FLUT,2025-11-28 21:38:12,0.7774261603375527,208.81,4.44678,0.6057801534379063,2630380.0,36533956608.0
FOUR,2025-11-28 21:38:12,0.7759493670886075,73.78,5.14465,0.5746090276700153,2171701.0,6538327040.0
GME,2025-11-28 21:38:12,0.7261603375527427,22.53,4.16089,0.9875375812713318,8184928.0,10091383808.0
IBRX,2025-11-28 21:38:12,0.7419831223628692,2.36,10.798112,2.211217029128103,9599458.0,2324517632.0
IE,2025-11-28 21:38:12,0.8721518987341772,14.31,10.4167,0.9901731418703332,2154707.0,2070868608.0
INTC,2025-11-28 21:38:12,0.8261603375527427,40.56,10.277332,0.8613500008930568,110127379.0,193471201280.0
KSPI,2025-11-28 21:38:12,0.8073839662447257,77.31,4.47297,0.7555852182526221,589592.0,15555332096.0
LITE,2025-11-28 21:38:12,0.7071729957805907,325.16,5.4755435,0.3897438177318522,4251231.0,23057938432.0
MTSI,2025-11-28 21:38:12,0.7913502109704642,174.99,4.123532,0.7431791986375804,1062815.0,13112521728.0
NGD,2025-11-28 21:38:12,0.729746835443038,8.35,6.50511,0.9346121869960988,20903773.0,6653964288.0
PAAS,2025-11-28 21:38:12,0.8894514767932489,45.67,7.23174,1.088452623033232,6586249.0,19274885120.0
PRAX,2025-11-28 21:38:12,0.8033755274261603,196.46,4.2007074,0.7607575978959673,930784.0,4912909312.0
PSTG,2025-11-28 21:38:12,0.7654008438818566,88.96,3.71925,0.8261171223687734,3084398.0,29235509248.0
RIOT,2025-11-28 21:38:12,0.7324894514767932,16.13,7.82085,0.6712137491696766,31448590.0,5997250048.0
SEZL,2025-11-28 21:38:12,0.790295358649789,61.75,4.945615,0.6432617420642249,888004.0,2108954112.0
SKE,2025-11-28 21:38:12,0.8078059071729958,20.83,6.43843,0.7416391856275226,785390.0,2522374144.0
SMR,2025-11-28 21:38:12,0.7143459915611814,20.0,5.04201,0.7826123707583128,22714517.0,5656869888.0
SNDK,2025-11-28 21:38:12,0.8430379746835442,223.28,3.8318477,1.2740488363783022,10438530.0,32722395136.0
STNE,2025-11-28 21:38:12,0.7964135021097046,16.85,5.775267,1.084157269348495,5898314.0,4507786752.0
TEO,2025-11-28 21:38:12,0.7187763713080167,12.62,4.99168,0.6826878909610229,359211.0,6152887808.0
TMC,2025-11-28 21:38:12,0.8529535864978903,6.96,19.382507,1.8293478721120275,9399414.0,3722453248.0
TSEM,2025-11-28 21:38:12,0.8316455696202532,108.11,4.494492,0.8534247888662166,1397692.0,12121704448.0
UPST,2025-11-28 21:38:12,0.7449367088607595,44.96,6.8949065,0.5041943293312691,7253007.0,4374000128.0
VRT,2025-11-28 21:38:12,0.7278481012658227,179.73,4.48203,0.5245713146030209,7661271.0,68717662208.0
WLK,2025-11-28 21:38:12,0.7206751054852321,66.81,3.22929,0.8403376267260094,1250138.0,8569929216.0
AAUC,2025-11-28 21:51:20,0.9373417721518988,21.11,9.89069,3.323358844823012,350561.0,2617640192.0
AG,2025-11-28 21:51:20,0.8345991561181434,15.23,12.7313,0.9106820673164796,21326546.0,7468122624.0
AMKR,2025-11-28 21:51:20,0.709493670886076,36.39,4.2096257,0.6266396743926904,3011726.0,8995368960.0
APLD,2025-11-28 21:51:20,0.7658227848101267,27.1,8.660785,0.6413525435788439,30745538.0,7579487744.0
BE,2025-11-28 21:51:20,0.7867088607594936,109.24,8.0087,0.5290474121074548,15079123.0,25836433408.0
BITF,2025-11-28 21:51:20,0.7154008438818565,3.48,12.258068,0.89576845566524,95519193.0,2080773632.0
BKV,2025-11-28 21:51:20,0.7118143459915611,27.61,4.62297,0.5629504978751988,574642.0,2484086784.0
BLTE,2025-11-28 21:51:20,0.8856540084388186,137.44,6.0330253,0.8415425222565204,89412.0,4795418112.0
BMA,2025-11-28 21:51:20,0.7523206751054852,85.78,4.34254,0.5873878703628668,802085.0,6047105536.0
BMNR,2025-11-28 21:51:20,0.7645569620253164,33.12,4.34782,1.1262595362455936,44877331.0,12720325632.0
BTDR,2025-11-28 21:51:20,0.7286919831223628,13.41,5.840566,0.7953233251010535,8108325.0,3116559616.0
CAAP,2025-11-28 21:51:20,0.8512658227848102,25.35,5.23039,1.0478213739992774,229709.0,4135035392.0
CDE,2025-11-28 21:51:20,0.8,17.27,6.67078,0.977314786642249,17419100.0,11091102720.0
CEPU,2025-11-28 21:51:20,0.8156118143459915,15.9,6.9267,0.7785847118360848,482347.0,2714722816.0
CHA,2025-11-28 21:51:20,0.8335443037974682,14.99,6.0863385,1.1235986235375086,908125.0,2784429824.0
CIFR,2025-11-28 21:51:20,0.7071729957805907,20.35,6.2663226,0.642489805866021,52819347.0,8040123904.0
CLSK,2025-11-28 21:51:20,0.8573839662447257,15.1,12.267663,1.5088512991346923,33744538.0,4036770304.0
CMBT,2025-11-28 21:51:20,0.8360759493670886,10.94,7.99605,1.583129712941998,2566868.0,3244055296.0
COHR,2025-11-28 21:51:20,0.9373417721518988,164.26,6.66233,1.1598645778529315,4120744.0,25814052864.0
COIN,2025-11-28 21:51:20,0.7459915611814345,272.82,2.9626017,0.9133707385904342,9680101.0,73564225536.0
CRCL,2025-11-28 21:51:20,0.930168776371308,79.93,10.0358,1.6500185130472744,13393257.0,20337199104.0
CRDO,2025-11-28 21:51:20,0.9170886075949366,177.6,8.286087,0.8990950673893687,6216485.0,30724020224.0
CVNA,2025-11-28 21:51:20,0.840928270042194,374.5,4.80509,0.7417282832838966,3043957.0,81192886272.0
ERO,2025-11-28 21:51:20,0.8462025316455696,25.37,4.92142,1.7951239373712198,972588.0,2642391296.0
EXK,2025-11-28 21:51:20,0.8320675105485232,9.93,15.1972,0.9371089497496222,14488707.0,2921182720.0
FLUT,2025-11-28 21:51:20,0.7774261603375527,208.81,4.44678,0.6057801534379063,2630380.0,36533956608.0
FOUR,2025-11-28 21:51:20,0.7759493670886075,73.78,5.14465,0.5746090276700153,2171701.0,6538327040.0
GME,2025-11-28 21:51:20,0.7261603375527427,22.53,4.16089,0.9875375812713318,8184928.0,10091383808.0
IBRX,2025-11-28 21:51:20,0.7419831223628692,2.36,10.798112,2.211217029128103,9599458.0,2324517632.0
IE,2025-11-28 21:51:20,0.8721518987341772,14.31,10.4167,0.9901731418703332,2154707.0,2070868608.0
INTC,2025-11-28 21:51:20,0.8261603375527427,40.56,10.277332,0.8613500008930568,110127379.0,193471201280.0
KSPI,2025-11-28 21:51:20,0.8073839662447257,77.31,4.47297,0.7555852182526221,589592.0,15555332096.0
LITE,2025-11-28 21:51:20,0.7071729957805907,325.16,5.4755435,0.3897438177318522,4251231.0,23057938432.0
MTSI,2025-11-28 21:51:20,0.7913502109704642,174.99,4.123532,0.7431791986375804,1062815.0,13112521728.0
NGD,2025-11-28 21:51:20,0.729746835443038,8.35,6.50511,0.9346121869960988,20903773.0,6653964288.0
PAAS,2025-11-28 21:51:20,0.8894514767932489,45.67,7.23174,1.088452623033232,6586249.0,19274885120.0
PRAX,2025-11-28 21:51:20,0.8033755274261603,196.46,4.2007074,0.7607575978959673,930784.0,4912909312.0
PSTG,2025-11-28 21:51:20,0.7654008438818566,88.96,3.71925,0.8261171223687734,3084398.0,29235509248.0
RIOT,2025-11-28 21:51:20,0.7324894514767932,16.13,7.82085,0.6712137491696766,31448590.0,5997250048.0
SEZL,2025-11-28 21:51:20,0.790295358649789,61.75,4.945615,0.6432617420642249,888004.0,2108954112.0
SKE,2025-11-28 21:51:20,0.8078059071729958,20.83,6.43843,0.7416391856275226,785390.0,2522374144.0
SMR,2025-11-28 21:51:20,0.7143459915611814,20.0,5.04201,0.7826123707583128,22714517.0,5656869888.0
SNDK,2025-11-28 21:51:20,0.8430379746835442,223.28,3.8318477,1.2740488363783022,10438530.0,32722395136.0
STNE,2025-11-28 21:51:20,0.7964135021097046,16.85,5.775267,1.084157269348495,5898314.0,4507786752.0
TEO,2025-11-28 21:51:20,0.7187763713080167,12.62,4.99168,0.6826878909610229,359211.0,6152887808.0
TMC,2025-11-28 21:51:20,0.8529535864978903,6.96,19.382507,1.8293478721120275,9399414.0,3722453248.0
TSEM,2025-11-28 21:51:20,0.8316455696202532,108.11,4.494492,0.8534247888662166,1397692.0,12121704448.0
UPST,2025-11-28 21:51:20,0.7449367088607595,44.96,6.8949065,0.5041943293312691,7253007.0,4374000128.0
VRT,2025-11-28 21:51:20,0.7278481012658227,179.73,4.48203,0.5245713146030209,7661271.0,68717662208.0
WLK,2025-11-28 21:51:20,0.7206751054852321,66.81,3.22929,0.8403376267260094,1250138.0,8569929216.0
AAUC,2025-11-28 22:17:55,0.9364978902953586,21.11,9.89069,3.323358844823012,350561.0,2617640192.0
AG,2025-11-28 22:17:55,0.8396624472573838,15.23,12.7313,0.9373940815357537,21326546.0,7468122624.0
AMKR,2025-11-28 22:17:55,0.7156118143459916,36.39,4.2096257,0.6266396743926904,3011726.0,8995368960.0
APLD,2025-11-28 22:17:55,0.7738396624472573,27.1,8.660785,0.6413525435788439,30745538.0,7579487744.0
BE,2025-11-28 22:17:55,0.792194092827004,109.24,8.0087,0.5290474121074548,15079123.0,25836433408.0
BITF,2025-11-28 22:17:55,0.7139240506329114,3.48,12.258068,0.89576845566524,95519193.0,2080773632.0
BKV,2025-11-28 22:17:55,0.7154008438818565,27.61,4.62297,0.5629504978751988,574642.0,2484086784.0
BLTE,2025-11-28 22:17:55,0.8886075949367088,137.44,6.0330253,0.8415425222565204,89412.0,4795418112.0
BMA,2025-11-28 22:17:55,0.7582278481012658,85.78,4.34254,0.5887094260583354,802085.0,6047105536.0
BMNR,2025-11-28 22:17:55,0.7622362869198311,33.12,4.34782,1.1445975474789265,44877331.0,12720325632.0
BTDR,2025-11-28 22:17:55,0.7308016877637131,13.41,5.840566,0.7953233251010535,8108325.0,3116559616.0
CAAP,2025-11-28 22:17:55,0.8504219409282701,25.35,5.23039,1.0644206365444977,229709.0,4135035392.0
CDE,2025-11-28 22:17:55,0.79915611814346,17.27,6.67078,0.9862011814617287,17419100.0,11091102720.0
CEPU,2025-11-28 22:17:55,0.8177215189873418,15.9,6.9267,0.7785847118360848,482347.0,2714722816.0
CHA,2025-11-28 22:17:55,0.830801687763713,14.99,6.0863385,1.1235986235375086,908125.0,2784429824.0
CIFR,2025-11-28 22:17:55,0.7166666666666666,20.35,6.2663226,0.6471007299654803,52819347.0,8040123904.0
CLSK,2025-11-28 22:17:55,0.8580168776371307,15.1,12.267663,1.5088512991346923,33744538.0,4036770304.0
CMBT,2025-11-28 22:17:55,0.8367088607594936,10.94,7.99605,1.583129712941998,2566868.0,3244055296.0
COHR,2025-11-28 22:17:55,0.9358649789029536,164.26,6.66233,1.1603453162826909,4120744.0,25814052864.0
COIN,2025-11-28 22:17:55,0.7430379746835443,272.82,2.9626017,0.9133707385904342,9680101.0,73564225536.0
CRCL,2025-11-28 22:17:55,0.931645569620253,79.93,10.0358,1.6616492164676595,13393257.0,20337199104.0
CRDO,2025-11-28 22:17:55,0.9170886075949366,177.6,8.286087,0.9113109739667996,6216485.0,30724020224.0
CVNA,2025-11-28 22:17:55,0.8483122362869197,374.5,4.80509,0.7501213059185791,3043957.0,81192886272.0
ERO,2025-11-28 22:17:55,0.8468354430379746,25.37,4.92142,1.7951239373712198,972588.0,2642391296.0
EXK,2025-11-28 22:17:55,0.8312236286919831,9.93,15.1972,0.9512889590492788,14488707.0,2921182720.0
FLUT,2025-11-28 22:17:55,0.7818565400843881,208.81,4.44678,0.6057801534379063,2630380.0,36533956608.0
FOUR,2025-11-28 22:17:55,0.7818565400843882,73.78,5.14465,0.576782899671732,2171701.0,6538327040.0
GME,2025-11-28 22:17:55,0.7253164556962025,22.53,4.16089,0.9875375812713318,8184928.0,10091383808.0
IBRX,2025-11-28 22:17:55,0.7345991561181433,2.36,10.798112,1.4307733832472624,9599458.0,2324517632.0
IE,2025-11-28 22:17:55,0.8713080168776371,14.31,10.4167,0.9901731418703332,2154707.0,2070868608.0
INTC,2025-11-28 22:17:55,0.778902953586498,40.56,10.277332,0.6373940761815461,110127379.0,193471201280.0
KSPI,2025-11-28 22:17:55,0.810337552742616,77.31,4.47297,0.7556242282798953,589592.0,15555332096.0
LITE,2025-11-28 22:17:55,0.7116033755274261,325.16,5.4755435,0.3924133974371188,4251231.0,23057938432.0
MTSI,2025-11-28 22:17:55,0.7928270042194093,174.99,4.123532,0.7432046028706784,1062815.0,13112521728.0
NGD,2025-11-28 22:17:55,0.7312236286919831,8.35,6.50511,0.9482445106919216,20903773.0,6653964288.0
PAAS,2025-11-28 22:17:55,0.890506329113924,45.67,7.23174,1.113968056780119,6586249.0,19274885120.0
PRAX,2025-11-28 22:17:55,0.8063291139240506,196.46,4.2007074,0.761337753979441,930784.0,4912909312.0
PSTG,2025-11-28 22:17:55,0.7668776371308016,88.96,3.71925,0.8261171223687734,3084398.0,29235509248.0
RIOT,2025-11-28 22:17:55,0.7375527426160338,16.13,7.82085,0.6712137491696766,31448590.0,5997250048.0
SEZL,2025-11-28 22:17:55,0.799789029535865,61.75,4.945615,0.6501355849748425,888004.0,2108954112.0
SKE,2025-11-28 22:17:55,0.8099156118143459,20.83,6.43843,0.7416391856275226,785390.0,2522374144.0
SMR,2025-11-28 22:17:55,0.7164556962025316,20.0,5.04201,0.7876172317465522,22714517.0,5656869888.0
SNDK,2025-11-28 22:17:55,0.8415611814345991,223.28,3.8318477,1.2740488363783022,10438530.0,32722395136.0
STNE,2025-11-28 22:17:55,0.7955696202531646,16.85,5.775267,1.084157269348495,5898314.0,4507786752.0
TEO,2025-11-28 22:17:55,0.7232067510548522,12.62,4.99168,0.6826878909610229,359211.0,6152887808.0
TMC,2025-11-28 22:17:55,0.8535864978902954,6.96,19.382507,1.8293478721120275,9399414.0,3722453248.0
TSEM,2025-11-28 22:17:55,0.8789029535864978,108.11,4.494492,1.3853467001313595,1397692.0,12121704448.0
UPST,2025-11-28 22:17:55,0.7485232067510549,44.96,6.8949065,0.5041943293312691,7253007.0,4374000128.0
VRT,2025-11-28 22:17:55,0.7411392405063291,179.73,4.48203,0.5298902753864209,7661271.0,68717662208.0
WLK,2025-11-28 22:17:55,0.7227848101265822,66.81,3.22929,0.8404120185131562,1250138.0,8569929216.0
AAUC,2025-11-28 22:17:56,0.9364978902953586,21.11,9.89069,3.323358844823012,350561.0,2617640192.0
AG,2025-11-28 22:17:56,0.8396624472573838,15.23,12.7313,0.9373940815357537,21326546.0,7468122624.0
AMKR,2025-11-28 22:17:56,0.7156118143459916,36.39,4.2096257,0.6266396743926904,3011726.0,8995368960.0
APLD,2025-11-28 22:17:56,0.7738396624472573,27.1,8.660785,0.6413525435788439,30745538.0,7579487744.0
BE,2025-11-28 22:17:56,0.792194092827004,109.24,8.0087,0.5290474121074548,15079123.0,25836433408.0
BITF,2025-11-28 22:17:56,0.7139240506329114,3.48,12.258068,0.89576845566524,95519193.0,2080773632.0
BKV,2025-11-28 22:17:56,0.7154008438818565,27.61,4.62297,0.5629504978751988,574642.0,2484086784.0
BLTE,2025-11-28 22:17:56,0.8886075949367088,137.44,6.0330253,0.8415425222565204,89412.0,4795418112.0
BMA,2025-11-28 22:17:56,0.7582278481012658,85.78,4.34254,0.5887094260583354,802085.0,6047105536.0
BMNR,2025-11-28 22:17:56,0.7622362869198311,33.12,4.34782,1.1445975474789265,44877331.0,12720325632.0
BTDR,2025-11-28 22:17:56,0.7308016877637131,13.41,5.840566,0.7953233251010535,8108325.0,3116559616.0
CAAP,2025-11-28 22:17:56,0.8504219409282701,25.35,5.23039,1.0644206365444977,229709.0,4135035392.0
CDE,2025-11-28 22:17:56,0.79915611814346,17.27,6.67078,0.9862011814617287,17419100.0,11091102720.0
CEPU,2025-11-28 22:17:56,0.8177215189873418,15.9,6.9267,0.7785847118360848,482347.0,2714722816.0
CHA,2025-11-28 22:17:56,0.830801687763713,14.99,6.0863385,1.1235986235375086,908125.0,2784429824.0
CIFR,2025-11-28 22:17:56,0.7166666666666666,20.35,6.2663226,0.6471007299654803,52819347.0,8040123904.0
CLSK,2025-11-28 22:17:56,0.8580168776371307,15.1,12.267663,1.5088512991346923,33744538.0,4036770304.0
CMBT,2025-11-28 22:17:56,0.8367088607594936,10.94,7.99605,1.583129712941998,2566868.0,3244055296.0
COHR,2025-11-28 22:17:56,0.9358649789029536,164.26,6.66233,1.1603453162826909,4120744.0,25814052864.0
COIN,2025-11-28 22:17:56,0.7430379746835443,272.82,2.9626017,0.9133707385904342,9680101.0,73564225536.0
CRCL,2025-11-28 22:17:56,0.931645569620253,79.93,10.0358,1.6616492164676595,13393257.0,20337199104.0
CRDO,2025-11-28 22:17:56,0.9170886075949366,177.6,8.286087,0.9113109739667996,6216485.0,30724020224.0
CVNA,2025-11-28 22:17:56,0.8483122362869197,374.5,4.80509,0.7501213059185791,3043957.0,81192886272.0
ERO,2025-11-28 22:17:56,0.8468354430379746,25.37,4.92142,1.7951239373712198,972588.0,2642391296.0
EXK,2025-11-28 22:17:56,0.8312236286919831,9.93,15.1972,0.9512889590492788,14488707.0,2921182720.0
FLUT,2025-11-28 22:17:56,0.7818565400843881,208.81,4.44678,0.6057801534379063,2630380.0,36533956608.0
FOUR,2025-11-28 22:17:56,0.7818565400843882,73.78,5.14465,0.576782899671732,2171701.0,6538327040.0
GME,2025-11-28 22:17:56,0.7253164556962025,22.53,4.16089,0.9875375812713318,8184928.0,10091383808.0
IBRX,2025-11-28 22:17:56,0.7345991561181433,2.36,10.798112,1.4307733832472624,9599458.0,2324517632.0
IE,2025-11-28 22:17:56,0.8713080168776371,14.31,10.4167,0.9901731418703332,2154707.0,2070868608.0
INTC,2025-11-28 22:17:56,0.778902953586498,40.56,10.277332,0.6373940761815461,110127379.0,193471201280.0
KSPI,2025-11-28 22:17:56,0.810337552742616,77.31,4.47297,0.7556242282798953,589592.0,15555332096.0
LITE,2025-11-28 22:17:56,0.7116033755274261,325.16,5.4755435,0.3924133974371188,4251231.0,23057938432.0
MTSI,2025-11-28 22:17:56,0.7928270042194093,174.99,4.123532,0.7432046028706784,1062815.0,13112521728.0
NGD,2025-11-28 22:17:56,0.7312236286919831,8.35,6.50511,0.9482445106919216,20903773.0,6653964288.0
PAAS,2025-11-28 22:17:56,0.890506329113924,45.67,7.23174,1.113968056780119,6586249.0,19274885120.0
PRAX,2025-11-28 22:17:56,0.8063291139240506,196.46,4.2007074,0.761337753979441,930784.0,4912909312.0
PSTG,2025-11-28 22:17:56,0.7668776371308016,88.96,3.71925,0.8261171223687734,3084398.0,29235509248.0
RIOT,2025-11-28 22:17:56,0.7375527426160338,16.13,7.82085,0.6712137491696766,31448590.0,5997250048.0
SEZL,2025-11-28 22:17:56,0.799789029535865,61.75,4.945615,0.6501355849748425,888004.0,2108954112.0
SKE,2025-11-28 22:17:56,0.8099156118143459,20.83,6.43843,0.7416391856275226,785390.0,2522374144.0
SMR,2025-11-28 22:17:56,0.7164556962025316,20.0,5.04201,0.7876172317465522,22714517.0,5656869888.0
SNDK,2025-11-28 22:17:56,0.8415611814345991,223.28,3.8318477,1.2740488363783022,10438530.0,32722395136.0
STNE,2025-11-28 22:17:56,0.7955696202531646,16.85,5.775267,1.084157269348495,5898314.0,4507786752.0
TEO,2025-11-28 22:17:56,0.7232067510548522,12.62,4.99168,0.6826878909610229,359211.0,6152887808.0
TMC,2025-11-28 22:17:56,0.8535864978902954,6.96,19.382507,1.8293478721120275,9399414.0,3722453248.0
TSEM,2025-11-28 22:17:56,0.8789029535864978,108.11,4.494492,1.3853467001313595,1397692.0,12121704448.0
UPST,2025-11-28 22:17:56,0.7485232067510549,44.96,6.8949065,0.5041943293312691,7253007.0,4374000128.0
VRT,2025-11-28 22:17:56,0.7411392405063291,179.73,4.48203,0.5298902753864209,7661271.0,68717662208.0
WLK,2025-11-28 22:17:56,0.7227848101265822,66.81,3.22929,0.8404120185131562,1250138.0,8569929216.0
AAUC,2025-11-28 22:41:01,0.9367647058823528,21.11,9.89069,3.323358844823012,350561.0,2617640192.0
AG,2025-11-28 22:41:01,0.8399159663865545,15.23,12.7313,0.9373940815357537,21326546.0,7468122624.0
AMKR,2025-11-28 22:41:01,0.7168067226890755,36.39,4.2096257,0.6266396743926904,3011726.0,8995368960.0
APLD,2025-11-28 22:41:01,0.7743697478991596,27.1,8.660785,0.6413525435788439,30745538.0,7579487744.0
BE,2025-11-28 22:41:01,0.7930672268907563,109.24,8.0087,0.5290474121074548,15079123.0,25836433408.0
BITF,2025-11-28 22:41:01,0.7138655462184873,3.48,12.258068,0.89576845566524,95519193.0,2080773632.0
BKV,2025-11-28 22:41:01,0.7165966386554622,27.61,4.62297,0.5629504978751988,574642.0,2484086784.0
BLTE,2025-11-28 22:41:01,0.8890756302521007,137.44,6.0330253,0.8415425222565204,89412.0,4795418112.0
BMA,2025-11-28 22:41:01,0.7592436974789917,85.78,4.34254,0.5887094260583354,802085.0,6047105536.0
BMNR,2025-11-28 22:41:01,0.7628151260504202,33.12,4.34782,1.1445975474789265,44877331.0,12720325632.0
BTDR,2025-11-28 22:41:01,0.7315126050420168,13.41,5.840566,0.7953233251010535,8108325.0,3116559616.0
CAAP,2025-11-28 22:41:01,0.8510504201680673,25.35,5.23039,1.0644206365444977,229709.0,4135035392.0
CDE,2025-11-28 22:41:01,0.799579831932773,17.27,6.67078,0.9862011814617287,17419100.0,11091102720.0
CEPU,2025-11-28 22:41:01,0.8184873949579832,15.9,6.9267,0.7785847118360848,482347.0,2714722816.0
CHA,2025-11-28 22:41:01,0.8315126050420169,14.99,6.0863385,1.1235986235375086,908125.0,2784429824.0
CIFR,2025-11-28 22:41:01,0.7174369747899159,20.35,6.2663226,0.6471007299654803,52819347.0,8040123904.0
CLSK,2025-11-28 22:41:01,0.8581932773109244,15.1,12.267663,1.5088512991346923,33744538.0,4036770304.0
CMBT,2025-11-28 22:41:01,0.8369747899159663,10.94,7.99605,1.583129712941998,2566868.0,3244055296.0
COHR,2025-11-28 22:41:01,0.9361344537815124,164.26,6.66233,1.1603453162826909,4120744.0,25814052864.0
COIN,2025-11-28 22:41:01,0.7441176470588236,272.82,2.9626017,0.9133707385904342,9680101.0,73564225536.0
CRCL,2025-11-28 22:41:01,0.9315126050420168,79.93,10.0358,1.6616492164676595,13393257.0,20337199104.0
CRDO,2025-11-28 22:41:01,0.917436974789916,177.6,8.286087,0.9113109739667996,6216485.0,30724020224.0
CVNA,2025-11-28 22:41:01,0.8489495798319328,374.5,4.80509,0.7501213059185791,3043957.0,81192886272.0
ERO,2025-11-28 22:41:01,0.8474789915966386,25.37,4.92142,1.7951239373712198,972588.0,2642391296.0
EXK,2025-11-28 22:41:01,0.8315126050420169,9.93,15.1972,0.9512889590492788,14488707.0,2921182720.0
FLUT,2025-11-28 22:41:01,0.7827731092436974,208.81,4.44678,0.6057801534379063,2630380.0,36533956608.0
FOUR,2025-11-28 22:41:01,0.7827731092436975,73.78,5.14465,0.576782899671732,2171701.0,6538327040.0
GME,2025-11-28 22:41:01,0.7260504201680673,22.53,4.16089,0.9875375812713318,8184928.0,10091383808.0
IBRX,2025-11-28 22:41:01,0.7344537815126049,2.36,10.798112,1.4307733832472624,9599458.0,2324517632.0
IE,2025-11-28 22:41:01,0.8714285714285713,14.31,10.4167,0.9901731418703332,2154707.0,2070868608.0
INTC,2025-11-28 22:41:01,0.7794117647058822,40.56,10.277332,0.6373940761815461,110127379.0,193471201280.0
KSPI,2025-11-28 22:41:01,0.8111344537815125,77.31,4.47297,0.7556242282798953,589592.0,15555332096.0
LITE,2025-11-28 22:41:01,0.7113445378151261,325.16,5.4755435,0.3924133974371188,4251231.0,23057938432.0
MTSI,2025-11-28 22:41:01,0.7936974789915966,174.99,4.123532,0.7432046028706784,1062815.0,13112521728.0
NGD,2025-11-28 22:41:01,0.73109243697479,8.35,6.50511,0.9482445106919216,20903773.0,6653964288.0
PAAS,2025-11-28 22:41:01,0.8909663865546219,45.67,7.23174,1.113968056780119,6586249.0,19274885120.0
PRAX,2025-11-28 22:41:01,0.807142857142857,196.46,4.2007074,0.761337753979441,930784.0,4912909312.0
PSTG,2025-11-28 22:41:01,0.7678571428571429,88.96,3.71925,0.8261171223687734,3084398.0,29235509248.0
RIOT,2025-11-28 22:41:01,0.738235294117647,16.13,7.82085,0.6712137491696766,31448590.0,5997250048.0
SEZL,2025-11-28 22:41:01,0.8006302521008403,61.75,4.945615,0.6501355849748425,888004.0,2108954112.0
SKE,2025-11-28 22:41:01,0.8107142857142857,20.83,6.43843,0.7416391856275226,785390.0,2522374144.0
SMR,2025-11-28 22:41:01,0.7172268907563025,20.0,5.04201,0.7876172317465522,22714517.0,5656869888.0
SNDK,2025-11-28 22:41:01,0.8422268907563025,223.28,3.8318477,1.2740488363783022,10438530.0,32722395136.0
STNE,2025-11-28 22:41:01,0.7960084033613446,16.85,5.775267,1.084157269348495,5898314.0,4507786752.0
TEO,2025-11-28 22:41:01,0.7235294117647059,12.62,4.99168,0.6826878909610229,359211.0,6152887808.0
TMC,2025-11-28 22:41:01,0.853781512605042,6.96,19.382507,1.8293478721120275,9399414.0,3722453248.0
TSEM,2025-11-28 22:41:01,0.8794117647058822,108.11,4.494492,1.3853467001313595,1397692.0,12121704448.0
UPST,2025-11-28 22:41:01,0.7476890756302521,44.96,6.8949065,0.5041943293312691,7253007.0,4374000128.0
VRT,2025-11-28 22:41:01,0.7422268907563024,179.73,4.48203,0.5298902753864209,7661271.0,68717662208.0
WLK,2025-11-28 22:41:01,0.7239495798319328,66.81,3.22929,0.8404120185131562,1250138.0,8569929216.0
AAUC,2025-11-28 22:41:02,0.9367647058823528,21.11,9.89069,3.323358844823012,350561.0,2617640192.0
AG,2025-11-28 22:41:02,0.8399159663865545,15.23,12.7313,0.9373940815357537,21326546.0,7468122624.0
AMKR,2025-11-28 22:41:02,0.7168067226890755,36.39,4.2096257,0.6266396743926904,3011726.0,8995368960.0
APLD,2025-11-28 22:41:02,0.7743697478991596,27.1,8.660785,0.6413525435788439,30745538.0,7579487744.0
BE,2025-11-28 22:41:02,0.7930672268907563,109.24,8.0087,0.5290474121074548,15079123.0,25836433408.0
BITF,2025-11-28 22:41:02,0.7138655462184873,3.48,12.258068,0.89576845566524,95519193.0,2080773632.0
BKV,2025-11-28 22:41:02,0.7165966386554622,27.61,4.62297,0.5629504978751988,574642.0,2484086784.0
BLTE,2025-11-28 22:41:02,0.8890756302521007,137.44,6.0330253,0.8415425222565204,89412.0,4795418112.0
BMA,2025-11-28 22:41:02,0.7592436974789917,85.78,4.34254,0.5887094260583354,802085.0,6047105536.0
BMNR,2025-11-28 22:41:02,0.7628151260504202,33.12,4.34782,1.1445975474789265,44877331.0,12720325632.0
BTDR,2025-11-28 22:41:02,0.7315126050420168,13.41,5.840566,0.7953233251010535,8108325.0,3116559616.0
CAAP,2025-11-28 22:41:02,0.8510504201680673,25.35,5.23039,1.0644206365444977,229709.0,4135035392.0
CDE,2025-11-28 22:41:02,0.799579831932773,17.27,6.67078,0.9862011814617287,17419100.0,11091102720.0
CEPU,2025-11-28 22:41:02,0.8184873949579832,15.9,6.9267,0.7785847118360848,482347.0,2714722816.0
CHA,2025-11-28 22:41:02,0.8315126050420169,14.99,6.0863385,1.1235986235375086,908125.0,2784429824.0
CIFR,2025-11-28 22:41:02,0.7174369747899159,20.35,6.2663226,0.6471007299654803,52819347.0,8040123904.0
CLSK,2025-11-28 22:41:02,0.8581932773109244,15.1,12.267663,1.5088512991346923,33744538.0,4036770304.0
CMBT,2025-11-28 22:41:02,0.8369747899159663,10.94,7.99605,1.583129712941998,2566868.0,3244055296.0
COHR,2025-11-28 22:41:02,0.9361344537815124,164.26,6.66233,1.1603453162826909,4120744.0,25814052864.0
COIN,2025-11-28 22:41:02,0.7441176470588236,272.82,2.9626017,0.9133707385904342,9680101.0,73564225536.0
CRCL,2025-11-28 22:41:02,0.9315126050420168,79.93,10.0358,1.6616492164676595,13393257.0,20337199104.0
CRDO,2025-11-28 22:41:02,0.917436974789916,177.6,8.286087,0.9113109739667996,6216485.0,30724020224.0
CVNA,2025-11-28 22:41:02,0.8489495798319328,374.5,4.80509,0.7501213059185791,3043957.0,81192886272.0
ERO,2025-11-28 22:41:02,0.8474789915966386,25.37,4.92142,1.7951239373712198,972588.0,2642391296.0
EXK,2025-11-28 22:41:02,0.8315126050420169,9.93,15.1972,0.9512889590492788,14488707.0,2921182720.0
FLUT,2025-11-28 22:41:02,0.7827731092436974,208.81,4.44678,0.6057801534379063,2630380.0,36533956608.0
FOUR,2025-11-28 22:41:02,0.7827731092436975,73.78,5.14465,0.576782899671732,2171701.0,6538327040.0
GME,2025-11-28 22:41:02,0.7260504201680673,22.53,4.16089,0.9875375812713318,8184928.0,10091383808.0
IBRX,2025-11-28 22:41:02,0.7344537815126049,2.36,10.798112,1.4307733832472624,9599458.0,2324517632.0
IE,2025-11-28 22:41:02,0.8714285714285713,14.31,10.4167,0.9901731418703332,2154707.0,2070868608.0
INTC,2025-11-28 22:41:02,0.7794117647058822,40.56,10.277332,0.6373940761815461,110127379.0,193471201280.0
KSPI,2025-11-28 22:41:02,0.8111344537815125,77.31,4.47297,0.7556242282798953,589592.0,15555332096.0
LITE,2025-11-28 22:41:02,0.7113445378151261,325.16,5.4755435,0.3924133974371188,4251231.0,23057938432.0
MTSI,2025-11-28 22:41:02,0.7936974789915966,174.99,4.123532,0.7432046028706784,1062815.0,13112521728.0
NGD,2025-11-28 22:41:02,0.73109243697479,8.35,6.50511,0.9482445106919216,20903773.0,6653964288.0
PAAS,2025-11-28 22:41:02,0.8909663865546219,45.67,7.23174,1.113968056780119,6586249.0,19274885120.0
PRAX,2025-11-28 22:41:02,0.807142857142857,196.46,4.2007074,0.761337753979441,930784.0,4912909312.0
PSTG,2025-11-28 22:41:02,0.7678571428571429,88.96,3.71925,0.8261171223687734,3084398.0,29235509248.0
RIOT,2025-11-28 22:41:02,0.738235294117647,16.13,7.82085,0.6712137491696766,31448590.0,5997250048.0
SEZL,2025-11-28 22:41:02,0.8006302521008403,61.75,4.945615,0.6501355849748425,888004.0,2108954112.0
SKE,2025-11-28 22:41:02,0.8107142857142857,20.83,6.43843,0.7416391856275226,785390.0,2522374144.0
SMR,2025-11-28 22:41:02,0.7172268907563025,20.0,5.04201,0.7876172317465522,22714517.0,5656869888.0
SNDK,2025-11-28 22:41:02,0.8422268907563025,223.28,3.8318477,1.2740488363783022,10438530.0,32722395136.0
STNE,2025-11-28 22:41:02,0.7960084033613446,16.85,5.775267,1.084157269348495,5898314.0,4507786752.0
TEO,2025-11-28 22:41:02,0.7235294117647059,12.62,4.99168,0.6826878909610229,359211.0,6152887808.0
TMC,2025-11-28 22:41:02,0.853781512605042,6.96,19.382507,1.8293478721120275,9399414.0,3722453248.0
TSEM,2025-11-28 22:41:02,0.8794117647058822,108.11,4.494492,1.3853467001313595,1397692.0,12121704448.0
UPST,2025-11-28 22:41:02,0.7476890756302521,44.96,6.8949065,0.5041943293312691,7253007.0,4374000128.0
VRT,2025-11-28 22:41:02,0.7422268907563024,179.73,4.48203,0.5298902753864209,7661271.0,68717662208.0
WLK,2025-11-28 22:41:02,0.7239495798319328,66.81,3.22929,0.8404120185131562,1250138.0,8569929216.0
AAUC,2025-11-28 22:51:22,0.9367647058823528,21.11,9.89069,3.323358844823012,350561.0,2617640192.0
AG,2025-11-28 22:51:22,0.8399159663865545,15.23,12.7313,0.9373940815357537,21326546.0,7468122624.0
AMKR,2025-11-28 22:51:22,0.7168067226890755,36.39,4.2096257,0.6266396743926904,3011726.0,8995368960.0
APLD,2025-11-28 22:51:22,0.7743697478991596,27.1,8.660785,0.6413525435788439,30745538.0,7579487744.0
BE,2025-11-28 22:51:22,0.7930672268907563,109.24,8.0087,0.5290474121074548,15079123.0,25836433408.0
BITF,2025-11-28 22:51:22,0.7138655462184873,3.48,12.258068,0.89576845566524,95519193.0,2080773632.0
BKV,2025-11-28 22:51:22,0.7165966386554622,27.61,4.62297,0.5629504978751988,574642.0,2484086784.0
BLTE,2025-11-28 22:51:22,0.8890756302521007,137.44,6.0330253,0.8415425222565204,89412.0,4795418112.0
BMA,2025-11-28 22:51:22,0.7592436974789917,85.78,4.34254,0.5887094260583354,802085.0,6047105536.0
BMNR,2025-11-28 22:51:22,0.7628151260504202,33.12,4.34782,1.1445975474789265,44877331.0,12720325632.0
BTDR,2025-11-28 22:51:22,0.7315126050420168,13.41,5.840566,0.7953233251010535,8108325.0,3116559616.0
CAAP,2025-11-28 22:51:22,0.8510504201680673,25.35,5.23039,1.0644206365444977,229709.0,4135035392.0
CDE,2025-11-28 22:51:22,0.799579831932773,17.27,6.67078,0.9862011814617287,17419100.0,11091102720.0
CEPU,2025-11-28 22:51:22,0.8184873949579832,15.9,6.9267,0.7785847118360848,482347.0,2714722816.0
CHA,2025-11-28 22:51:22,0.8315126050420169,14.99,6.0863385,1.1235986235375086,908125.0,2784429824.0
CIFR,2025-11-28 22:51:22,0.7174369747899159,20.35,6.2663226,0.6471007299654803,52819347.0,8040123904.0
CLSK,2025-11-28 22:51:22,0.8581932773109244,15.1,12.267663,1.5088512991346923,33744538.0,4036770304.0
CMBT,2025-11-28 22:51:22,0.8369747899159663,10.94,7.99605,1.583129712941998,2566868.0,3244055296.0
COHR,2025-11-28 22:51:22,0.9361344537815124,164.26,6.66233,1.1603453162826909,4120744.0,25814052864.0
COIN,2025-11-28 22:51:22,0.7441176470588236,272.82,2.9626017,0.9133707385904342,9680101.0,73564225536.0
CRCL,2025-11-28 22:51:22,0.9315126050420168,79.93,10.0358,1.6616492164676595,13393257.0,20337199104.0
CRDO,2025-11-28 22:51:22,0.917436974789916,177.6,8.286087,0.9113109739667996,6216485.0,30724020224.0
CVNA,2025-11-28 22:51:22,0.8489495798319328,374.5,4.80509,0.7501213059185791,3043957.0,81192886272.0
ERO,2025-11-28 22:51:22,0.8474789915966386,25.37,4.92142,1.7951239373712198,972588.0,2642391296.0
EXK,2025-11-28 22:51:22,0.8315126050420169,9.93,15.1972,0.9512889590492788,14488707.0,2921182720.0
FLUT,2025-11-28 22:51:22,0.7827731092436974,208.81,4.44678,0.6057801534379063,2630380.0,36533956608.0
FOUR,2025-11-28 22:51:22,0.7827731092436975,73.78,5.14465,0.576782899671732,2171701.0,6538327040.0
GME,2025-11-28 22:51:22,0.7260504201680673,22.53,4.16089,0.9875375812713318,8184928.0,10091383808.0
IBRX,2025-11-28 22:51:22,0.7344537815126049,2.36,10.798112,1.4307733832472624,9599458.0,2324517632.0
IE,2025-11-28 22:51:22,0.8714285714285713,14.31,10.4167,0.9901731418703332,2154707.0,2070868608.0
INTC,2025-11-28 22:51:22,0.7794117647058822,40.56,10.277332,0.6373940761815461,110127379.0,193471201280.0
KSPI,2025-11-28 22:51:22,0.8111344537815125,77.31,4.47297,0.7556242282798953,589592.0,15555332096.0
LITE,2025-11-28 22:51:22,0.7113445378151261,325.16,5.4755435,0.3924133974371188,4251231.0,23057938432.0
MTSI,2025-11-28 22:51:22,0.7936974789915966,174.99,4.123532,0.7432046028706784,1062815.0,13112521728.0
NGD,2025-11-28 22:51:22,0.73109243697479,8.35,6.50511,0.9482445106919216,20903773.0,6653964288.0
PAAS,2025-11-28 22:51:22,0.8909663865546219,45.67,7.23174,1.113968056780119,6586249.0,19274885120.0
PRAX,2025-11-28 22:51:22,0.807142857142857,196.46,4.2007074,0.761337753979441,930784.0,4912909312.0
PSTG,2025-11-28 22:51:22,0.7678571428571429,88.96,3.71925,0.8261171223687734,3084398.0,29235509248.0
RIOT,2025-11-28 22:51:22,0.738235294117647,16.13,7.82085,0.6712137491696766,31448590.0,5997250048.0
SEZL,2025-11-28 22:51:22,0.8006302521008403,61.75,4.945615,0.6501355849748425,888004.0,2108954112.0
SKE,2025-11-28 22:51:22,0.8107142857142857,20.83,6.43843,0.7416391856275226,785390.0,2522374144.0
SMR,2025-11-28 22:51:22,0.7172268907563025,20.0,5.04201,0.7876172317465522,22714517.0,5656869888.0
SNDK,2025-11-28 22:51:22,0.8422268907563025,223.28,3.8318477,1.2740488363783022,10438530.0,32722395136.0
STNE,2025-11-28 22:51:22,0.7960084033613446,16.85,5.775267,1.084157269348495,5898314.0,4507786752.0
TEO,2025-11-28 22:51:22,0.7235294117647059,12.62,4.99168,0.6826878909610229,359211.0,6152887808.0
TMC,2025-11-28 22:51:22,0.853781512605042,6.96,19.382507,1.8293478721120275,9399414.0,3722453248.0
TSEM,2025-11-28 22:51:22,0.8794117647058822,108.11,4.494492,1.3853467001313595,1397692.0,12121704448.0
UPST,2025-11-28 22:51:22,0.7476890756302521,44.96,6.8949065,0.5041943293312691,7253007.0,4374000128.0
VRT,2025-11-28 22:51:22,0.7422268907563024,179.73,4.48203,0.5298902753864209,7661271.0,68717662208.0
WLK,2025-11-28 22:51:22,0.7239495798319328,66.81,3.22929,0.8404120185131562,1250138.0,8569929216.0
AAUC,2025-12-01 08:56:16,0.9365702479338844,21.11,9.89069,3.16243213897937,368400.0,2617640192.0
AG,2025-12-01 08:56:16,0.8419421487603306,15.23,12.7313,0.9393932473605762,21281160.0,7468122624.0
APLD,2025-12-01 08:56:16,0.7851239669421487,27.1,8.660785,0.6498372775006054,30615926.0,7579487744.0
BE,2025-12-01 08:56:16,0.802892561983471,109.24,8.0087,0.5301981285086476,15046396.0,25836433408.0
BKV,2025-12-01 08:56:16,0.7225206611570248,27.61,4.62297,0.5589700967974924,578734.0,2484086784.0
BLTE,2025-12-01 08:56:16,0.890909090909091,137.44,6.0330253,0.8335067637877211,90334.0,4795418112.0
BMA,2025-12-01 08:56:16,0.7677685950413222,85.78,4.34254,0.5864647179735579,805155.0,6047105536.0
BMNR,2025-12-01 08:56:16,0.765702479338843,33.12,4.34782,1.1377685274380027,45146690.0,12720325632.0
CAAP,2025-12-01 08:56:16,0.8541322314049586,25.35,5.23039,1.0523355154144447,232347.0,4135035392.0
CDE,2025-12-01 08:56:16,0.8055785123966941,17.27,6.67078,0.9834762694288772,17467363.0,11091102720.0
CEF,2025-12-01 08:56:16,0.7138429752066116,41.44,3.31588,0.8070358714980318,1160169.0,8026056704.0
CEPU,2025-12-01 08:56:16,0.8231404958677685,15.9,6.9267,0.7727945246635018,485961.0,2714722816.0
CHA,2025-12-01 08:56:16,0.7948347107438016,14.99,6.0863385,0.817800056904647,847031.0,2784429824.0
CLSK,2025-12-01 08:56:16,0.8421487603305785,15.1,12.267663,1.0709478067830995,34286007.0,4036770304.0
CMBT,2025-12-01 08:56:16,0.8388429752066116,10.94,7.99605,1.6254967569545973,2499965.0,3244055296.0
COHR,2025-12-01 08:56:16,0.9382231404958676,164.26,6.66233,1.155708452685184,4137277.0,25814052864.0
COIN,2025-12-01 08:56:16,0.7059917355371901,272.82,2.9626017,0.6706058853862292,9717663.0,73564225536.0
CRCL,2025-12-01 08:56:16,0.930578512396694,79.93,10.0358,1.6343112393924402,13617293.0,20337199104.0
CRDO,2025-12-01 08:56:16,0.9212809917355372,177.6,8.2860775,0.9096866602382786,6227585.0,30724020224.0
CVNA,2025-12-01 08:56:16,0.8557851239669421,374.5,4.80509,0.7483794061176476,3051042.0,81192886272.0
ERO,2025-12-01 08:56:16,0.8487603305785123,25.37,4.92142,1.760205347007003,991882.0,2642391296.0
EXK,2025-12-01 08:56:16,0.8322314049586776,9.93,15.1972,0.9491083043956215,14521996.0,2921182720.0
FLUT,2025-12-01 08:56:16,0.7935950413223141,208.81,4.44678,0.6046370258557392,2635353.0,36533956608.0
FOUR,2025-12-01 08:56:16,0.7894628099173554,73.78,5.14465,0.576955319356699,2171052.0,6538327040.0
GME,2025-12-01 08:56:16,0.7289256198347107,22.53,4.16089,0.9810351249802924,8239179.0,10091383808.0
IBRX,2025-12-01 08:56:16,0.7378099173553719,2.36,10.798112,1.3945829298484014,9848571.0,2324517632.0
IE,2025-12-01 08:56:16,0.871900826446281,14.31,10.4167,0.981051085600039,2174742.0,2070868608.0
INTC,2025-12-01 08:56:16,0.7863636363636364,40.56,10.277332,0.634461816884431,110636349.0,193471201280.0
KSPI,2025-12-01 08:56:16,0.8148760330578513,77.31,4.47297,0.7469335336288586,596452.0,15555332096.0
LITE,2025-12-01 08:56:16,0.7200413223140496,325.16,5.4755435,0.3933659927902708,4240936.0,23057938432.0
MTSI,2025-12-01 08:56:16,0.7991735537190083,174.99,4.123532,0.7449709750588279,1060295.0,13112521728.0
NGD,2025-12-01 08:56:16,0.7330578512396694,8.35,6.50511,0.9436562798033326,21005411.0,6653964288.0
PAAS,2025-12-01 08:56:16,0.8940082644628099,45.67,7.23174,1.1058366199781482,6634679.0,19274885120.0
PAGS,2025-12-01 08:56:16,0.7049586776859504,10.48,4.8,0.8606718452011642,4759519.0,3058813696.0
PRAX,2025-12-01 08:56:16,0.8146694214876034,196.46,4.200699,0.7557611992508948,937652.0,4912909312.0
PSTG,2025-12-01 08:56:16,0.7820247933884298,88.96,3.71925,0.8560851168481931,2976426.0,29235509248.0
RGC,2025-12-01 08:56:16,0.6995867768595041,11.53,3.7803788,0.8961295694448175,186155.0,5701456896.0
SBSW,2025-12-01 08:56:16,0.7051652892561983,13.33,5.96184,0.6181676750833487,7839352.0,9575189504.0
SE,2025-12-01 08:56:16,0.7080578512396694,139.01,3.53791,0.5753219832353559,4498992.0,82296684544.0
SEZL,2025-12-01 08:56:16,0.8084710743801653,61.75,4.945615,0.6572573208467387,878382.0,2108954112.0
SKE,2025-12-01 08:56:16,0.8169421487603306,20.83,6.43843,0.7443316648542136,782549.0,2522374144.0
SMR,2025-12-01 08:56:16,0.7231404958677686,20.0,5.04201,0.7824813373708417,22863606.0,5656869888.0
SNDK,2025-12-01 08:56:16,0.8469008264462811,223.28,3.8318477,1.2630404339694967,10583601.0,32722395136.0
STNE,2025-12-01 08:56:16,0.800206611570248,16.85,5.775267,1.0807885967991788,5944787.0,4507786752.0
TEO,2025-12-01 08:56:16,0.731198347107438,12.62,4.99168,0.6810838283938376,360057.0,6152887808.0
TMC,2025-12-01 08:56:16,0.8541322314049586,6.96,19.382507,1.872776310610588,9469117.0,3722453248.0
TSEM,2025-12-01 08:56:16,0.8758264462809917,108.11,4.494492,1.165274460878506,1401493.0,12121704448.0
UPST,2025-12-01 08:56:16,0.7661157024793389,44.96,6.8949165,0.5180969725507576,7220600.0,4374000128.0
VRT,2025-12-01 08:56:16,0.752892561983471,179.73,4.48203,0.5324363025329996,7624636.0,68717662208.0
WLK,2025-12-01 08:56:16,0.7301652892561984,66.81,3.22929,0.838888094863579,1252409.0,8569929216.0
AAUC,2025-12-01 09:48:32,0.9365702479338844,21.11,9.89069,3.16243213897937,368400.0,2617640192.0
AG,2025-12-01 09:48:32,0.8419421487603306,15.23,12.7313,0.9393932473605762,21281160.0,7468122624.0
APLD,2025-12-01 09:48:32,0.7851239669421487,27.1,8.660785,0.6498372775006054,30615926.0,7579487744.0
BE,2025-12-01 09:48:32,0.802892561983471,109.24,8.0087,0.5301981285086476,15046396.0,25836433408.0
BKV,2025-12-01 09:48:32,0.7225206611570248,27.61,4.62297,0.5589700967974924,578734.0,2484086784.0
BLTE,2025-12-01 09:48:32,0.890909090909091,137.44,6.0330253,0.8335067637877211,90334.0,4795418112.0
BMA,2025-12-01 09:48:32,0.7677685950413222,85.78,4.34254,0.5864647179735579,805155.0,6047105536.0
BMNR,2025-12-01 09:48:32,0.765702479338843,33.12,4.34782,1.1377685274380027,45146690.0,12720325632.0
CAAP,2025-12-01 09:48:32,0.8541322314049586,25.35,5.23039,1.0523355154144447,232347.0,4135035392.0
CDE,2025-12-01 09:48:32,0.8055785123966941,17.27,6.67078,0.9834762694288772,17467363.0,11091102720.0
CEF,2025-12-01 09:48:32,0.7138429752066116,41.44,3.31588,0.8070358714980318,1160169.0,8026056704.0
CEPU,2025-12-01 09:48:32,0.8231404958677685,15.9,6.9267,0.7727945246635018,485961.0,2714722816.0
CHA,2025-12-01 09:48:32,0.7948347107438016,14.99,6.0863385,0.817800056904647,847031.0,2784429824.0
CLSK,2025-12-01 09:48:32,0.8421487603305785,15.1,12.267663,1.0709478067830995,34286007.0,4036770304.0
CMBT,2025-12-01 09:48:32,0.8388429752066116,10.94,7.99605,1.6254967569545973,2499965.0,3244055296.0
COHR,2025-12-01 09:48:32,0.9382231404958676,164.26,6.66233,1.155708452685184,4137277.0,25814052864.0
COIN,2025-12-01 09:48:32,0.7059917355371901,272.82,2.9626017,0.6706058853862292,9717663.0,73564225536.0
CRCL,2025-12-01 09:48:32,0.930578512396694,79.93,10.0358,1.6343112393924402,13617293.0,20337199104.0
CRDO,2025-12-01 09:48:32,0.9212809917355372,177.6,8.2860775,0.9096866602382786,6227585.0,30724020224.0
CVNA,2025-12-01 09:48:32,0.8557851239669421,374.5,4.80509,0.7483794061176476,3051042.0,81192886272.0
ERO,2025-12-01 09:48:32,0.8487603305785123,25.37,4.92142,1.760205347007003,991882.0,2642391296.0
EXK,2025-12-01 09:48:32,0.8322314049586776,9.93,15.1972,0.9491083043956215,14521996.0,2921182720.0
FLUT,2025-12-01 09:48:32,0.7935950413223141,208.81,4.44678,0.6046370258557392,2635353.0,36533956608.0
FOUR,2025-12-01 09:48:32,0.7894628099173554,73.78,5.14465,0.576955319356699,2171052.0,6538327040.0
GME,2025-12-01 09:48:32,0.7289256198347107,22.53,4.16089,0.9810351249802924,8239179.0,10091383808.0
IBRX,2025-12-01 09:48:32,0.7378099173553719,2.36,10.798112,1.3945829298484014,9848571.0,2324517632.0
IE,2025-12-01 09:48:32,0.871900826446281,14.31,10.4167,0.981051085600039,2174742.0,2070868608.0
INTC,2025-12-01 09:48:32,0.7863636363636364,40.56,10.277332,0.634461816884431,110636349.0,193471201280.0
KSPI,2025-12-01 09:48:32,0.8148760330578513,77.31,4.47297,0.7469335336288586,596452.0,15555332096.0
LITE,2025-12-01 09:48:32,0.7200413223140496,325.16,5.4755435,0.3933659927902708,4240936.0,23057938432.0
MTSI,2025-12-01 09:48:32,0.7991735537190083,174.99,4.123532,0.7449709750588279,1060295.0,13112521728.0
NGD,2025-12-01 09:48:32,0.7330578512396694,8.35,6.50511,0.9436562798033326,21005411.0,6653964288.0
PAAS,2025-12-01 09:48:32,0.8940082644628099,45.67,7.23174,1.1058366199781482,6634679.0,19274885120.0
PAGS,2025-12-01 09:48:32,0.7049586776859504,10.48,4.8,0.8606718452011642,4759519.0,3058813696.0
PRAX,2025-12-01 09:48:32,0.8146694214876034,196.46,4.200699,0.7557611992508948,937652.0,4912909312.0
PSTG,2025-12-01 09:48:32,0.7820247933884298,88.96,3.71925,0.8560851168481931,2976426.0,29235509248.0
RGC,2025-12-01 09:48:32,0.6995867768595041,11.53,3.7803788,0.8961295694448175,186155.0,5701456896.0
SBSW,2025-12-01 09:48:32,0.7051652892561983,13.33,5.96184,0.6181676750833487,7839352.0,9575189504.0
SE,2025-12-01 09:48:32,0.7080578512396694,139.01,3.53791,0.5753219832353559,4498992.0,82296684544.0
SEZL,2025-12-01 09:48:32,0.8084710743801653,61.75,4.945615,0.6572573208467387,878382.0,2108954112.0
SKE,2025-12-01 09:48:32,0.8169421487603306,20.83,6.43843,0.7443316648542136,782549.0,2522374144.0
SMR,2025-12-01 09:48:32,0.7231404958677686,20.0,5.04201,0.7824813373708417,22863606.0,5656869888.0
SNDK,2025-12-01 09:48:32,0.8469008264462811,223.28,3.8318477,1.2630404339694967,10583601.0,32722395136.0
STNE,2025-12-01 09:48:32,0.800206611570248,16.85,5.775267,1.0807885967991788,5944787.0,4507786752.0
TEO,2025-12-01 09:48:32,0.731198347107438,12.62,4.99168,0.6810838283938376,360057.0,6152887808.0
TMC,2025-12-01 09:48:32,0.8541322314049586,6.96,19.382507,1.872776310610588,9469117.0,3722453248.0
TSEM,2025-12-01 09:48:32,0.8758264462809917,108.11,4.494492,1.165274460878506,1401493.0,12121704448.0
UPST,2025-12-01 09:48:32,0.7661157024793389,44.96,6.8949165,0.5180969725507576,7220600.0,4374000128.0
VRT,2025-12-01 09:48:32,0.752892561983471,179.73,4.48203,0.5324363025329996,7624636.0,68717662208.0
WLK,2025-12-01 09:48:32,0.7301652892561984,66.81,3.22929,0.838888094863579,1252409.0,8569929216.0
AAUC,2025-12-01 09:48:33,0.9365702479338844,21.11,9.89069,3.16243213897937,368400.0,2617640192.0
AG,2025-12-01 09:48:33,0.8419421487603306,15.23,12.7313,0.9393932473605762,21281160.0,7468122624.0
APLD,2025-12-01 09:48:33,0.7851239669421487,27.1,8.660785,0.6498372775006054,30615926.0,7579487744.0
BE,2025-12-01 09:48:33,0.802892561983471,109.24,8.0087,0.5301981285086476,15046396.0,25836433408.0
BKV,2025-12-01 09:48:33,0.7225206611570248,27.61,4.62297,0.5589700967974924,578734.0,2484086784.0
BLTE,2025-12-01 09:48:33,0.890909090909091,137.44,6.0330253,0.8335067637877211,90334.0,4795418112.0
BMA,2025-12-01 09:48:33,0.7677685950413222,85.78,4.34254,0.5864647179735579,805155.0,6047105536.0
BMNR,2025-12-01 09:48:33,0.765702479338843,33.12,4.34782,1.1377685274380027,45146690.0,12720325632.0
CAAP,2025-12-01 09:48:33,0.8541322314049586,25.35,5.23039,1.0523355154144447,232347.0,4135035392.0
CDE,2025-12-01 09:48:33,0.8055785123966941,17.27,6.67078,0.9834762694288772,17467363.0,11091102720.0
CEF,2025-12-01 09:48:33,0.7138429752066116,41.44,3.31588,0.8070358714980318,1160169.0,8026056704.0
CEPU,2025-12-01 09:48:33,0.8231404958677685,15.9,6.9267,0.7727945246635018,485961.0,2714722816.0
CHA,2025-12-01 09:48:33,0.7948347107438016,14.99,6.0863385,0.817800056904647,847031.0,2784429824.0
CLSK,2025-12-01 09:48:33,0.8421487603305785,15.1,12.267663,1.0709478067830995,34286007.0,4036770304.0
CMBT,2025-12-01 09:48:33,0.8388429752066116,10.94,7.99605,1.6254967569545973,2499965.0,3244055296.0
COHR,2025-12-01 09:48:33,0.9382231404958676,164.26,6.66233,1.155708452685184,4137277.0,25814052864.0
COIN,2025-12-01 09:48:33,0.7059917355371901,272.82,2.9626017,0.6706058853862292,9717663.0,73564225536.0
CRCL,2025-12-01 09:48:33,0.930578512396694,79.93,10.0358,1.6343112393924402,13617293.0,20337199104.0
CRDO,2025-12-01 09:48:33,0.9212809917355372,177.6,8.2860775,0.9096866602382786,6227585.0,30724020224.0
CVNA,2025-12-01 09:48:33,0.8557851239669421,374.5,4.80509,0.7483794061176476,3051042.0,81192886272.0
ERO,2025-12-01 09:48:33,0.8487603305785123,25.37,4.92142,1.760205347007003,991882.0,2642391296.0
EXK,2025-12-01 09:48:33,0.8322314049586776,9.93,15.1972,0.9491083043956215,14521996.0,2921182720.0
FLUT,2025-12-01 09:48:33,0.7935950413223141,208.81,4.44678,0.6046370258557392,2635353.0,36533956608.0
FOUR,2025-12-01 09:48:33,0.7894628099173554,73.78,5.14465,0.576955319356699,2171052.0,6538327040.0
GME,2025-12-01 09:48:33,0.7289256198347107,22.53,4.16089,0.9810351249802924,8239179.0,10091383808.0
IBRX,2025-12-01 09:48:33,0.7378099173553719,2.36,10.798112,1.3945829298484014,9848571.0,2324517632.0
IE,2025-12-01 09:48:33,0.871900826446281,14.31,10.4167,0.981051085600039,2174742.0,2070868608.0
INTC,2025-12-01 09:48:33,0.7863636363636364,40.56,10.277332,0.634461816884431,110636349.0,193471201280.0
KSPI,2025-12-01 09:48:33,0.8148760330578513,77.31,4.47297,0.7469335336288586,596452.0,15555332096.0
LITE,2025-12-01 09:48:33,0.7200413223140496,325.16,5.4755435,0.3933659927902708,4240936.0,23057938432.0
MTSI,2025-12-01 09:48:33,0.7991735537190083,174.99,4.123532,0.7449709750588279,1060295.0,13112521728.0
NGD,2025-12-01 09:48:33,0.7330578512396694,8.35,6.50511,0.9436562798033326,21005411.0,6653964288.0
PAAS,2025-12-01 09:48:33,0.8940082644628099,45.67,7.23174,1.1058366199781482,6634679.0,19274885120.0
PAGS,2025-12-01 09:48:33,0.7049586776859504,10.48,4.8,0.8606718452011642,4759519.0,3058813696.0
PRAX,2025-12-01 09:48:33,0.8146694214876034,196.46,4.200699,0.7557611992508948,937652.0,4912909312.0
PSTG,2025-12-01 09:48:33,0.7820247933884298,88.96,3.71925,0.8560851168481931,2976426.0,29235509248.0
RGC,2025-12-01 09:48:33,0.6995867768595041,11.53,3.7803788,0.8961295694448175,186155.0,5701456896.0
SBSW,2025-12-01 09:48:33,0.7051652892561983,13.33,5.96184,0.6181676750833487,7839352.0,9575189504.0
SE,2025-12-01 09:48:33,0.7080578512396694,139.01,3.53791,0.5753219832353559,4498992.0,82296684544.0
SEZL,2025-12-01 09:48:33,0.8084710743801653,61.75,4.945615,0.6572573208467387,878382.0,2108954112.0
SKE,2025-12-01 09:48:33,0.8169421487603306,20.83,6.43843,0.7443316648542136,782549.0,2522374144.0
SMR,2025-12-01 09:48:33,0.7231404958677686,20.0,5.04201,0.7824813373708417,22863606.0,5656869888.0
SNDK,2025-12-01 09:48:33,0.8469008264462811,223.28,3.8318477,1.2630404339694967,10583601.0,32722395136.0
STNE,2025-12-01 09:48:33,0.800206611570248,16.85,5.775267,1.0807885967991788,5944787.0,4507786752.0
TEO,2025-12-01 09:48:33,0.731198347107438,12.62,4.99168,0.6810838283938376,360057.0,6152887808.0
TMC,2025-12-01 09:48:33,0.8541322314049586,6.96,19.382507,1.872776310610588,9469117.0,3722453248.0
TSEM,2025-12-01 09:48:33,0.8758264462809917,108.11,4.494492,1.165274460878506,1401493.0,12121704448.0
UPST,2025-12-01 09:48:33,0.7661157024793389,44.96,6.8949165,0.5180969725507576,7220600.0,4374000128.0
VRT,2025-12-01 09:48:33,0.752892561983471,179.73,4.48203,0.5324363025329996,7624636.0,68717662208.0
WLK,2025-12-01 09:48:33,0.7301652892561984,66.81,3.22929,0.838888094863579,1252409.0,8569929216.0
AAUC,2025-12-01 14:21:33,0.9365702479338844,21.11,9.89069,3.16243213897937,368400.0,2617640192.0
AG,2025-12-01 14:21:33,0.8419421487603306,15.23,12.7313,0.9393932473605762,21281160.0,7468122624.0
APLD,2025-12-01 14:21:33,0.7851239669421487,27.1,8.660785,0.6498372775006054,30615926.0,7579487744.0
BE,2025-12-01 14:21:33,0.802892561983471,109.24,8.0087,0.5301981285086476,15046396.0,25836433408.0
BKV,2025-12-01 14:21:33,0.7225206611570248,27.61,4.62297,0.5589700967974924,578734.0,2484086784.0
BLTE,2025-12-01 14:21:33,0.890909090909091,137.44,6.0330253,0.8335067637877211,90334.0,4795418112.0
BMA,2025-12-01 14:21:33,0.7677685950413222,85.78,4.34254,0.5864647179735579,805155.0,6047105536.0
BMNR,2025-12-01 14:21:33,0.765702479338843,33.12,4.34782,1.1377685274380027,45146690.0,12720325632.0
CAAP,2025-12-01 14:21:33,0.8541322314049586,25.35,5.23039,1.0523355154144447,232347.0,4135035392.0
CDE,2025-12-01 14:21:33,0.8055785123966941,17.27,6.67078,0.9834762694288772,17467363.0,11091102720.0
CEF,2025-12-01 14:21:33,0.7138429752066116,41.44,3.31588,0.8070358714980318,1160169.0,8026056704.0
CEPU,2025-12-01 14:21:33,0.8231404958677685,15.9,6.9267,0.7727945246635018,485961.0,2714722816.0
CHA,2025-12-01 14:21:33,0.7948347107438016,14.99,6.0863385,0.817800056904647,847031.0,2784429824.0
CLSK,2025-12-01 14:21:33,0.8421487603305785,15.1,12.267663,1.0709478067830995,34286007.0,4036770304.0
CMBT,2025-12-01 14:21:33,0.8388429752066116,10.94,7.99605,1.6254967569545973,2499965.0,3244055296.0
COHR,2025-12-01 14:21:33,0.9382231404958676,164.26,6.66233,1.155708452685184,4137277.0,25814052864.0
COIN,2025-12-01 14:21:33,0.7059917355371901,272.82,2.9626017,0.6706058853862292,9717663.0,73564225536.0
CRCL,2025-12-01 14:21:33,0.930578512396694,79.93,10.0358,1.6343112393924402,13617293.0,20337199104.0
CRDO,2025-12-01 14:21:33,0.9212809917355372,177.6,8.2860775,0.9096866602382786,6227585.0,30724020224.0
CVNA,2025-12-01 14:21:33,0.8557851239669421,374.5,4.80509,0.7483794061176476,3051042.0,81192886272.0
ERO,2025-12-01 14:21:33,0.8487603305785123,25.37,4.92142,1.760205347007003,991882.0,2642391296.0
EXK,2025-12-01 14:21:33,0.8322314049586776,9.93,15.1972,0.9491083043956215,14521996.0,2921182720.0
FLUT,2025-12-01 14:21:33,0.7935950413223141,208.81,4.44678,0.6046370258557392,2635353.0,36533956608.0
FOUR,2025-12-01 14:21:33,0.7894628099173554,73.78,5.14465,0.576955319356699,2171052.0,6538327040.0
GME,2025-12-01 14:21:33,0.7289256198347107,22.53,4.16089,0.9810351249802924,8239179.0,10091383808.0
IBRX,2025-12-01 14:21:33,0.7378099173553719,2.36,10.798112,1.3945829298484014,9848571.0,2324517632.0
IE,2025-12-01 14:21:33,0.871900826446281,14.31,10.4167,0.981051085600039,2174742.0,2070868608.0
INTC,2025-12-01 14:21:33,0.7863636363636364,40.56,10.277332,0.634461816884431,110636349.0,193471201280.0
KSPI,2025-12-01 14:21:33,0.8148760330578513,77.31,4.47297,0.7469335336288586,596452.0,15555332096.0
LITE,2025-12-01 14:21:33,0.7200413223140496,325.16,5.4755435,0.3933659927902708,4240936.0,23057938432.0
MTSI,2025-12-01 14:21:33,0.7991735537190083,174.99,4.123532,0.7449709750588279,1060295.0,13112521728.0
NGD,2025-12-01 14:21:33,0.7330578512396694,8.35,6.50511,0.9436562798033326,21005411.0,6653964288.0
PAAS,2025-12-01 14:21:33,0.8940082644628099,45.67,7.23174,1.1058366199781482,6634679.0,19274885120.0
PAGS,2025-12-01 14:21:33,0.7049586776859504,10.48,4.8,0.8606718452011642,4759519.0,3058813696.0
PRAX,2025-12-01 14:21:33,0.8146694214876034,196.46,4.200699,0.7557611992508948,937652.0,4912909312.0
PSTG,2025-12-01 14:21:33,0.7820247933884298,88.96,3.71925,0.8560851168481931,2976426.0,29235509248.0
RGC,2025-12-01 14:21:33,0.6995867768595041,11.53,3.7803788,0.8961295694448175,186155.0,5701456896.0
SBSW,2025-12-01 14:21:33,0.7051652892561983,13.33,5.96184,0.6181676750833487,7839352.0,9575189504.0
SE,2025-12-01 14:21:33,0.7080578512396694,139.01,3.53791,0.5753219832353559,4498992.0,82296684544.0
SEZL,2025-12-01 14:21:33,0.8084710743801653,61.75,4.945615,0.6572573208467387,878382.0,2108954112.0
SKE,2025-12-01 14:21:33,0.8169421487603306,20.83,6.43843,0.7443316648542136,782549.0,2522374144.0
SMR,2025-12-01 14:21:33,0.7231404958677686,20.0,5.04201,0.7824813373708417,22863606.0,5656869888.0
SNDK,2025-12-01 14:21:33,0.8469008264462811,223.28,3.8318477,1.2630404339694967,10583601.0,32722395136.0
STNE,2025-12-01 14:21:33,0.800206611570248,16.85,5.775267,1.0807885967991788,5944787.0,4507786752.0
TEO,2025-12-01 14:21:33,0.731198347107438,12.62,4.99168,0.6810838283938376,360057.0,6152887808.0
TMC,2025-12-01 14:21:33,0.8541322314049586,6.96,19.382507,1.872776310610588,9469117.0,3722453248.0
TSEM,2025-12-01 14:21:33,0.8758264462809917,108.11,4.494492,1.165274460878506,1401493.0,12121704448.0
UPST,2025-12-01 14:21:33,0.7661157024793389,44.96,6.8949165,0.5180969725507576,7220600.0,4374000128.0
VRT,2025-12-01 14:21:33,0.752892561983471,179.73,4.48203,0.5324363025329996,7624636.0,68717662208.0
WLK,2025-12-01 14:21:33,0.7301652892561984,66.81,3.22929,0.838888094863579,1252409.0,8569929216.0
AAUC,2025-12-01 14:21:34,0.9365702479338844,21.11,9.89069,3.16243213897937,368400.0,2617640192.0
AG,2025-12-01 14:21:34,0.8419421487603306,15.23,12.7313,0.9393932473605762,21281160.0,7468122624.0
APLD,2025-12-01 14:21:34,0.7851239669421487,27.1,8.660785,0.6498372775006054,30615926.0,7579487744.0
BE,2025-12-01 14:21:34,0.802892561983471,109.24,8.0087,0.5301981285086476,15046396.0,25836433408.0
BKV,2025-12-01 14:21:34,0.7225206611570248,27.61,4.62297,0.5589700967974924,578734.0,2484086784.0
BLTE,2025-12-01 14:21:34,0.890909090909091,137.44,6.0330253,0.8335067637877211,90334.0,4795418112.0
BMA,2025-12-01 14:21:34,0.7677685950413222,85.78,4.34254,0.5864647179735579,805155.0,6047105536.0
BMNR,2025-12-01 14:21:34,0.765702479338843,33.12,4.34782,1.1377685274380027,45146690.0,12720325632.0
CAAP,2025-12-01 14:21:34,0.8541322314049586,25.35,5.23039,1.0523355154144447,232347.0,4135035392.0
CDE,2025-12-01 14:21:34,0.8055785123966941,17.27,6.67078,0.9834762694288772,17467363.0,11091102720.0
CEF,2025-12-01 14:21:34,0.7138429752066116,41.44,3.31588,0.8070358714980318,1160169.0,8026056704.0
CEPU,2025-12-01 14:21:34,0.8231404958677685,15.9,6.9267,0.7727945246635018,485961.0,2714722816.0
CHA,2025-12-01 14:21:34,0.7948347107438016,14.99,6.0863385,0.817800056904647,847031.0,2784429824.0
CLSK,2025-12-01 14:21:34,0.8421487603305785,15.1,12.267663,1.0709478067830995,34286007.0,4036770304.0
CMBT,2025-12-01 14:21:34,0.8388429752066116,10.94,7.99605,1.6254967569545973,2499965.0,3244055296.0
COHR,2025-12-01 14:21:34,0.9382231404958676,164.26,6.66233,1.155708452685184,4137277.0,25814052864.0
COIN,2025-12-01 14:21:34,0.7059917355371901,272.82,2.9626017,0.6706058853862292,9717663.0,73564225536.0
CRCL,2025-12-01 14:21:34,0.930578512396694,79.93,10.0358,1.6343112393924402,13617293.0,20337199104.0
CRDO,2025-12-01 14:21:34,0.9212809917355372,177.6,8.2860775,0.9096866602382786,6227585.0,30724020224.0
CVNA,2025-12-01 14:21:34,0.8557851239669421,374.5,4.80509,0.7483794061176476,3051042.0,81192886272.0
ERO,2025-12-01 14:21:34,0.8487603305785123,25.37,4.92142,1.760205347007003,991882.0,2642391296.0
EXK,2025-12-01 14:21:34,0.8322314049586776,9.93,15.1972,0.9491083043956215,14521996.0,2921182720.0
FLUT,2025-12-01 14:21:34,0.7935950413223141,208.81,4.44678,0.6046370258557392,2635353.0,36533956608.0
FOUR,2025-12-01 14:21:34,0.7894628099173554,73.78,5.14465,0.576955319356699,2171052.0,6538327040.0
GME,2025-12-01 14:21:34,0.7289256198347107,22.53,4.16089,0.9810351249802924,8239179.0,10091383808.0
IBRX,2025-12-01 14:21:34,0.7378099173553719,2.36,10.798112,1.3945829298484014,9848571.0,2324517632.0
IE,2025-12-01 14:21:34,0.871900826446281,14.31,10.4167,0.981051085600039,2174742.0,2070868608.0
INTC,2025-12-01 14:21:34,0.7863636363636364,40.56,10.277332,0.634461816884431,110636349.0,193471201280.0
KSPI,2025-12-01 14:21:34,0.8148760330578513,77.31,4.47297,0.7469335336288586,596452.0,15555332096.0
LITE,2025-12-01 14:21:34,0.7200413223140496,325.16,5.4755435,0.3933659927902708,4240936.0,23057938432.0
MTSI,2025-12-01 14:21:34,0.7991735537190083,174.99,4.123532,0.7449709750588279,1060295.0,13112521728.0
NGD,2025-12-01 14:21:34,0.7330578512396694,8.35,6.50511,0.9436562798033326,21005411.0,6653964288.0
PAAS,2025-12-01 14:21:34,0.8940082644628099,45.67,7.23174,1.1058366199781482,6634679.0,19274885120.0
PAGS,2025-12-01 14:21:34,0.7049586776859504,10.48,4.8,0.8606718452011642,4759519.0,3058813696.0
PRAX,2025-12-01 14:21:34,0.8146694214876034,196.46,4.200699,0.7557611992508948,937652.0,4912909312.0
PSTG,2025-12-01 14:21:34,0.7820247933884298,88.96,3.71925,0.8560851168481931,2976426.0,29235509248.0
RGC,2025-12-01 14:21:34,0.6995867768595041,11.53,3.7803788,0.8961295694448175,186155.0,5701456896.0
SBSW,2025-12-01 14:21:34,0.7051652892561983,13.33,5.96184,0.6181676750833487,7839352.0,9575189504.0
SE,2025-12-01 14:21:34,0.7080578512396694,139.01,3.53791,0.5753219832353559,4498992.0,82296684544.0
SEZL,2025-12-01 14:21:34,0.8084710743801653,61.75,4.945615,0.6572573208467387,878382.0,2108954112.0
SKE,2025-12-01 14:21:34,0.8169421487603306,20.83,6.43843,0.7443316648542136,782549.0,2522374144.0
SMR,2025-12-01 14:21:34,0.7231404958677686,20.0,5.04201,0.7824813373708417,22863606.0,5656869888.0
SNDK,2025-12-01 14:21:34,0.8469008264462811,223.28,3.8318477,1.2630404339694967,10583601.0,32722395136.0
STNE,2025-12-01 14:21:34,0.800206611570248,16.85,5.775267,1.0807885967991788,5944787.0,4507786752.0
TEO,2025-12-01 14:21:34,0.731198347107438,12.62,4.99168,0.6810838283938376,360057.0,6152887808.0
TMC,2025-12-01 14:21:34,0.8541322314049586,6.96,19.382507,1.872776310610588,9469117.0,3722453248.0
TSEM,2025-12-01 14:21:34,0.8758264462809917,108.11,4.494492,1.165274460878506,1401493.0,12121704448.0
UPST,2025-12-01 14:21:34,0.7661157024793389,44.96,6.8949165,0.5180969725507576,7220600.0,4374000128.0
VRT,2025-12-01 14:21:34,0.752892561983471,179.73,4.48203,0.5324363025329996,7624636.0,68717662208.0
WLK,2025-12-01 14:21:34,0.7301652892561984,66.81,3.22929,0.838888094863579,1252409.0,8569929216.0
AG,2025-12-01 14:48:41,0.5682926829268293,15.62,2.6281183,0.2409886961049115,21281160.0,7659361792.0
AIR.PA,2025-12-01 14:48:41,,,,,,
AMZN,2025-12-01 14:48:41,0.4951219512195121,234.39,0.50167143,0.1348049488473028,48638882.0,2505679831040.0
ARWR,2025-12-01 14:48:41,0.6524390243902439,55.44,5.199237,0.1114914953820586,2387644.0,7664998400.0
ASH,2025-12-01 14:48:41,0.8780487804878048,56.29,7.259911,0.2559613864661612,722441.0,2573472512.0
BBAI,2025-12-01 14:48:41,0.1195121951219512,6.0658,-4.1737714,0.057647523092037,117731060.0,2648032512.0
BBWI,2025-12-01 14:48:41,0.7,18.27,4.9396935,0.2099136826193024,7915787.0,3740263680.0
BHC,2025-12-01 14:48:41,0.8256097560975609,7.03,11.068074,0.4883147087703047,2193698.0,2607776768.0
BMNR,2025-12-01 14:48:41,0.4658536585365853,30.56,-7.840773,0.2552801323862281,45146690.0,11737111552.0
BTC-CAD,2025-12-01 14:48:41,,,,,,
BTC-USD,2025-12-01 14:48:41,,,,,,
CAI,2025-12-01 14:48:41,0.7451219512195122,26.5168,3.8652534,0.3638770612217292,1005411.0,7481633280.0
CHYM,2025-12-01 14:48:41,0.8060975609756098,22.44,6.199723,0.2953730118012061,3631239.0,8405530112.0
CIFR,2025-12-01 14:48:41,0.2987804878048781,19.9462,-2.0083525,0.1327409915673311,52247990.0,7880585216.0
CLSK,2025-12-01 14:48:41,0.4658536585365853,14.83,-1.8530757,0.3291335733554508,34286007.0,3964589568.0
CPNG,2025-12-01 14:48:41,,,,,,
DK,2025-12-01 14:48:41,0.5073170731707317,40.35,4.3444543,0.0349266924097984,1723696.0,2427149568.0
DRCT,2025-12-01 14:48:41,,,,,,
EDU,2025-12-01 14:48:41,0.6378048780487804,54.31,6.199887,0.0614551758108517,1055680.0,9054136320.0
ERO,2025-12-01 14:48:41,0.8182926829268293,26.61,4.8876615,0.3749831129106083,991882.0,2771542528.0
ETH-USD,2025-12-01 14:48:41,,,,,,
F,2025-12-01 14:48:41,0.2439024390243902,13.31,0.22590879,0.0658487135949779,92075861.0,53033680896.0
GOOGL,2025-12-01 14:48:41,0.5634146341463415,315.13,-1.5771356,0.1610823282197362,38322534.0,3816892923904.0
GSHD,2025-12-01 14:48:41,0.6731707317073171,75.61,5.67435,0.0833199850499225,337122.0,2839765504.0
HBI,2025-12-01 14:48:41,0.5097560975609756,6.47,-1.8209409,12.199470639272452,8540490.0,2289099776.0
INTC,2025-12-01 14:48:41,0.4109756097560976,39.965,-1.4669654,0.1427371215946397,110636349.0,190633050112.0
IPG,2025-12-01 14:48:41,0.552439024390244,24.57,-1.95531,10.559976939372277,7769086.0,8999164928.0
LVS,2025-12-01 14:48:41,0.5207317073170732,70.195,2.985835,0.0892604048100824,5632419.0,48185614336.0
MARA,2025-12-01 14:48:41,0.3,11.175,-5.376801,0.1408017287627202,56075249.0,4226210304.0
MLCO,2025-12-01 14:48:41,0.5804878048780489,9.4992,4.2722306,0.1517801148051833,2458774.0,3710976512.0
NFE,2025-12-01 14:48:41,,,,,,
NIO,2025-12-01 14:48:41,0.2280487804878049,5.26,-4.363632,0.1398474743048866,71268123.0,13300748288.0
NTES,2025-12-01 14:48:41,0.7792682926829267,143.6,4.0202847,0.1782853089156187,702004.0,92365242368.0
NVDA,2025-12-01 14:48:41,0.5585365853658537,178.135,0.6526154,0.1611090993512955,191772396.0,4329571090432.0
ONDS,2025-12-01 14:48:41,0.2536585365853658,7.735,-2.08866,0.1373177668473846,73785696.0,2881724416.0
OPEN,2025-12-01 14:48:41,0.1207317073170731,7.42,-3.6364548,0.0375926787010017,219273547.0,7077107712.0
PBF,2025-12-01 14:48:41,0.4414634146341463,35.61,3.2772653,0.0463927672236209,3058300.0,4125329152.0
PFE,2025-12-01 14:48:41,0.3036585365853659,25.87,0.50505465,0.0787588093946601,67800771.0,147089260544.0
PLTR,2025-12-01 14:48:41,0.4256097560975609,166.6556,-1.0652437,0.0937105013249647,55550914.0,397212975104.0
PLUG,2025-12-01 14:48:41,0.1060975609756097,1.96,-2.4875598,0.0610226809296526,128108285.0,2727197440.0
RGC,2025-12-01 14:48:41,0.5609756097560975,11.8,2.3417213,0.1854852139346243,186155.0,5834969088.0
SNAP,2025-12-01 14:48:41,0.373170731707317,7.5907,-1.1627562,0.1740217517168505,92180126.0,13051136000.0
SNPS,2025-12-01 14:48:41,0.8670731707317073,433.06,3.6003892,0.5244885707902116,3030087.0,80440320000.0
SOFI,2025-12-01 14:48:41,0.3317073170731707,29.2324,-1.6402214,0.1133966365871291,72531922.0,35251441664.0
TSLA,2025-12-01 14:48:41,0.4719512195121951,427.19,-0.6927519,0.0948602882917399,89430658.0,1420756647936.0
USAC,2025-12-01 14:48:41,0.724390243902439,26.0272,3.0780225,0.371164229835652,262431.0,3193159424.0
WBUY,2025-12-01 14:48:41,,,,,,
WULF,2025-12-01 14:48:41,0.3524390243902439,15.445,-0.4190879,0.1407751107613807,43055395.0,6466541568.0
WYNN,2025-12-01 14:48:41,0.7621951219512195,133.63,3.8467612,0.1855379268186391,1686577.0,13894383616.0
XRP-USD,2025-12-01 14:48:41,,,,,,
AG,2025-12-01 14:48:42,0.5682926829268293,15.62,2.6281183,0.2409886961049115,21281160.0,7659361792.0
AIR.PA,2025-12-01 14:48:42,,,,,,
AMZN,2025-12-01 14:48:42,0.4951219512195121,234.39,0.50167143,0.1348049488473028,48638882.0,2505679831040.0
ARWR,2025-12-01 14:48:42,0.6524390243902439,55.44,5.199237,0.1114914953820586,2387644.0,7664998400.0
ASH,2025-12-01 14:48:42,0.8780487804878048,56.29,7.259911,0.2559613864661612,722441.0,2573472512.0
BBAI,2025-12-01 14:48:42,0.1195121951219512,6.0658,-4.1737714,0.057647523092037,117731060.0,2648032512.0
BBWI,2025-12-01 14:48:42,0.7,18.27,4.9396935,0.2099136826193024,7915787.0,3740263680.0
BHC,2025-12-01 14:48:42,0.8256097560975609,7.03,11.068074,0.4883147087703047,2193698.0,2607776768.0
BMNR,2025-12-01 14:48:42,0.4658536585365853,30.56,-7.840773,0.2552801323862281,45146690.0,11737111552.0
BTC-CAD,2025-12-01 14:48:42,,,,,,
BTC-USD,2025-12-01 14:48:42,,,,,,
CAI,2025-12-01 14:48:42,0.7451219512195122,26.5168,3.8652534,0.3638770612217292,1005411.0,7481633280.0
CHYM,2025-12-01 14:48:42,0.8060975609756098,22.44,6.199723,0.2953730118012061,3631239.0,8405530112.0
CIFR,2025-12-01 14:48:42,0.2987804878048781,19.9462,-2.0083525,0.1327409915673311,52247990.0,7880585216.0
CLSK,2025-12-01 14:48:42,0.4658536585365853,14.83,-1.8530757,0.3291335733554508,34286007.0,3964589568.0
CPNG,2025-12-01 14:48:42,,,,,,
DK,2025-12-01 14:48:42,0.5073170731707317,40.35,4.3444543,0.0349266924097984,1723696.0,2427149568.0
DRCT,2025-12-01 14:48:42,,,,,,
EDU,2025-12-01 14:48:42,0.6378048780487804,54.31,6.199887,0.0614551758108517,1055680.0,9054136320.0
ERO,2025-12-01 14:48:42,0.8182926829268293,26.61,4.8876615,0.3749831129106083,991882.0,2771542528.0
ETH-USD,2025-12-01 14:48:42,,,,,,
F,2025-12-01 14:48:42,0.2439024390243902,13.31,0.22590879,0.0658487135949779,92075861.0,53033680896.0
GOOGL,2025-12-01 14:48:42,0.5634146341463415,315.13,-1.5771356,0.1610823282197362,38322534.0,3816892923904.0
GSHD,2025-12-01 14:48:42,0.6731707317073171,75.61,5.67435,0.0833199850499225,337122.0,2839765504.0
HBI,2025-12-01 14:48:42,0.5097560975609756,6.47,-1.8209409,12.199470639272452,8540490.0,2289099776.0
INTC,2025-12-01 14:48:42,0.4109756097560976,39.965,-1.4669654,0.1427371215946397,110636349.0,190633050112.0
IPG,2025-12-01 14:48:42,0.552439024390244,24.57,-1.95531,10.559976939372277,7769086.0,8999164928.0
LVS,2025-12-01 14:48:42,0.5207317073170732,70.195,2.985835,0.0892604048100824,5632419.0,48185614336.0
MARA,2025-12-01 14:48:42,0.3,11.175,-5.376801,0.1408017287627202,56075249.0,4226210304.0
MLCO,2025-12-01 14:48:42,0.5804878048780489,9.4992,4.2722306,0.1517801148051833,2458774.0,3710976512.0
NFE,2025-12-01 14:48:42,,,,,,
NIO,2025-12-01 14:48:42,0.2280487804878049,5.26,-4.363632,0.1398474743048866,71268123.0,13300748288.0
NTES,2025-12-01 14:48:42,0.7792682926829267,143.6,4.0202847,0.1782853089156187,702004.0,92365242368.0
NVDA,2025-12-01 14:48:42,0.5585365853658537,178.135,0.6526154,0.1611090993512955,191772396.0,4329571090432.0
ONDS,2025-12-01 14:48:42,0.2536585365853658,7.735,-2.08866,0.1373177668473846,73785696.0,2881724416.0
OPEN,2025-12-01 14:48:42,0.1207317073170731,7.42,-3.6364548,0.0375926787010017,219273547.0,7077107712.0
PBF,2025-12-01 14:48:42,0.4414634146341463,35.61,3.2772653,0.0463927672236209,3058300.0,4125329152.0
PFE,2025-12-01 14:48:42,0.3036585365853659,25.87,0.50505465,0.0787588093946601,67800771.0,147089260544.0
PLTR,2025-12-01 14:48:42,0.4256097560975609,166.6556,-1.0652437,0.0937105013249647,55550914.0,397212975104.0
PLUG,2025-12-01 14:48:42,0.1060975609756097,1.96,-2.4875598,0.0610226809296526,128108285.0,2727197440.0
RGC,2025-12-01 14:48:42,0.5609756097560975,11.8,2.3417213,0.1854852139346243,186155.0,5834969088.0
SNAP,2025-12-01 14:48:42,0.373170731707317,7.5907,-1.1627562,0.1740217517168505,92180126.0,13051136000.0
SNPS,2025-12-01 14:48:42,0.8670731707317073,433.06,3.6003892,0.5244885707902116,3030087.0,80440320000.0
SOFI,2025-12-01 14:48:42,0.3317073170731707,29.2324,-1.6402214,0.1133966365871291,72531922.0,35251441664.0
TSLA,2025-12-01 14:48:42,0.4719512195121951,427.19,-0.6927519,0.0948602882917399,89430658.0,1420756647936.0
USAC,2025-12-01 14:48:42,0.724390243902439,26.0272,3.0780225,0.371164229835652,262431.0,3193159424.0
WBUY,2025-12-01 14:48:42,,,,,,
WULF,2025-12-01 14:48:42,0.3524390243902439,15.445,-0.4190879,0.1407751107613807,43055395.0,6466541568.0
WYNN,2025-12-01 14:48:42,0.7621951219512195,133.63,3.8467612,0.1855379268186391,1686577.0,13894383616.0
XRP-USD,2025-12-01 14:48:42,,,,,,
AG,2025-12-01 15:21:43,0.5980519480519481,15.4699,1.5751845,0.3941633350813583,21281160.0,7585759232.0
ALAB,2025-12-01 15:21:43,0.7999999999999999,163.065,3.4873357,0.2886016659360763,6312247.0,27542267904.0
AMD,2025-12-01 15:21:43,0.422077922077922,216.7816,-0.29820713,0.1731317056015311,59143650.0,352929480704.0
AMZN,2025-12-01 15:21:43,0.4253246753246753,233.26,0.017148308,0.2009765356037583,48638882.0,2493599711232.0
ANF,2025-12-01 15:21:43,0.8350649350649351,101.915,4.133032,0.3980271393766905,2032987.0,4673414144.0
APA,2025-12-01 15:21:43,0.4785714285714285,25.705,2.9435349,0.1405653323426955,7386487.0,9196901376.0
ARWR,2025-12-01 15:21:43,0.6824675324675324,54.335,3.1024635,0.2365629046876335,2387644.0,7512223744.0
ASH,2025-12-01 15:21:43,0.9155844155844156,57.005,8.611985,0.6021585153666528,722441.0,2606160896.0
AVGO,2025-12-01 15:21:43,0.561038961038961,390.3,-3.141752,0.2590871240058215,24542501.0,1843138920448.0
B,2025-12-01 15:21:43,0.7142857142857143,42.69,3.2655985,0.3676662815553014,21974596.0,72992309248.0
BABA,2025-12-01 15:21:43,0.7305194805194806,161.9205,2.9373798,0.2875290227538181,19124219.0,386341732352.0
BBWI,2025-12-01 15:21:43,0.8324675324675325,18.655,7.1510673,0.6254117246964831,7915787.0,3819081472.0
BHC,2025-12-01 15:21:43,0.8512987012987012,7.2599,14.329138,1.0117304205045543,2193698.0,2693058048.0
BLTE,2025-12-01 15:21:43,0.9272727272727272,143.74,4.5838203,4.479033365067417,90334.0,5015231488.0
BMNR,2025-12-01 15:21:43,0.4727272727272728,29.94,-9.601445,0.3840822660531702,45146690.0,11498990592.0
CAI,2025-12-01 15:21:43,0.8792207792207792,26.91,5.4054017,0.8089915467405867,1005411.0,7592573440.0
CAVA,2025-12-01 15:21:43,0.6857142857142857,50.59,3.4771953,0.2205523285504373,4278649.0,5867737600.0
CDE,2025-12-01 15:21:43,0.498051948051948,17.275,0.02894708,0.361230885280165,17467363.0,11094312960.0
CHA,2025-12-01 15:21:43,0.6766233766233766,15.51,3.4689825,0.2631308653402295,847031.0,2881021184.0
CHYM,2025-12-01 15:21:43,0.811038961038961,22.22,5.158543,0.4772112218446651,3631239.0,8323122688.0
CLSK,2025-12-01 15:21:43,0.4798701298701299,14.45,-4.367967,0.4871580408882259,34286007.0,3863001856.0
CPNG,2025-12-01 15:21:43,0.537012987012987,26.62,-5.4687467,0.7689167659209962,11328641.0,48625360896.0
CRCL,2025-12-01 15:21:43,0.5818181818181818,78.1999,-2.1645222,0.3902397488252621,13617293.0,19896995840.0
CRWV,2025-12-01 15:21:43,0.4155844155844156,73.1,-0.027358139,0.2122056561890604,30192838.0,36427010048.0
DECK,2025-12-01 15:21:43,0.7025974025974027,90.7,3.0330548,0.244934080729883,3798965.0,13454742528.0
DK,2025-12-01 15:21:43,0.4532467532467532,39.69,2.6377048,0.0758822901486108,1723696.0,2387449088.0
EDU,2025-12-01 15:21:43,0.6688311688311689,53.52,4.6538935,0.1779990148529857,1055680.0,8922433536.0
EXK,2025-12-01 15:21:43,0.4681818181818182,9.46,-4.7331343,0.5712021267599854,14521996.0,2782919168.0
FANG,2025-12-01 15:21:43,0.7993506493506493,157.63,3.3029745,0.3265997033149478,1832246.0,45631696896.0
GOOG,2025-12-01 15:21:43,0.6350649350649351,317.28,-0.8871662,0.2896732006581667,24457026.0,3830151380992.0
GOOGL,2025-12-01 15:21:43,0.5915584415584415,317.31,-0.8963693,0.2589094969554988,38322534.0,3843297378304.0
HBI,2025-12-01 15:21:43,0.5383116883116883,6.47,-1.8209409,12.199470639272452,8540490.0,2289099776.0
HL,2025-12-01 15:21:43,0.4935064935064935,17.0,1.0701565,0.2284940927266641,23523374.0,11391677440.0
HOOD,2025-12-01 15:21:43,0.4876623376623377,121.9,-5.1288066,0.2410133227401132,35715926.0,109611122688.0
IBRX,2025-12-01 15:21:43,0.5753246753246752,2.3765,0.6991524,0.8371130187313469,9848571.0,2340769536.0
IPG,2025-12-01 15:21:43,0.5928571428571429,24.57,-1.95531,10.559976939372277,7769086.0,8999164928.0
JBHT,2025-12-01 15:21:43,0.5896103896103896,179.365,3.1070352,0.1277195236607542,1363566.0,17362403328.0
MSTR,2025-12-01 15:21:43,0.5863636363636363,161.63,-8.776379,0.5793786816291078,13514907.0,46444986368.0
NTES,2025-12-01 15:21:43,0.9006493506493507,144.91,4.9692144,0.3981487284972735,702004.0,93207846912.0
NVDA,2025-12-01 15:21:43,0.6318181818181818,178.58,0.9040604,0.2689232083224324,191772396.0,4340387151872.0
ODFL,2025-12-01 15:21:43,0.6935064935064935,141.715,4.74906,0.1688777163222327,2074128.0,29783977984.0
PLTR,2025-12-01 15:21:43,0.4194805194805195,166.7809,-0.9908031,0.1485754311801242,55550914.0,397511655424.0
PSLV,2025-12-01 15:21:43,0.487012987012987,19.105,2.439678,0.1889923929175632,30768958.0,11097984000.0
RGC,2025-12-01 15:21:43,0.7396103896103896,12.1,4.9414887,0.2742929279363971,186155.0,5983315968.0
RIVN,2025-12-01 15:21:43,0.4766233766233766,17.25,2.3131635,0.1956492083574702,49964976.0,21147000832.0
RXO,2025-12-01 15:21:43,0.4103896103896104,13.62,3.0257156,0.0657382500928961,2139485.0,2235203584.0
SAIA,2025-12-01 15:21:43,0.648051948051948,294.79,4.698825,0.1129340475459667,504985.0,7853984256.0
SMR,2025-12-01 15:21:43,0.4149350649350649,18.545,-7.275,0.2594880702545346,22863606.0,5245332480.0
SNPS,2025-12-01 15:21:43,0.9097402597402596,435.0353,4.0729403,0.765097503801046,3030087.0,80807231488.0
TSLA,2025-12-01 15:21:43,0.4097402597402597,430.087,-0.019296514,0.1882528472506598,89430658.0,1430391619584.0
AG,2025-12-01 15:21:44,0.5980519480519481,15.4699,1.5751845,0.3941633350813583,21281160.0,7585759232.0
ALAB,2025-12-01 15:21:44,0.7999999999999999,163.065,3.4873357,0.2886016659360763,6312247.0,27542267904.0
AMD,2025-12-01 15:21:44,0.422077922077922,216.7816,-0.29820713,0.1731317056015311,59143650.0,352929480704.0
AMZN,2025-12-01 15:21:44,0.4253246753246753,233.26,0.017148308,0.2009765356037583,48638882.0,2493599711232.0
ANF,2025-12-01 15:21:44,0.8350649350649351,101.915,4.133032,0.3980271393766905,2032987.0,4673414144.0
APA,2025-12-01 15:21:44,0.4785714285714285,25.705,2.9435349,0.1405653323426955,7386487.0,9196901376.0
ARWR,2025-12-01 15:21:44,0.6824675324675324,54.335,3.1024635,0.2365629046876335,2387644.0,7512223744.0
ASH,2025-12-01 15:21:44,0.9155844155844156,57.005,8.611985,0.6021585153666528,722441.0,2606160896.0
AVGO,2025-12-01 15:21:44,0.561038961038961,390.3,-3.141752,0.2590871240058215,24542501.0,1843138920448.0
B,2025-12-01 15:21:44,0.7142857142857143,42.69,3.2655985,0.3676662815553014,21974596.0,72992309248.0
BABA,2025-12-01 15:21:44,0.7305194805194806,161.9205,2.9373798,0.2875290227538181,19124219.0,386341732352.0
BBWI,2025-12-01 15:21:44,0.8324675324675325,18.655,7.1510673,0.6254117246964831,7915787.0,3819081472.0
BHC,2025-12-01 15:21:44,0.8512987012987012,7.2599,14.329138,1.0117304205045543,2193698.0,2693058048.0
BLTE,2025-12-01 15:21:44,0.9272727272727272,143.74,4.5838203,4.479033365067417,90334.0,5015231488.0
BMNR,2025-12-01 15:21:44,0.4727272727272728,29.94,-9.601445,0.3840822660531702,45146690.0,11498990592.0
CAI,2025-12-01 15:21:44,0.8792207792207792,26.91,5.4054017,0.8089915467405867,1005411.0,7592573440.0
CAVA,2025-12-01 15:21:44,0.6857142857142857,50.59,3.4771953,0.2205523285504373,4278649.0,5867737600.0
CDE,2025-12-01 15:21:44,0.498051948051948,17.275,0.02894708,0.361230885280165,17467363.0,11094312960.0
CHA,2025-12-01 15:21:44,0.6766233766233766,15.51,3.4689825,0.2631308653402295,847031.0,2881021184.0
CHYM,2025-12-01 15:21:44,0.811038961038961,22.22,5.158543,0.4772112218446651,3631239.0,8323122688.0
CLSK,2025-12-01 15:21:44,0.4798701298701299,14.45,-4.367967,0.4871580408882259,34286007.0,3863001856.0
CPNG,2025-12-01 15:21:44,0.537012987012987,26.62,-5.4687467,0.7689167659209962,11328641.0,48625360896.0
CRCL,2025-12-01 15:21:44,0.5818181818181818,78.1999,-2.1645222,0.3902397488252621,13617293.0,19896995840.0
CRWV,2025-12-01 15:21:44,0.4155844155844156,73.1,-0.027358139,0.2122056561890604,30192838.0,36427010048.0
DECK,2025-12-01 15:21:44,0.7025974025974027,90.7,3.0330548,0.244934080729883,3798965.0,13454742528.0
DK,2025-12-01 15:21:44,0.4532467532467532,39.69,2.6377048,0.0758822901486108,1723696.0,2387449088.0
EDU,2025-12-01 15:21:44,0.6688311688311689,53.52,4.6538935,0.1779990148529857,1055680.0,8922433536.0
EXK,2025-12-01 15:21:44,0.4681818181818182,9.46,-4.7331343,0.5712021267599854,14521996.0,2782919168.0
FANG,2025-12-01 15:21:44,0.7993506493506493,157.63,3.3029745,0.3265997033149478,1832246.0,45631696896.0
GOOG,2025-12-01 15:21:44,0.6350649350649351,317.28,-0.8871662,0.2896732006581667,24457026.0,3830151380992.0
GOOGL,2025-12-01 15:21:44,0.5915584415584415,317.31,-0.8963693,0.2589094969554988,38322534.0,3843297378304.0
HBI,2025-12-01 15:21:44,0.5383116883116883,6.47,-1.8209409,12.199470639272452,8540490.0,2289099776.0
HL,2025-12-01 15:21:44,0.4935064935064935,17.0,1.0701565,0.2284940927266641,23523374.0,11391677440.0
HOOD,2025-12-01 15:21:44,0.4876623376623377,121.9,-5.1288066,0.2410133227401132,35715926.0,109611122688.0
IBRX,2025-12-01 15:21:44,0.5753246753246752,2.3765,0.6991524,0.8371130187313469,9848571.0,2340769536.0
IPG,2025-12-01 15:21:44,0.5928571428571429,24.57,-1.95531,10.559976939372277,7769086.0,8999164928.0
JBHT,2025-12-01 15:21:44,0.5896103896103896,179.365,3.1070352,0.1277195236607542,1363566.0,17362403328.0
MSTR,2025-12-01 15:21:44,0.5863636363636363,161.63,-8.776379,0.5793786816291078,13514907.0,46444986368.0
NTES,2025-12-01 15:21:44,0.9006493506493507,144.91,4.9692144,0.3981487284972735,702004.0,93207846912.0
NVDA,2025-12-01 15:21:44,0.6318181818181818,178.58,0.9040604,0.2689232083224324,191772396.0,4340387151872.0
ODFL,2025-12-01 15:21:44,0.6935064935064935,141.715,4.74906,0.1688777163222327,2074128.0,29783977984.0
PLTR,2025-12-01 15:21:44,0.4194805194805195,166.7809,-0.9908031,0.1485754311801242,55550914.0,397511655424.0
PSLV,2025-12-01 15:21:44,0.487012987012987,19.105,2.439678,0.1889923929175632,30768958.0,11097984000.0
RGC,2025-12-01 15:21:44,0.7396103896103896,12.1,4.9414887,0.2742929279363971,186155.0,5983315968.0
RIVN,2025-12-01 15:21:44,0.4766233766233766,17.25,2.3131635,0.1956492083574702,49964976.0,21147000832.0
RXO,2025-12-01 15:21:44,0.4103896103896104,13.62,3.0257156,0.0657382500928961,2139485.0,2235203584.0
SAIA,2025-12-01 15:21:44,0.648051948051948,294.79,4.698825,0.1129340475459667,504985.0,7853984256.0
SMR,2025-12-01 15:21:44,0.4149350649350649,18.545,-7.275,0.2594880702545346,22863606.0,5245332480.0
SNPS,2025-12-01 15:21:44,0.9097402597402596,435.0353,4.0729403,0.765097503801046,3030087.0,80807231488.0
TSLA,2025-12-01 15:21:44,0.4097402597402597,430.087,-0.019296514,0.1882528472506598,89430658.0,1430391619584.0
AG,2025-12-01 15:45:32,0.651578947368421,15.6548,2.7892375,0.4806878478428807,21281160.0,7676426240.0
ALAB,2025-12-01 15:45:32,0.8257894736842104,164.522,4.4120045,0.3338926692824283,6312247.0,27788361728.0
AMZN,2025-12-01 15:45:32,0.4942105263157894,232.7143,-0.2168368,0.2386944667025858,48638882.0,2487765958656.0
ANF,2025-12-01 15:45:32,0.8510526315789473,102.125,4.347601,0.5003332534836671,2032987.0,4683043840.0
ARWR,2025-12-01 15:45:32,0.7394736842105263,54.8315,4.0489335,0.292335457044685,2387644.0,7580869120.0
ASH,2025-12-01 15:45:32,0.9257894736842104,57.19,8.964462,0.7184918906872672,722441.0,2614618880.0
AVGO,2025-12-01 15:45:32,0.5868421052631578,391.93,-2.7372441,0.2981485057288986,24542501.0,1850836516864.0
B,2025-12-01 15:45:32,0.7089473684210527,42.525,2.8664765,0.4371919738592691,21974596.0,72710201344.0
BABA,2025-12-01 15:45:32,0.7689473684210526,162.024,3.003178,0.3398122558625793,19124219.0,386588672000.0
BBWI,2025-12-01 15:45:32,0.8463157894736842,18.81,8.041354,0.8686768605572636,7915787.0,3850813184.0
BHC,2025-12-01 15:45:32,0.8510526315789473,7.18,13.070865,1.2844662300827188,2193698.0,2663418880.0
BLTE,2025-12-01 15:45:32,0.9710526315789474,146.59,6.657446,4.799909225762171,90334.0,5114670592.0
BMNR,2025-12-01 15:45:32,0.513157894736842,29.0762,-12.209537,0.5639703818818168,45146690.0,11167233024.0
CAI,2025-12-01 15:45:32,0.8773684210526316,26.96,5.6012473,0.9796789571627922,1005411.0,7606680576.0
CAVA,2025-12-01 15:45:32,0.7073684210526315,50.65,3.5999227,0.2848826814258426,4278649.0,5874697216.0
CDE,2025-12-01 15:45:32,0.5184210526315789,17.235,-0.20266269,0.4139419899844069,17467363.0,11068624896.0
CHA,2025-12-01 15:45:32,0.7768421052631579,15.745,5.036692,0.4578297606581105,847031.0,2924673024.0
CHYM,2025-12-01 15:45:32,0.7905263157894736,22.145,4.803603,0.5570454051633617,3631239.0,8295029760.0
CLSK,2025-12-01 15:45:32,0.481578947368421,14.06,-6.9490356,0.5845061514453987,34286007.0,3758741248.0
CPNG,2025-12-01 15:45:32,0.5678947368421052,26.655,-5.344457,0.90130184194203,11328641.0,48689291264.0
CRCL,2025-12-01 15:45:32,0.5726315789473684,75.4,-5.6674576,0.5164714455362016,13617293.0,19184596992.0
DECK,2025-12-01 15:45:32,0.7778947368421052,90.83,3.1807373,0.3430663351728694,3798965.0,13474027520.0
DK,2025-12-01 15:45:32,0.5221052631578947,40.08,3.6424797,0.1026213439028691,1723696.0,2410908672.0
EDU,2025-12-01 15:45:32,0.6947368421052631,53.13,3.891282,0.2362240451652015,1055680.0,8857415680.0
EXK,2025-12-01 15:45:32,0.4936842105263158,9.48,-4.5317297,0.6555666314740756,14521996.0,2788802560.0
GOOG,2025-12-01 15:45:32,0.6268421052631579,317.7437,-0.7423097,0.3327499835834496,24457026.0,3835749203968.0
GOOGL,2025-12-01 15:45:32,0.6110526315789474,317.74,-0.7620721,0.3153497104340751,38322534.0,3848505393152.0
HBI,2025-12-01 15:45:32,0.5531578947368422,6.47,-1.8209409,12.199470639272452,8540490.0,2289099776.0
HL,2025-12-01 15:45:32,0.5578947368421052,17.04,1.307974,0.3152032527306669,23523374.0,11418482688.0
HOOD,2025-12-01 15:45:32,0.5447368421052632,119.04,-7.3546615,0.3564764077515447,35715926.0,107039440896.0
IBRX,2025-12-01 15:45:32,0.5247368421052631,2.345,-0.63666666,0.9805493609174366,9848571.0,2309743360.0
IPG,2025-12-01 15:45:32,0.5968421052631578,24.57,-1.95531,10.559976939372277,7769086.0,8999164928.0
JBHT,2025-12-01 15:45:32,0.641578947368421,180.04,3.4950485,0.1919269034282169,1363566.0,17427742720.0
MRVL,2025-12-01 15:45:32,0.5921052631578947,90.29,0.995525,0.2655913301703959,19923252.0,77848035328.0
MSFT,2025-12-01 15:45:32,0.5484210526315789,486.68,-1.0652181,0.2327515308099349,21777034.0,3617573306368.0
MSTR,2025-12-01 15:45:32,0.608421052631579,156.15,-11.869286,0.9010053121342232,13514907.0,44870283264.0
MU,2025-12-01 15:45:32,0.5110526315789473,235.9386,-0.23737901,0.2399851067807258,26420077.0,265513451520.0
NGD,2025-12-01 15:45:32,0.4863157894736842,8.395,0.538923,0.3028142129663637,21005411.0,6689824256.0
NTES,2025-12-01 15:45:32,0.894736842105263,145.11,5.114087,0.5120996461558623,702004.0,93336485888.0
NVDA,2025-12-01 15:45:32,0.7057894736842105,179.43,1.3842572,0.3394726110633774,191772396.0,4361045934080.0
ODFL,2025-12-01 15:45:32,0.7294736842105263,142.51,5.336685,0.2147177030540063,2074128.0,29951062016.0
PARR,2025-12-01 15:45:32,0.591578947368421,47.21,3.4173002,0.1979992474471591,1310207.0,2398961408.0
PSLV,2025-12-01 15:45:32,0.4905263157894736,19.155,2.7077806,0.2140143972376315,30768958.0,11127028736.0
RGC,2025-12-01 15:45:32,0.7705263157894736,12.2499,6.2437134,0.3376326179796406,186155.0,6057439232.0
RIVN,2025-12-01 15:45:32,0.5121052631578947,17.185,1.9276326,0.2419551047117485,49964976.0,21067315200.0
SAIA,2025-12-01 15:45:32,0.7315789473684211,299.61,6.4107075,0.2042793350297533,504985.0,7982401024.0
SNPS,2025-12-01 15:45:32,0.8931578947368419,432.64,3.4999173,0.855927239052872,3030087.0,80362307584.0
TSLA,2025-12-01 15:45:32,0.5473684210526315,427.35,-0.65555644,0.2359993258687641,89430658.0,1421288800256.0
UBER,2025-12-01 15:45:32,0.5257894736842105,85.885,-1.8905629,0.2954018059978657,17754949.0,179106185216.0
WYNN,2025-12-01 15:45:32,0.8389473684210526,133.69,3.8933868,0.3804421618461535,1686577.0,13900621824.0
AG,2025-12-01 15:57:24,0.640948275862069,15.6803,2.956666,0.5135792409812248,21281160.0,7688930304.0
ALAB,2025-12-01 15:57:24,0.8232758620689655,165.71,5.1659575,0.3537247512652784,6312247.0,27989018624.0
AMZN,2025-12-01 15:57:24,0.5241379310344828,234.03,0.3473105,0.258455920101124,48638882.0,2501831294976.0
ANF,2025-12-01 15:57:24,0.8642241379310345,102.5887,4.8191123,0.5494368630984852,2032987.0,4704307200.0
ARWR,2025-12-01 15:57:24,0.7827586206896552,55.425,5.170775,0.3241718614667848,2387644.0,7662924800.0
ASH,2025-12-01 15:57:24,0.9344827586206896,57.47,9.497952,0.7842716567858137,722441.0,2627419904.0
ATAT,2025-12-01 15:57:24,0.6913793103448276,39.63,3.283821,0.2914441801892475,1239963.0,5476309504.0
AVGO,2025-12-01 15:57:24,0.5625,392.47,-2.6032336,0.3129583655716261,24542501.0,1853386522624.0
B,2025-12-01 15:57:24,0.6900862068965518,42.5599,2.9508908,0.4668818939833979,21974596.0,72769863680.0
BABA,2025-12-01 15:57:24,0.7749999999999999,162.54,3.331208,0.3627626832761118,19124219.0,387819831296.0
BBWI,2025-12-01 15:57:24,0.875,19.13,9.879376,0.9734244996738796,7915787.0,3916324096.0
BHC,2025-12-01 15:57:24,0.8547413793103447,7.165,12.824549,1.381415308761735,2193698.0,2657854720.0
BLTE,2025-12-01 15:57:24,0.9762931034482758,147.355,7.214052,5.067527176921203,90334.0,5141362176.0
CAI,2025-12-01 15:57:24,0.8974137931034483,27.08,6.0653462,1.0934393994097935,1005411.0,7640538112.0
CAVA,2025-12-01 15:57:24,0.7556034482758621,51.19,4.7044373,0.3179176417602846,4278649.0,5937329152.0
CHA,2025-12-01 15:57:24,0.7814655172413792,15.77,5.2034736,0.5154699178660521,847031.0,2929316864.0
CHYM,2025-12-01 15:57:24,0.8375,22.4999,6.4832077,0.5951585670896352,3631239.0,8427967488.0
COIN,2025-12-01 15:57:24,0.6047413793103448,258.2,-5.358843,0.5486646326385264,9717663.0,69622038528.0
CPNG,2025-12-01 15:57:24,0.55,26.785,-4.8828125,0.9681428690343352,11328641.0,48926752768.0
CRCL,2025-12-01 15:57:24,0.5862068965517242,76.34,-4.491435,0.5596726897188744,13617293.0,19423766528.0
CRWV,2025-12-01 15:57:24,0.5314655172413792,73.6601,0.73875093,0.2706700840775551,30192838.0,36706119680.0
DECK,2025-12-01 15:57:24,0.7853448275862069,90.97,3.3397734,0.3780924541289535,3798965.0,13494795264.0
EDU,2025-12-01 15:57:24,0.6892241379310344,53.23,4.0868206,0.2488272961503486,1055680.0,8874086400.0
FANG,2025-12-01 15:57:24,0.7956896551724137,157.45,3.1850061,0.4154873308496785,1832246.0,45579587584.0
GIL,2025-12-01 15:57:24,0.8125,57.6,3.188819,0.7334995143631041,1208722.0,8593453056.0
GOOG,2025-12-01 15:57:24,0.5991379310344829,318.23,-0.5903895,0.3550531450553309,24457026.0,3841619656704.0
GOOGL,2025-12-01 15:57:24,0.584051724137931,318.16,-0.6308917,0.3386676883110078,38322534.0,3853592821760.0
GSHD,2025-12-01 15:57:24,0.8629310344827587,74.87,4.640111,0.5576912809012761,337122.0,2811972608.0
HBI,2025-12-01 15:57:24,0.5301724137931034,6.47,-1.8209409,12.199470639272452,8540490.0,2289099776.0
HL,2025-12-01 15:57:24,0.5543103448275862,17.125,1.8133193,0.3435265706356579,23523374.0,11475439616.0
HOOD,2025-12-01 15:57:24,0.5353448275862069,121.09,-5.7601066,0.3955857955355826,35715926.0,108882780160.0
IPG,2025-12-01 15:57:24,0.5775862068965517,24.57,-1.95531,10.559976939372277,7769086.0,8999164928.0
JBHT,2025-12-01 15:57:24,0.6478448275862069,179.63,3.259369,0.2072308931140846,1363566.0,17388054528.0
MENS,2025-12-01 15:57:24,0.5939655172413794,29.145,7.150734,0.0993678532143812,370009.0,2215826176.0
MRVL,2025-12-01 15:57:24,0.6232758620689656,90.885,1.6610745,0.2771095301108474,19923252.0,78361051136.0
MSTR,2025-12-01 15:57:24,0.6133620689655173,158.58,-10.497794,1.0411430134147428,13514907.0,45568552960.0
NE,2025-12-01 15:57:24,0.584051724137931,31.715,3.5760918,0.2053618969303427,2539176.0,5037824000.0
NTES,2025-12-01 15:57:24,0.8931034482758622,145.36,5.295181,0.5353459524447154,702004.0,93497294848.0
NVDA,2025-12-01 15:57:24,0.6767241379310345,179.635,1.5001688,0.3612248918243687,191772396.0,4366028505088.0
ODFL,2025-12-01 15:57:24,0.7827586206896552,142.36,5.2258167,0.2660332438499456,2074128.0,29919537152.0
PACS,2025-12-01 15:57:24,0.8056034482758619,34.7307,3.9507308,0.609890197229253,1635660.0,5439353344.0
RGC,2025-12-01 15:57:24,0.7702586206896552,12.22,5.984393,0.3671886331283071,186155.0,6042654208.0
SAIA,2025-12-01 15:57:24,0.7650862068965517,296.69,5.3736343,0.2442488390744279,504985.0,7904604672.0
SEI,2025-12-01 15:57:24,0.6155172413793104,49.8899,4.17603,0.1968639594532131,3712452.0,3581173248.0
SNPS,2025-12-01 15:57:24,0.8948275862068965,432.3,3.4185731,0.8995781309249536,3030087.0,80299147264.0
UBER,2025-12-01 15:57:24,0.5275862068965517,86.0925,-1.6539574,0.3264922360520438,17754949.0,179538903040.0
VNOM,2025-12-01 15:57:24,0.5254310344827586,37.69,3.175472,0.1739791412082128,1653020.0,12294689792.0
WRD,2025-12-01 15:57:24,0.5668103448275862,8.5083,3.25678,0.2826527108214382,7428763.0,2911586560.0
WYNN,2025-12-01 15:57:24,0.8500000000000001,134.4287,4.467441,0.4350343921445626,1686577.0,13977428992.0
YETI,2025-12-01 15:57:24,0.5262931034482758,42.71,2.9652834,0.1769297944600315,1754306.0,3469086464.0
AG,2025-12-01 16:32:02,0.720863309352518,15.8333,3.9612615,0.6262162870820952,21281160.0,7763954688.0
ALAB,2025-12-01 16:32:02,0.8276978417266186,165.48,5.0199833,0.4094630644206413,6312247.0,27950170112.0
ANF,2025-12-01 16:32:02,0.8701438848920863,101.825,4.041069,0.7004786552988288,2032987.0,4669286912.0
ARWR,2025-12-01 16:32:02,0.7701438848920863,55.275,4.8718204,0.3823895019525524,2387644.0,7642186240.0
ASH,2025-12-01 16:32:02,0.9388489208633092,57.31,9.193104,1.0202424834692383,722441.0,2620104960.0
ASO,2025-12-01 16:32:02,0.5579136690647483,49.88,3.3782406,0.2213756007767061,1742744.0,3323276544.0
ATAT,2025-12-01 16:32:02,0.7158273381294964,39.83,3.8050637,0.3582840778313546,1239963.0,5503946752.0
AVGO,2025-12-01 16:32:02,0.5564748201438848,392.0,-2.7198708,0.3508376346811598,24542501.0,1851167080448.0
B,2025-12-01 16:32:02,0.6953237410071942,42.445,2.6726315,0.5653230211831881,21974596.0,72573411328.0
BABA,2025-12-01 16:32:02,0.760071942446043,162.57,3.3502886,0.4140551308265189,19124219.0,387891429376.0
BBWI,2025-12-01 16:32:02,0.879136690647482,19.3,10.855826,1.1977690910581602,7915787.0,3951126784.0
BHC,2025-12-01 16:32:02,0.8546762589928057,7.2443,14.083465,1.537466871009592,2193698.0,2687271168.0
BKV,2025-12-01 16:32:02,0.7690647482014389,28.63,3.6936393,0.5561363251511057,578734.0,2575856640.0
BLTE,2025-12-01 16:32:02,0.9751798561151078,148.83,8.287252,5.716806518033077,90334.0,5192826368.0
CAI,2025-12-01 16:32:02,0.9136690647482014,27.75,8.695649,1.3933714669921058,1005411.0,7829576704.0
CAVA,2025-12-01 16:32:02,0.8100719424460431,51.45,5.236247,0.442533145392389,4278649.0,5967485952.0
CHA,2025-12-01 16:32:02,0.8233812949640287,15.94,6.3375573,0.6277373555395257,847031.0,2960894720.0
CHYM,2025-12-01 16:32:02,0.8341726618705037,22.41,6.0606093,0.6926280533999553,3631239.0,8394292736.0
COIN,2025-12-01 16:32:02,0.6140287769784173,256.82,-5.8646727,0.638376943098356,9717663.0,69249925120.0
CRCL,2025-12-01 16:32:02,0.5741007194244605,76.49,-4.3037686,0.6257535914076314,13617293.0,19461933056.0
CRWV,2025-12-01 16:32:02,0.6133093525179856,74.7105,2.1755037,0.3216222668435474,30192838.0,37229551616.0
DASH,2025-12-01 16:32:02,0.8021582733812949,204.99,3.3372035,0.4689311996542575,4498146.0,88350392320.0
DECK,2025-12-01 16:32:02,0.7960431654676258,91.305,3.7203245,0.4488459356693204,3798965.0,13544491008.0
DKS,2025-12-01 16:32:02,0.8298561151079137,213.405,3.3088014,0.6074201426519487,1463422.0,19137374208.0
EDU,2025-12-01 16:32:02,0.7345323741007195,53.07,3.7739544,0.3521265913913307,1055680.0,8847412224.0
ELF,2025-12-01 16:32:02,0.7377697841726619,79.19,3.9648213,0.3388133792206556,2206855.0,4722635776.0
GOOG,2025-12-01 16:32:02,0.5787769784172662,317.055,-0.9574542,0.4077606982958598,24457026.0,3827435044864.0
GOOGL,2025-12-01 16:32:02,0.5697841726618705,317.01,-0.9900628,0.3901049445216749,38322534.0,3839663800320.0
GSHD,2025-12-01 16:32:02,0.8949640287769784,75.7,5.800131,0.6212439413624741,337122.0,2843145728.0
HL,2025-12-01 16:32:02,0.5737410071942446,17.125,1.8133193,0.4186633686137031,23523374.0,11475439616.0
IPG,2025-12-01 16:32:02,0.5737410071942446,24.57,-1.95531,10.559976939372277,7769086.0,8999164928.0
JBHT,2025-12-01 16:32:02,0.6694244604316546,180.43,3.7192376,0.2552476374447588,1363566.0,17465493504.0
MENS,2025-12-01 16:32:02,0.6197841726618705,31.3156,15.1308775,0.1270806926318008,370009.0,2380851968.0
MRVL,2025-12-01 16:32:02,0.6183453237410071,91.17,1.979862,0.3191802723772203,19923252.0,78606770176.0
MSTR,2025-12-01 16:32:02,0.6151079136690647,157.86,-10.906008,1.2822264333746434,13514907.0,45361659904.0
NTES,2025-12-01 16:32:02,0.9161870503597124,145.48,5.3821025,0.6349280061082273,702004.0,93574471680.0
NVDA,2025-12-01 16:32:02,0.6629496402877698,179.1199,1.2091241,0.4208482278127244,191772396.0,4353509294080.0
ODFL,2025-12-01 16:32:02,0.7960431654676259,142.32,5.1962557,0.3398454675892712,2074128.0,29911132160.0
PACS,2025-12-01 16:32:02,0.8330935251798561,34.9271,4.5408597,0.7084864825208173,1635660.0,5470112768.0
PSLV,2025-12-01 16:32:02,0.5669064748201439,19.4294,4.1797605,0.2839557972681428,30768958.0,11286425600.0
RGC,2025-12-01 16:32:02,0.7489208633093525,12.14,5.2905517,0.4131557035803497,186155.0,6003095552.0
SAIA,2025-12-01 16:32:02,0.793884892086331,295.0,4.773406,0.3221976890402685,504985.0,7859578880.0
SNPS,2025-12-01 16:32:02,0.8924460431654675,432.87,3.5549352,0.985766415287746,3030087.0,80405028864.0
THO,2025-12-01 16:32:02,0.7014388489208633,109.29,3.4747188,0.3056247783501138,628807.0,5774737408.0
U,2025-12-01 16:32:02,0.6190647482014388,43.78,2.9626105,0.3310833596939102,10331084.0,18734022656.0
ULTA,2025-12-01 16:32:02,0.7410071942446044,555.67,3.1252835,0.3225874727388483,590584.0,24974925824.0
URBN,2025-12-01 16:32:02,0.8154676258992806,77.12,4.1177306,0.4647649380785371,2094831.0,6918625280.0
VSCO,2025-12-01 16:32:02,0.597841726618705,42.6,3.0728202,0.2985394736952881,2375582.0,3415006976.0
WB,2025-12-01 16:32:02,0.6683453237410072,10.26,3.2193224,0.5317494895066439,1172885.0,2529782016.0
WYNN,2025-12-01 16:32:02,0.8219424460431655,133.31,3.5980768,0.5298032642446802,1686577.0,13861110784.0
AG,2025-12-01 16:32:03,0.720863309352518,15.8333,3.9612615,0.6262162870820952,21281160.0,7763954688.0
ALAB,2025-12-01 16:32:03,0.8276978417266186,165.48,5.0199833,0.4094630644206413,6312247.0,27950170112.0
ANF,2025-12-01 16:32:03,0.8701438848920863,101.825,4.041069,0.7004786552988288,2032987.0,4669286912.0
ARWR,2025-12-01 16:32:03,0.7701438848920863,55.275,4.8718204,0.3823895019525524,2387644.0,7642186240.0
ASH,2025-12-01 16:32:03,0.9388489208633092,57.31,9.193104,1.0202424834692383,722441.0,2620104960.0
ASO,2025-12-01 16:32:03,0.5579136690647483,49.88,3.3782406,0.2213756007767061,1742744.0,3323276544.0
ATAT,2025-12-01 16:32:03,0.7158273381294964,39.83,3.8050637,0.3582840778313546,1239963.0,5503946752.0
AVGO,2025-12-01 16:32:03,0.5564748201438848,392.0,-2.7198708,0.3508376346811598,24542501.0,1851167080448.0
B,2025-12-01 16:32:03,0.6953237410071942,42.445,2.6726315,0.5653230211831881,21974596.0,72573411328.0
BABA,2025-12-01 16:32:03,0.760071942446043,162.57,3.3502886,0.4140551308265189,19124219.0,387891429376.0
BBWI,2025-12-01 16:32:03,0.879136690647482,19.3,10.855826,1.1977690910581602,7915787.0,3951126784.0
BHC,2025-12-01 16:32:03,0.8546762589928057,7.2443,14.083465,1.537466871009592,2193698.0,2687271168.0
BKV,2025-12-01 16:32:03,0.7690647482014389,28.63,3.6936393,0.5561363251511057,578734.0,2575856640.0
BLTE,2025-12-01 16:32:03,0.9751798561151078,148.83,8.287252,5.716806518033077,90334.0,5192826368.0
CAI,2025-12-01 16:32:03,0.9136690647482014,27.75,8.695649,1.3933714669921058,1005411.0,7829576704.0
CAVA,2025-12-01 16:32:03,0.8100719424460431,51.45,5.236247,0.442533145392389,4278649.0,5967485952.0
CHA,2025-12-01 16:32:03,0.8233812949640287,15.94,6.3375573,0.6277373555395257,847031.0,2960894720.0
CHYM,2025-12-01 16:32:03,0.8341726618705037,22.41,6.0606093,0.6926280533999553,3631239.0,8394292736.0
COIN,2025-12-01 16:32:03,0.6140287769784173,256.82,-5.8646727,0.638376943098356,9717663.0,69249925120.0
CRCL,2025-12-01 16:32:03,0.5741007194244605,76.49,-4.3037686,0.6257535914076314,13617293.0,19461933056.0
CRWV,2025-12-01 16:32:03,0.6133093525179856,74.7105,2.1755037,0.3216222668435474,30192838.0,37229551616.0
DASH,2025-12-01 16:32:03,0.8021582733812949,204.99,3.3372035,0.4689311996542575,4498146.0,88350392320.0
DECK,2025-12-01 16:32:03,0.7960431654676258,91.305,3.7203245,0.4488459356693204,3798965.0,13544491008.0
DKS,2025-12-01 16:32:03,0.8298561151079137,213.405,3.3088014,0.6074201426519487,1463422.0,19137374208.0
EDU,2025-12-01 16:32:03,0.7345323741007195,53.07,3.7739544,0.3521265913913307,1055680.0,8847412224.0
ELF,2025-12-01 16:32:03,0.7377697841726619,79.19,3.9648213,0.3388133792206556,2206855.0,4722635776.0
GOOG,2025-12-01 16:32:03,0.5787769784172662,317.055,-0.9574542,0.4077606982958598,24457026.0,3827435044864.0
GOOGL,2025-12-01 16:32:03,0.5697841726618705,317.01,-0.9900628,0.3901049445216749,38322534.0,3839663800320.0
GSHD,2025-12-01 16:32:03,0.8949640287769784,75.7,5.800131,0.6212439413624741,337122.0,2843145728.0
HL,2025-12-01 16:32:03,0.5737410071942446,17.125,1.8133193,0.4186633686137031,23523374.0,11475439616.0
IPG,2025-12-01 16:32:03,0.5737410071942446,24.57,-1.95531,10.559976939372277,7769086.0,8999164928.0
JBHT,2025-12-01 16:32:03,0.6694244604316546,180.43,3.7192376,0.2552476374447588,1363566.0,17465493504.0
MENS,2025-12-01 16:32:03,0.6197841726618705,31.3156,15.1308775,0.1270806926318008,370009.0,2380851968.0
MRVL,2025-12-01 16:32:03,0.6183453237410071,91.17,1.979862,0.3191802723772203,19923252.0,78606770176.0
MSTR,2025-12-01 16:32:03,0.6151079136690647,157.86,-10.906008,1.2822264333746434,13514907.0,45361659904.0
NTES,2025-12-01 16:32:03,0.9161870503597124,145.48,5.3821025,0.6349280061082273,702004.0,93574471680.0
NVDA,2025-12-01 16:32:03,0.6629496402877698,179.1199,1.2091241,0.4208482278127244,191772396.0,4353509294080.0
ODFL,2025-12-01 16:32:03,0.7960431654676259,142.32,5.1962557,0.3398454675892712,2074128.0,29911132160.0
PACS,2025-12-01 16:32:03,0.8330935251798561,34.9271,4.5408597,0.7084864825208173,1635660.0,5470112768.0
PSLV,2025-12-01 16:32:03,0.5669064748201439,19.4294,4.1797605,0.2839557972681428,30768958.0,11286425600.0
RGC,2025-12-01 16:32:03,0.7489208633093525,12.14,5.2905517,0.4131557035803497,186155.0,6003095552.0
SAIA,2025-12-01 16:32:03,0.793884892086331,295.0,4.773406,0.3221976890402685,504985.0,7859578880.0
SNPS,2025-12-01 16:32:03,0.8924460431654675,432.87,3.5549352,0.985766415287746,3030087.0,80405028864.0
THO,2025-12-01 16:32:03,0.7014388489208633,109.29,3.4747188,0.3056247783501138,628807.0,5774737408.0
U,2025-12-01 16:32:03,0.6190647482014388,43.78,2.9626105,0.3310833596939102,10331084.0,18734022656.0
ULTA,2025-12-01 16:32:03,0.7410071942446044,555.67,3.1252835,0.3225874727388483,590584.0,24974925824.0
URBN,2025-12-01 16:32:03,0.8154676258992806,77.12,4.1177306,0.4647649380785371,2094831.0,6918625280.0
VSCO,2025-12-01 16:32:03,0.597841726618705,42.6,3.0728202,0.2985394736952881,2375582.0,3415006976.0
WB,2025-12-01 16:32:03,0.6683453237410072,10.26,3.2193224,0.5317494895066439,1172885.0,2529782016.0
WYNN,2025-12-01 16:32:03,0.8219424460431655,133.31,3.5980768,0.5298032642446802,1686577.0,13861110784.0
ACN,2025-12-01 16:59:38,0.7672839506172839,258.84,3.5359986,0.4071909251135659,4618460.0,161219182592.0
AEO,2025-12-01 16:59:38,0.629320987654321,20.775,1.8382354,0.5455346956656657,9861030.0,3599647744.0
AG,2025-12-01 16:59:38,0.6749999999999998,15.705,3.118847,0.7115939638628721,21281160.0,7701042176.0
ALAB,2025-12-01 16:59:38,0.8395061728395061,166.085,5.403947,0.44873560873014,6312247.0,28052359168.0
ANF,2025-12-01 16:59:38,0.8719135802469136,101.67,3.8826969,0.7534101300205067,2032987.0,4662179328.0
APP,2025-12-01 16:59:38,0.670679012345679,617.7999,3.055973,0.3156240891108225,6950626.0,208970776576.0
ARWR,2025-12-01 16:59:38,0.7811728395061728,55.06,4.4781795,0.4249498668980803,2387644.0,7612461056.0
ASH,2025-12-01 16:59:38,0.9462962962962962,57.25,9.078783,1.0801657159546594,722441.0,2617361920.0
ATAT,2025-12-01 16:59:38,0.7959876543209876,40.0,4.2481136,0.4623387955930943,1239963.0,5527438336.0
B,2025-12-01 16:59:38,0.6478395061728395,41.9,1.3546236,0.6276640080208983,21974596.0,71641554944.0
BABA,2025-12-01 16:59:38,0.7641975308641975,162.76,3.4710689,0.4566666487138638,19124219.0,388344741888.0
BBWI,2025-12-01 16:59:38,0.8722222222222222,18.9522,8.858128,1.341086615898078,7915787.0,3879924736.0
BF-B,2025-12-01 16:59:38,0.7234567901234568,30.01,3.5541778,0.4839678502676802,3558350.0,14201921536.0
BHC,2025-12-01 16:59:38,0.8611111111111112,7.2907,14.815808,1.6660406309346136,2193698.0,2704483072.0
BLTE,2025-12-01 16:59:38,0.9783950617283952,147.965,7.6578827,5.991387517435296,90334.0,5162645504.0
CAI,2025-12-01 16:59:38,0.9191358024691358,27.675,8.401874,1.687193595454993,1005411.0,7808415744.0
CAVA,2025-12-01 16:59:38,0.844753086419753,51.8,5.9521375,0.5235159509461982,4278649.0,6008080896.0
CELH,2025-12-01 16:59:38,0.6648148148148149,42.26,3.22423,0.4140631746591567,6334217.0,10894006272.0
CHA,2025-12-01 16:59:38,0.8475308641975309,15.99,6.6822586,0.7603086545828901,847031.0,2970182400.0
CHYM,2025-12-01 16:59:38,0.8469135802469137,22.46,6.2943683,0.7550409102788332,3631239.0,8413021184.0
COIN,2025-12-01 16:59:38,0.6067901234567901,255.7,-6.275203,0.6972000366754846,9717663.0,68947918848.0
CRWV,2025-12-01 16:59:38,0.6401234567901235,74.98,2.5437644,0.3847500854341682,30192838.0,37363847168.0
DASH,2025-12-01 16:59:38,0.8561728395061727,206.305,4.0000997,0.5389951771240863,4498146.0,88917147648.0
DECK,2025-12-01 16:59:38,0.8129629629629629,91.31,3.7260013,0.496207256450112,3798965.0,13545231360.0
EDU,2025-12-01 16:59:38,0.7274691358024691,53.0,3.637076,0.404576197332525,1055680.0,8835742720.0
ELF,2025-12-01 16:59:38,0.7611111111111111,79.26,4.0567207,0.3830935879339603,2206855.0,4726810112.0
FND,2025-12-01 16:59:38,0.6435185185185186,65.83,3.4737551,0.3159908552705567,2383012.0,7093585920.0
GSHD,2025-12-01 16:59:38,0.9080246913580244,75.945,6.142553,0.6563528930179579,337122.0,2852347392.0
JBHT,2025-12-01 16:59:38,0.6638888888888889,180.1,3.5295465,0.2872570891324659,1363566.0,17433550848.0
MNDY,2025-12-01 16:59:38,0.8824074074074074,149.66,4.0316997,0.6388934211741526,1299320.0,7715192320.0
MOS,2025-12-01 16:59:38,0.6709876543209876,25.275,3.2053893,0.4587854248709617,5626626.0,8022483968.0
MRVL,2025-12-01 16:59:38,0.6157407407407407,91.47,2.315436,0.3556091646082677,19923252.0,78865432576.0
MSTR,2025-12-01 16:59:38,0.616358024691358,157.07,-11.350032,1.417987559958792,13514907.0,45134651392.0
NTES,2025-12-01 16:59:38,0.9228395061728394,145.77,5.5921774,0.7080330026609535,702004.0,93761011712.0
NVDA,2025-12-01 16:59:38,0.670679012345679,179.5541,1.4544563,0.4658870873157365,191772396.0,4364062425088.0
ODFL,2025-12-01 16:59:38,0.8018518518518518,142.49,5.3219104,0.384047175487723,2074128.0,29946859520.0
PSLV,2025-12-01 16:59:38,0.6166666666666666,19.4151,4.101426,0.3533521024663884,30768958.0,11278118912.0
RGC,2025-12-01 16:59:38,0.7074074074074074,12.0,4.076325,0.4229808492922564,186155.0,5933867008.0
SAIA,2025-12-01 16:59:38,0.804320987654321,296.425,5.2795105,0.3627553293662188,504985.0,7897544192.0
SGHC,2025-12-01 16:59:38,0.6117283950617284,11.17,3.1394289,0.4471008555817245,3194201.0,5647971840.0
SNPS,2025-12-01 16:59:38,0.9083333333333332,433.3395,3.6672564,1.0396005131205803,3030087.0,80492240896.0
THO,2025-12-01 16:59:38,0.7379629629629629,109.47,3.6451414,0.3597479035697757,628807.0,5784248832.0
U,2025-12-01 16:59:38,0.7231481481481481,44.207,3.9675453,0.4165439948024815,10331084.0,18916743168.0
URBN,2025-12-01 16:59:38,0.829320987654321,76.93,3.8612132,0.5472646719472836,2094831.0,6901579776.0
VNOM,2025-12-01 16:59:38,0.6604938271604939,37.88,3.695599,0.3451978802434332,1653020.0,12356669440.0
WB,2025-12-01 16:59:38,0.7268518518518519,10.305,3.6720397,0.5874156460352038,1172885.0,2540877568.0
WHR,2025-12-01 16:59:38,0.6290123456790122,80.145,3.6134431,0.2751099281740184,1388634.0,4500033024.0
WLK,2025-12-01 16:59:38,0.7385802469135802,69.085,3.4051812,0.4409565884627147,1252409.0,8861750272.0
WYNN,2025-12-01 16:59:38,0.8518518518518519,133.465,3.7185297,0.5841701861225429,1686577.0,13877226496.0
YETI,2025-12-01 16:59:38,0.6061728395061727,42.92,3.4715493,0.3098182415154483,1754306.0,3486143488.0
ACN,2025-12-01 16:59:39,0.7672839506172839,258.84,3.5359986,0.4071909251135659,4618460.0,161219182592.0
AEO,2025-12-01 16:59:39,0.629320987654321,20.775,1.8382354,0.5455346956656657,9861030.0,3599647744.0
AG,2025-12-01 16:59:39,0.6749999999999998,15.705,3.118847,0.7115939638628721,21281160.0,7701042176.0
ALAB,2025-12-01 16:59:39,0.8395061728395061,166.085,5.403947,0.44873560873014,6312247.0,28052359168.0
ANF,2025-12-01 16:59:39,0.8719135802469136,101.67,3.8826969,0.7534101300205067,2032987.0,4662179328.0
APP,2025-12-01 16:59:39,0.670679012345679,617.7999,3.055973,0.3156240891108225,6950626.0,208970776576.0
ARWR,2025-12-01 16:59:39,0.7811728395061728,55.06,4.4781795,0.4249498668980803,2387644.0,7612461056.0
ASH,2025-12-01 16:59:39,0.9462962962962962,57.25,9.078783,1.0801657159546594,722441.0,2617361920.0
ATAT,2025-12-01 16:59:39,0.7959876543209876,40.0,4.2481136,0.4623387955930943,1239963.0,5527438336.0
B,2025-12-01 16:59:39,0.6478395061728395,41.9,1.3546236,0.6276640080208983,21974596.0,71641554944.0
BABA,2025-12-01 16:59:39,0.7641975308641975,162.76,3.4710689,0.4566666487138638,19124219.0,388344741888.0
BBWI,2025-12-01 16:59:39,0.8722222222222222,18.9522,8.858128,1.341086615898078,7915787.0,3879924736.0
BF-B,2025-12-01 16:59:39,0.7234567901234568,30.01,3.5541778,0.4839678502676802,3558350.0,14201921536.0
BHC,2025-12-01 16:59:39,0.8611111111111112,7.2907,14.815808,1.6660406309346136,2193698.0,2704483072.0
BLTE,2025-12-01 16:59:39,0.9783950617283952,147.965,7.6578827,5.991387517435296,90334.0,5162645504.0
CAI,2025-12-01 16:59:39,0.9191358024691358,27.675,8.401874,1.687193595454993,1005411.0,7808415744.0
CAVA,2025-12-01 16:59:39,0.844753086419753,51.8,5.9521375,0.5235159509461982,4278649.0,6008080896.0
CELH,2025-12-01 16:59:39,0.6648148148148149,42.26,3.22423,0.4140631746591567,6334217.0,10894006272.0
CHA,2025-12-01 16:59:39,0.8475308641975309,15.99,6.6822586,0.7603086545828901,847031.0,2970182400.0
CHYM,2025-12-01 16:59:39,0.8469135802469137,22.46,6.2943683,0.7550409102788332,3631239.0,8413021184.0
COIN,2025-12-01 16:59:39,0.6067901234567901,255.7,-6.275203,0.6972000366754846,9717663.0,68947918848.0
CRWV,2025-12-01 16:59:39,0.6401234567901235,74.98,2.5437644,0.3847500854341682,30192838.0,37363847168.0
DASH,2025-12-01 16:59:39,0.8561728395061727,206.305,4.0000997,0.5389951771240863,4498146.0,88917147648.0
DECK,2025-12-01 16:59:39,0.8129629629629629,91.31,3.7260013,0.496207256450112,3798965.0,13545231360.0
EDU,2025-12-01 16:59:39,0.7274691358024691,53.0,3.637076,0.404576197332525,1055680.0,8835742720.0
ELF,2025-12-01 16:59:39,0.7611111111111111,79.26,4.0567207,0.3830935879339603,2206855.0,4726810112.0
FND,2025-12-01 16:59:39,0.6435185185185186,65.83,3.4737551,0.3159908552705567,2383012.0,7093585920.0
GSHD,2025-12-01 16:59:39,0.9080246913580244,75.945,6.142553,0.6563528930179579,337122.0,2852347392.0
JBHT,2025-12-01 16:59:39,0.6638888888888889,180.1,3.5295465,0.2872570891324659,1363566.0,17433550848.0
MNDY,2025-12-01 16:59:39,0.8824074074074074,149.66,4.0316997,0.6388934211741526,1299320.0,7715192320.0
MOS,2025-12-01 16:59:39,0.6709876543209876,25.275,3.2053893,0.4587854248709617,5626626.0,8022483968.0
MRVL,2025-12-01 16:59:39,0.6157407407407407,91.47,2.315436,0.3556091646082677,19923252.0,78865432576.0
MSTR,2025-12-01 16:59:39,0.616358024691358,157.07,-11.350032,1.417987559958792,13514907.0,45134651392.0
NTES,2025-12-01 16:59:39,0.9228395061728394,145.77,5.5921774,0.7080330026609535,702004.0,93761011712.0
NVDA,2025-12-01 16:59:39,0.670679012345679,179.5541,1.4544563,0.4658870873157365,191772396.0,4364062425088.0
ODFL,2025-12-01 16:59:39,0.8018518518518518,142.49,5.3219104,0.384047175487723,2074128.0,29946859520.0
PSLV,2025-12-01 16:59:39,0.6166666666666666,19.4151,4.101426,0.3533521024663884,30768958.0,11278118912.0
RGC,2025-12-01 16:59:39,0.7074074074074074,12.0,4.076325,0.4229808492922564,186155.0,5933867008.0
SAIA,2025-12-01 16:59:39,0.804320987654321,296.425,5.2795105,0.3627553293662188,504985.0,7897544192.0
SGHC,2025-12-01 16:59:39,0.6117283950617284,11.17,3.1394289,0.4471008555817245,3194201.0,5647971840.0
SNPS,2025-12-01 16:59:39,0.9083333333333332,433.3395,3.6672564,1.0396005131205803,3030087.0,80492240896.0
THO,2025-12-01 16:59:39,0.7379629629629629,109.47,3.6451414,0.3597479035697757,628807.0,5784248832.0
U,2025-12-01 16:59:39,0.7231481481481481,44.207,3.9675453,0.4165439948024815,10331084.0,18916743168.0
URBN,2025-12-01 16:59:39,0.829320987654321,76.93,3.8612132,0.5472646719472836,2094831.0,6901579776.0
VNOM,2025-12-01 16:59:39,0.6604938271604939,37.88,3.695599,0.3451978802434332,1653020.0,12356669440.0
WB,2025-12-01 16:59:39,0.7268518518518519,10.305,3.6720397,0.5874156460352038,1172885.0,2540877568.0
WHR,2025-12-01 16:59:39,0.6290123456790122,80.145,3.6134431,0.2751099281740184,1388634.0,4500033024.0
WLK,2025-12-01 16:59:39,0.7385802469135802,69.085,3.4051812,0.4409565884627147,1252409.0,8861750272.0
WYNN,2025-12-01 16:59:39,0.8518518518518519,133.465,3.7185297,0.5841701861225429,1686577.0,13877226496.0
YETI,2025-12-01 16:59:39,0.6061728395061727,42.92,3.4715493,0.3098182415154483,1754306.0,3486143488.0
ACN,2025-12-01 17:29:53,0.7374999999999999,257.885,3.1540039,0.4678420945509975,4618460.0,160624361472.0
ALAB,2025-12-01 17:29:53,0.8664893617021276,170.045,7.9171095,0.5214534538968453,6312247.0,28721215488.0
AMKR,2025-12-01 17:29:53,0.6773936170212765,37.535,3.14647,0.5168041986889037,3018085.0,9278405632.0
ANF,2025-12-01 17:29:53,0.9013297872340424,102.47,4.700111,0.8128861620856405,2032987.0,4698864128.0
APP,2025-12-01 17:29:53,0.6845744680851064,619.45,3.3312259,0.3493689633135202,6950626.0,209528913920.0
ARWR,2025-12-01 17:29:53,0.7715425531914893,54.965,4.2979116,0.4700776162610506,2387644.0,7599326208.0
ASH,2025-12-01 17:29:53,0.9444148936170212,57.29,9.154997,1.1891116367980223,722441.0,2619190784.0
ATAT,2025-12-01 17:29:53,0.824468085106383,40.2,4.769356,0.5640273137182319,1239963.0,5555075584.0
B,2025-12-01 17:29:53,0.6632978723404255,42.17,2.007736,0.7176584270309224,21974596.0,72103206912.0
BABA,2025-12-01 17:29:53,0.7691489361702127,163.33,3.833219,0.4861755138863448,19124219.0,389704777728.0
BBWI,2025-12-01 17:29:53,0.8773936170212766,19.095,9.678343,1.4154615327572608,7915787.0,3909158912.0
BF-B,2025-12-01 17:29:53,0.7170212765957445,30.03,3.6231923,0.5533519749322017,3558350.0,14211387392.0
BHC,2025-12-01 17:29:53,0.8590425531914894,7.288,14.771657,1.8104483844175447,2193698.0,2703481600.0
BKU,2025-12-01 17:29:53,0.6526595744680852,44.54,3.0779955,0.4397791575551594,1024803.0,3349977088.0
BLTE,2025-12-01 17:29:53,0.9851063829787232,150.92,9.807913,6.270817189541036,90334.0,5265748480.0
CAI,2025-12-01 17:29:53,0.9047872340425532,27.205,6.5609055,1.974745651280919,1005411.0,7675806720.0
CAVA,2025-12-01 17:29:53,0.8569148936170212,51.805,5.9623666,0.6620201844086767,4278649.0,6008660992.0
CELH,2025-12-01 17:29:53,0.7800531914893617,42.835,4.628726,0.5121957457409495,6334217.0,11042233344.0
CHA,2025-12-01 17:29:53,0.865691489361702,16.29,8.672457,0.8711676432149472,847031.0,3025908224.0
CHYM,2025-12-01 17:29:53,0.8470744680851063,22.48,6.389022,0.7998437998710632,3631239.0,8420512768.0
CRWV,2025-12-01 17:29:53,0.6598404255319149,75.5466,3.3207264,0.4267154680855108,30192838.0,37646192640.0
DASH,2025-12-01 17:29:53,0.8654255319148937,206.7,4.1992245,0.6289140014574893,4498146.0,89087393792.0
DECK,2025-12-01 17:29:53,0.8138297872340425,91.63,4.0895133,0.5413237552859792,3798965.0,13592701952.0
EDU,2025-12-01 17:29:53,0.7513297872340425,53.148,3.9264753,0.4644314565019703,1055680.0,8860416000.0
ELF,2025-12-01 17:29:53,0.7691489361702128,79.7,4.634369,0.4258934093993488,2206855.0,4753050112.0
FND,2025-12-01 17:29:53,0.6901595744680851,66.06,3.83527,0.3814672355825317,2383012.0,7118369792.0
GSHD,2025-12-01 17:29:53,0.8922872340425533,75.0501,4.8918223,0.6923517302341585,337122.0,2818736896.0
JBHT,2025-12-01 17:29:53,0.6569148936170213,180.34,3.6675036,0.3193266772565464,1363566.0,17456781312.0
MEOH,2025-12-01 17:29:53,0.7167553191489362,36.95,3.7629883,0.459100664670455,499947.0,2857695232.0
MNDY,2025-12-01 17:29:53,0.8747340425531915,149.805,4.1324844,0.6871232644768033,1299320.0,7722666496.0
NTES,2025-12-01 17:29:53,0.9236702127659574,145.83,5.635638,0.7618133230010086,702004.0,93799604224.0
ODFL,2025-12-01 17:29:53,0.8077127659574469,142.74,5.5066986,0.4356409054793146,2074128.0,29999403008.0
OLN,2025-12-01 17:29:53,0.647872340425532,21.71,2.890989,0.5375190277649233,2657958.0,2488867584.0
PAAS,2025-12-01 17:29:53,0.6718085106382978,46.26,1.2918769,0.775196056960706,6634679.0,19523893248.0
PACS,2025-12-01 17:29:53,0.8066489361702127,34.675,3.7862897,0.8930028245478889,1635660.0,5430629888.0
RDDT,2025-12-01 17:29:53,0.7590425531914894,224.3968,3.6618485,0.459018077929391,5654298.0,42522243072.0
RGC,2025-12-01 17:29:53,0.6986702127659574,12.06,4.59671,0.4430017995756224,186155.0,5963536384.0
SAIA,2025-12-01 17:29:53,0.8151595744680851,298.23,5.92059,0.4147925185896611,504985.0,7945634816.0
SN,2025-12-01 17:29:53,0.6763297872340425,100.91,3.4231875,0.380701824795162,1893692.0,14243104768.0
SNPS,2025-12-01 17:29:53,0.911436170212766,434.255,3.8862693,1.1059332619822466,3030087.0,80662290432.0
THO,2025-12-01 17:29:53,0.7566489361702128,109.3,3.4841888,0.4663688540362941,628807.0,5775266304.0
U,2025-12-01 17:29:53,0.7127659574468085,44.08,3.668865,0.4927597142758688,10331084.0,18862397440.0
ULTA,2025-12-01 17:29:53,0.7590425531914893,556.28,3.2385004,0.457276187637999,590584.0,25002344448.0
URBN,2025-12-01 17:29:53,0.8228723404255319,77.0,3.955718,0.6142681676946732,2094831.0,6907859968.0
VNOM,2025-12-01 17:29:53,0.7175531914893617,38.019,4.076108,0.4379584034070973,1653020.0,12402012160.0
VSCO,2025-12-01 17:29:53,0.6680851063829787,42.885,3.7623916,0.4127144421872198,2375582.0,3437853952.0
WB,2025-12-01 17:29:53,0.7353723404255318,10.38,4.4265647,0.6428422223832686,1172885.0,2559369984.0
WING,2025-12-01 17:29:53,0.8186170212765959,277.56,4.846442,0.4288240020855706,932119.0,7750517248.0
WLK,2025-12-01 17:29:53,0.8441489361702128,69.77,4.4304733,0.6003262512485937,1252409.0,8949617664.0
WYNN,2025-12-01 17:29:53,0.8537234042553191,133.6533,3.8648684,0.6848225725834042,1686577.0,13896806400.0
ACN,2025-12-01 17:51:08,0.7533678756476684,258.26,3.304004,0.5054056980032305,4618460.0,160857931776.0
ALAB,2025-12-01 17:51:08,0.8782383419689119,170.7,8.330609,0.5740824147090569,6312247.0,28831846400.0
AMKR,2025-12-01 17:51:08,0.7093264248704663,37.64,3.4350097,0.5453113480899312,3018085.0,9304360960.0
ANF,2025-12-01 17:51:08,0.8893782383419689,102.15,4.3731465,0.8676223704332591,2032987.0,4684190720.0
APP,2025-12-01 17:51:08,0.6826424870466321,619.5,3.3395643,0.3773343580851566,6950626.0,209545822208.0
ARWR,2025-12-01 17:51:08,0.7950777202072539,55.37,5.06641,0.5022017520199828,2387644.0,7655320576.0
ASH,2025-12-01 17:51:08,0.9474093264248704,57.7284,9.990285,1.3336064813597237,722441.0,2639233536.0
ATAT,2025-12-01 17:51:08,0.8269430051813471,40.13,4.5869226,0.6635698000666149,1239963.0,5545402368.0
B,2025-12-01 17:51:08,0.6668393782383419,42.26,2.2254431,0.7483579675366956,21974596.0,72257085440.0
BABA,2025-12-01 17:51:08,0.788341968911917,163.7651,4.1100464,0.5155834599049509,19124219.0,390742933504.0
BBWI,2025-12-01 17:51:08,0.8694300518134713,19.065,9.506035,1.4689663832541224,7915787.0,3903017472.0
BF-B,2025-12-01 17:51:08,0.7427461139896374,30.11,3.8992445,0.6079671757977715,3558350.0,14249245696.0
BHC,2025-12-01 17:51:08,0.8595854922279792,7.2901,14.804728,1.860561936966711,2193698.0,2704260608.0
BLTE,2025-12-01 17:51:08,0.9854922279792744,151.88,10.604394,6.552117696548365,90334.0,5299244032.0
CAI,2025-12-01 17:51:08,0.8730569948186528,26.76,4.8037477,2.178431507115001,1005411.0,7550251520.0
CAVA,2025-12-01 17:51:08,0.8556994818652849,51.55,5.4407854,0.7091736199907962,4278649.0,5979084288.0
CELH,2025-12-01 17:51:08,0.7867875647668393,42.75,4.421108,0.5766996931112401,6334217.0,11020321792.0
CHA,2025-12-01 17:51:08,0.8647668393782383,16.18,7.9386296,0.9492781255939864,847031.0,3005475328.0
CHYM,2025-12-01 17:51:08,0.8435233160621761,22.35,5.7737875,0.8723793724400956,3631239.0,8371817984.0
CRWV,2025-12-01 17:51:08,0.6821243523316063,75.9267,3.8384764,0.4516974191031661,30192838.0,37835603968.0
DASH,2025-12-01 17:51:08,0.8779792746113988,207.4401,4.5715094,0.6840647235549936,4498146.0,89406373888.0
DECK,2025-12-01 17:51:08,0.8005181347150259,91.63,4.0895133,0.5766510088932117,3798965.0,13592701952.0
EDU,2025-12-01 17:51:08,0.733160621761658,53.08,3.7935128,0.4970199302819036,1055680.0,8849080320.0
ELF,2025-12-01 17:51:08,0.7458549222797928,79.3,4.109236,0.4654392789739244,2206855.0,4729196032.0
FND,2025-12-01 17:51:08,0.6979274611398963,66.1232,3.9346128,0.4244800277967547,2383012.0,7125179904.0
GSHD,2025-12-01 17:51:08,0.8994818652849741,75.3981,5.3781953,0.7300324511601142,337122.0,2831806976.0
MEOH,2025-12-01 17:51:08,0.6987046632124352,36.76,3.2294235,0.5225173868430053,499947.0,2843000576.0
MNDY,2025-12-01 17:51:08,0.894559585492228,150.595,4.6816354,0.7178908967767755,1299320.0,7763393024.0
MRVL,2025-12-01 17:51:08,0.6564766839378238,92.03,2.9421637,0.4865547552176723,19923252.0,79348260864.0
NTES,2025-12-01 17:51:08,0.9297927461139894,146.08,5.816732,0.7921949162682834,702004.0,93960404992.0
NVDA,2025-12-01 17:51:08,0.6538860103626943,179.8999,1.6498504,0.5407396328301598,191772396.0,4372467286016.0
ODFL,2025-12-01 17:51:08,0.8152849740932642,142.32,5.1962557,0.4744948238488656,2074128.0,29911132160.0
PACS,2025-12-01 17:51:08,0.8487046632124352,34.92,4.5196,0.9458652776249344,1635660.0,5469000192.0
RDDT,2025-12-01 17:51:08,0.773056994818653,224.8475,3.8700523,0.4896420386757118,5654298.0,42607648768.0
RGC,2025-12-01 17:51:08,0.6961139896373056,12.03,4.3365135,0.4833660121941392,186155.0,5948701184.0
RH,2025-12-01 17:51:08,0.7238341968911918,163.0,3.4329615,0.4511249932366563,1053473.0,3055446528.0
SAIA,2025-12-01 17:51:08,0.832901554404145,298.445,5.996949,0.4526411675594324,504985.0,7951363072.0
SN,2025-12-01 17:51:08,0.6808290155440414,101.14,3.6589112,0.4004410432108283,1893692.0,14275567616.0
SNPS,2025-12-01 17:51:08,0.9191709844559586,435.2726,4.1297107,1.1452585354809943,3030087.0,80851312640.0
THO,2025-12-01 17:51:08,0.7852331606217616,109.52,3.6924765,0.5272046907874753,628807.0,5786890240.0
U,2025-12-01 17:51:08,0.6766839378238342,43.89,3.2220106,0.5321376730650917,10331084.0,18781093888.0
ULTA,2025-12-01 17:51:08,0.7803108808290156,556.88,3.3498483,0.5042500304783062,590584.0,25029310464.0
URBN,2025-12-01 17:51:08,0.8525906735751295,77.58,4.7387633,0.6495516822120734,2094831.0,6959892992.0
VNOM,2025-12-01 17:51:08,0.7072538860103625,37.96,3.91352,0.4747123446782253,1653020.0,12382765056.0
VSCO,2025-12-01 17:51:08,0.7142487046632123,43.08,4.2362623,0.4444527698896523,2375582.0,3453486336.0
WB,2025-12-01 17:51:08,0.7295336787564766,10.36,4.2253532,0.667985352357648,1172885.0,2554438656.0
WHR,2025-12-01 17:51:08,0.6424870466321243,80.2,3.6845489,0.3594489260669118,1388634.0,4503121408.0
WING,2025-12-01 17:51:08,0.8025906735751295,275.335,4.005961,0.4973549514600603,932119.0,7688386560.0
WLK,2025-12-01 17:51:08,0.8455958549222797,69.705,4.3309216,0.6942236921005838,1252409.0,8941280256.0
WYNN,2025-12-01 17:51:08,0.8590673575129534,133.93,4.083061,0.7504122254720657,1686577.0,13925575680.0
ACN,2025-12-01 18:32:19,0.7835648148148149,258.64,3.4560058,0.5806537244016404,4618460.0,161094631424.0
AEO,2025-12-01 18:32:19,0.6914351851851852,21.115,3.5049028,0.733735116919835,9861030.0,3658558720.0
AG,2025-12-01 18:32:19,0.6995370370370371,15.7802,3.6102867,0.8776405515488818,21281160.0,7737916928.0
ALAB,2025-12-01 18:32:19,0.8937499999999999,172.55,9.506883,0.6536455243275493,6312247.0,29144320000.0
AMKR,2025-12-01 18:32:19,0.7409722222222224,37.8,3.8746905,0.6087817274861377,3018085.0,9343911936.0
ANF,2025-12-01 18:32:19,0.9173611111111112,103.16,5.4051304,0.9581836971903904,2032987.0,4730505216.0
ARWR,2025-12-01 18:32:19,0.8224537037037036,55.945,6.1574926,0.5762232560632993,2387644.0,7734818816.0
ASH,2025-12-01 18:32:19,0.9569444444444444,58.01,10.526813,1.568860294473874,722441.0,2652107520.0
ATAT,2025-12-01 18:32:19,0.8453703703703704,40.4,5.2905984,0.7529789195322764,1239963.0,5582712832.0
BABA,2025-12-01 18:32:19,0.7870370370370371,164.19,4.3801646,0.5559967180882001,19124219.0,391756742656.0
BBWI,2025-12-01 18:32:19,0.8787037037037035,19.265,10.654794,1.5681561416445389,7915787.0,3943961600.0
BF-B,2025-12-01 18:32:19,0.7527777777777778,30.085,3.812973,0.7538246659266233,3558350.0,14237414400.0
BHC,2025-12-01 18:32:19,0.8578703703703703,7.245,14.094488,2.104338883474389,2193698.0,2687530752.0
BLTE,2025-12-01 18:32:19,0.9819444444444444,148.43,7.996209,6.777082825957004,90334.0,5178869760.0
CAI,2025-12-01 18:32:19,0.7997685185185185,26.43,3.5211253,2.454420132662165,1005411.0,7457142784.0
CAVA,2025-12-01 18:32:19,0.8692129629629629,51.93,6.2180424,0.8013644026420489,4278649.0,6023159296.0
CELH,2025-12-01 18:32:19,0.8141203703703704,43.15,5.398151,0.6524860136619886,6334217.0,11123435520.0
CHA,2025-12-01 18:32:19,0.8634259259259259,16.09,7.338228,1.0020931937556004,847031.0,2988757760.0
CHYM,2025-12-01 18:32:19,0.849074074074074,22.4943,6.4564915,0.9228318488537934,3631239.0,8425869824.0
CRDO,2025-12-01 18:32:19,0.7020833333333333,179.17,0.88400453,0.8061038107067185,6227585.0,30995621888.0
CRWV,2025-12-01 18:32:19,0.7041666666666666,76.1786,4.182978,0.5044800028404087,30192838.0,37961129984.0
DASH,2025-12-01 18:32:19,0.8620370370370372,206.59,4.1437726,0.7642706572885807,4498146.0,89039986688.0
DECK,2025-12-01 18:32:19,0.8393518518518518,92.225,4.7656913,0.6574896057215583,3798965.0,13680966656.0
DIS,2025-12-01 18:32:19,0.6747685185185185,106.53,1.9718556,0.5883279936487319,9475903.0,191533891584.0
EDU,2025-12-01 18:32:19,0.774537037037037,53.27,4.165039,0.5702532964534708,1055680.0,8880754688.0
ELF,2025-12-01 18:32:19,0.7111111111111112,78.71,3.3346474,0.5348520858869296,2206855.0,4694009856.0
FIZZ,2025-12-01 18:32:19,0.6738425925925926,35.36,3.8167915,0.4558128760492803,328082.0,3310412032.0
FND,2025-12-01 18:32:19,0.7018518518518518,65.934,3.6372197,0.5020855958761433,2383012.0,7104792576.0
GSHD,2025-12-01 18:32:19,0.8861111111111111,75.405,5.3878345,0.760825457846121,337122.0,2832066048.0
JBHT,2025-12-01 18:32:19,0.6784722222222223,180.51,3.7652261,0.4019475404930894,1363566.0,17473236992.0
MNDY,2025-12-01 18:32:19,0.8895833333333333,150.7375,4.780691,0.7779923344518671,1299320.0,7770739200.0
NTES,2025-12-01 18:32:19,0.9342592592592592,146.58,6.17892,0.8652272636623153,702004.0,94282014720.0
ODFL,2025-12-01 18:32:19,0.8266203703703703,142.6,5.403218,0.5375217922905433,2074128.0,29969979392.0
PACS,2025-12-01 18:32:19,0.7444444444444445,34.43,3.0529795,1.014580047198073,1635660.0,5392259072.0
RDDT,2025-12-01 18:32:19,0.8027777777777777,225.75,4.2869678,0.5487565388311688,5654298.0,42778669056.0
RGC,2025-12-01 18:32:19,0.7000000000000001,12.09,4.856899,0.5143724315758373,186155.0,5978371072.0
RH,2025-12-01 18:32:19,0.7337962962962963,163.42,3.6994746,0.4872341293986651,1053473.0,3063319296.0
SAIA,2025-12-01 18:32:19,0.8564814814814815,298.825,6.131913,0.5532976227016644,504985.0,7961487360.0
SKE,2025-12-01 18:32:19,0.6756944444444445,21.54,3.40855,0.565596531335418,782549.0,2608350464.0
SN,2025-12-01 18:32:19,0.7046296296296296,101.35,3.8741405,0.4451600365846188,1893692.0,14305208320.0
SNPS,2025-12-01 18:32:19,0.9386574074074072,437.705,4.711604,1.2269984327182686,3030087.0,81303117824.0
THO,2025-12-01 18:32:19,0.7891203703703704,109.54,3.7114165,0.5846754250509297,628807.0,5787947520.0
ULTA,2025-12-01 18:32:19,0.7719907407407408,556.27,3.2366426,0.5625465640789455,590584.0,25001893888.0
URBN,2025-12-01 18:32:19,0.8726851851851851,77.78,5.0087743,0.7966193931634581,2094831.0,6977835520.0
VNOM,2025-12-01 18:32:19,0.7395833333333333,38.155,4.4483986,0.5305368356099744,1653020.0,12446375936.0
VSCO,2025-12-01 18:32:19,0.6981481481481482,43.06,4.18582,0.4834756282881416,2375582.0,3451883008.0
WB,2025-12-01 18:32:19,0.7261574074074073,10.365,4.275656,0.7244128793530482,1172885.0,2555671552.0
WING,2025-12-01 18:32:19,0.7631944444444445,272.385,2.891625,0.6129517797620261,932119.0,7606011904.0
WLK,2025-12-01 18:32:19,0.8467592592592592,69.495,4.0188675,0.8428109347665179,1252409.0,8914342912.0
WYNN,2025-12-01 18:32:19,0.8840277777777777,134.31,4.3751984,0.8491773574524021,1686577.0,13965086720.0
ACN,2025-12-01 18:32:20,0.7835648148148149,258.64,3.4560058,0.5806537244016404,4618460.0,161094631424.0
AEO,2025-12-01 18:32:20,0.6914351851851852,21.115,3.5049028,0.733735116919835,9861030.0,3658558720.0
AG,2025-12-01 18:32:20,0.6995370370370371,15.7802,3.6102867,0.8776405515488818,21281160.0,7737916928.0
ALAB,2025-12-01 18:32:20,0.8937499999999999,172.55,9.506883,0.6536455243275493,6312247.0,29144320000.0
AMKR,2025-12-01 18:32:20,0.7409722222222224,37.8,3.8746905,0.6087817274861377,3018085.0,9343911936.0
ANF,2025-12-01 18:32:20,0.9173611111111112,103.16,5.4051304,0.9581836971903904,2032987.0,4730505216.0
ARWR,2025-12-01 18:32:20,0.8224537037037036,55.945,6.1574926,0.5762232560632993,2387644.0,7734818816.0
ASH,2025-12-01 18:32:20,0.9569444444444444,58.01,10.526813,1.568860294473874,722441.0,2652107520.0
ATAT,2025-12-01 18:32:20,0.8453703703703704,40.4,5.2905984,0.7529789195322764,1239963.0,5582712832.0
BABA,2025-12-01 18:32:20,0.7870370370370371,164.19,4.3801646,0.5559967180882001,19124219.0,391756742656.0
BBWI,2025-12-01 18:32:20,0.8787037037037035,19.265,10.654794,1.5681561416445389,7915787.0,3943961600.0
BF-B,2025-12-01 18:32:20,0.7527777777777778,30.085,3.812973,0.7538246659266233,3558350.0,14237414400.0
BHC,2025-12-01 18:32:20,0.8578703703703703,7.245,14.094488,2.104338883474389,2193698.0,2687530752.0
BLTE,2025-12-01 18:32:20,0.9819444444444444,148.43,7.996209,6.777082825957004,90334.0,5178869760.0
CAI,2025-12-01 18:32:20,0.7997685185185185,26.43,3.5211253,2.454420132662165,1005411.0,7457142784.0
CAVA,2025-12-01 18:32:20,0.8692129629629629,51.93,6.2180424,0.8013644026420489,4278649.0,6023159296.0
CELH,2025-12-01 18:32:20,0.8141203703703704,43.15,5.398151,0.6524860136619886,6334217.0,11123435520.0
CHA,2025-12-01 18:32:20,0.8634259259259259,16.09,7.338228,1.0020931937556004,847031.0,2988757760.0
CHYM,2025-12-01 18:32:20,0.849074074074074,22.4943,6.4564915,0.9228318488537934,3631239.0,8425869824.0
CRDO,2025-12-01 18:32:20,0.7020833333333333,179.17,0.88400453,0.8061038107067185,6227585.0,30995621888.0
CRWV,2025-12-01 18:32:20,0.7041666666666666,76.1786,4.182978,0.5044800028404087,30192838.0,37961129984.0
DASH,2025-12-01 18:32:20,0.8620370370370372,206.59,4.1437726,0.7642706572885807,4498146.0,89039986688.0
DECK,2025-12-01 18:32:20,0.8393518518518518,92.225,4.7656913,0.6574896057215583,3798965.0,13680966656.0
DIS,2025-12-01 18:32:20,0.6747685185185185,106.53,1.9718556,0.5883279936487319,9475903.0,191533891584.0
EDU,2025-12-01 18:32:20,0.774537037037037,53.27,4.165039,0.5702532964534708,1055680.0,8880754688.0
ELF,2025-12-01 18:32:20,0.7111111111111112,78.71,3.3346474,0.5348520858869296,2206855.0,4694009856.0
FIZZ,2025-12-01 18:32:20,0.6738425925925926,35.36,3.8167915,0.4558128760492803,328082.0,3310412032.0
FND,2025-12-01 18:32:20,0.7018518518518518,65.934,3.6372197,0.5020855958761433,2383012.0,7104792576.0
GSHD,2025-12-01 18:32:20,0.8861111111111111,75.405,5.3878345,0.760825457846121,337122.0,2832066048.0
JBHT,2025-12-01 18:32:20,0.6784722222222223,180.51,3.7652261,0.4019475404930894,1363566.0,17473236992.0
MNDY,2025-12-01 18:32:20,0.8895833333333333,150.7375,4.780691,0.7779923344518671,1299320.0,7770739200.0
NTES,2025-12-01 18:32:20,0.9342592592592592,146.58,6.17892,0.8652272636623153,702004.0,94282014720.0
ODFL,2025-12-01 18:32:20,0.8266203703703703,142.6,5.403218,0.5375217922905433,2074128.0,29969979392.0
PACS,2025-12-01 18:32:20,0.7444444444444445,34.43,3.0529795,1.014580047198073,1635660.0,5392259072.0
RDDT,2025-12-01 18:32:20,0.8027777777777777,225.75,4.2869678,0.5487565388311688,5654298.0,42778669056.0
RGC,2025-12-01 18:32:20,0.7000000000000001,12.09,4.856899,0.5143724315758373,186155.0,5978371072.0
RH,2025-12-01 18:32:20,0.7337962962962963,163.42,3.6994746,0.4872341293986651,1053473.0,3063319296.0
SAIA,2025-12-01 18:32:20,0.8564814814814815,298.825,6.131913,0.5532976227016644,504985.0,7961487360.0
SKE,2025-12-01 18:32:20,0.6756944444444445,21.54,3.40855,0.565596531335418,782549.0,2608350464.0
SN,2025-12-01 18:32:20,0.7046296296296296,101.35,3.8741405,0.4451600365846188,1893692.0,14305208320.0
SNPS,2025-12-01 18:32:20,0.9386574074074072,437.705,4.711604,1.2269984327182686,3030087.0,81303117824.0
THO,2025-12-01 18:32:20,0.7891203703703704,109.54,3.7114165,0.5846754250509297,628807.0,5787947520.0
ULTA,2025-12-01 18:32:20,0.7719907407407408,556.27,3.2366426,0.5625465640789455,590584.0,25001893888.0
URBN,2025-12-01 18:32:20,0.8726851851851851,77.78,5.0087743,0.7966193931634581,2094831.0,6977835520.0
VNOM,2025-12-01 18:32:20,0.7395833333333333,38.155,4.4483986,0.5305368356099744,1653020.0,12446375936.0
VSCO,2025-12-01 18:32:20,0.6981481481481482,43.06,4.18582,0.4834756282881416,2375582.0,3451883008.0
WB,2025-12-01 18:32:20,0.7261574074074073,10.365,4.275656,0.7244128793530482,1172885.0,2555671552.0
WING,2025-12-01 18:32:20,0.7631944444444445,272.385,2.891625,0.6129517797620261,932119.0,7606011904.0
WLK,2025-12-01 18:32:20,0.8467592592592592,69.495,4.0188675,0.8428109347665179,1252409.0,8914342912.0
WYNN,2025-12-01 18:32:20,0.8840277777777777,134.31,4.3751984,0.8491773574524021,1686577.0,13965086720.0
ACN,2025-12-01 19:02:27,0.7744444444444444,258.01,3.2040038,0.6268351355213643,4618460.0,160702218240.0
ALAB,2025-12-01 19:02:27,0.8984444444444444,172.215,9.294274,0.7211927860237408,6312247.0,29087735808.0
AMKR,2025-12-01 19:02:27,0.762,37.915,4.190716,0.6849568517785284,3018085.0,9372339200.0
ANF,2025-12-01 19:02:27,0.9206666666666666,103.34,5.5890403,1.0863714327735494,2032987.0,4738758656.0
ARWR,2025-12-01 19:02:27,0.8311111111111111,56.08,6.417318,0.6338641774066821,2387644.0,7753483776.0
ASH,2025-12-01 19:02:27,0.965111111111111,58.675,11.793843,1.8609478144236,722441.0,2682510080.0
ATAT,2025-12-01 19:02:27,0.8617777777777776,40.585,5.77274,0.8382322698338579,1239963.0,5608276480.0
BABA,2025-12-01 19:02:27,0.7988888888888889,164.4736,4.559692,0.5886092917049318,19124219.0,392433401856.0
BBWI,2025-12-01 19:02:27,0.8728888888888888,19.17,10.109135,1.627675681520991,7915787.0,3924513024.0
BF-B,2025-12-01 19:02:27,0.7531111111111111,30.045,3.6749501,0.8255508873494738,3558350.0,14218485760.0
BHC,2025-12-01 19:02:27,0.8586666666666667,7.27,14.488191,2.2046867891569395,2193698.0,2696804608.0
BLTE,2025-12-01 19:02:27,0.9902222222222222,151.685,10.364519,6.958454181149954,90334.0,5292440064.0
CAI,2025-12-01 19:02:27,0.8066666666666666,26.46,3.642767,2.6078996549669737,1005411.0,7465607168.0
CAVA,2025-12-01 19:02:27,0.879111111111111,52.08,6.5247235,0.883807949658876,4278649.0,6040557568.0
CELH,2025-12-01 19:02:27,0.8079999999999999,43.02,5.0806103,0.7184671759745522,6334217.0,11089923072.0
CEPU,2025-12-01 19:02:27,0.7315555555555556,16.62,4.52831,0.5973462891055044,485961.0,2837654016.0
CHA,2025-12-01 19:02:27,0.863111111111111,16.065,7.169062,1.0330696279120837,847031.0,2984113920.0
CHYM,2025-12-01 19:02:27,0.8468888888888888,22.53,6.6287956,0.9561138773845512,3631239.0,8439242240.0
CRWV,2025-12-01 19:02:27,0.69,76.14,4.131322,0.5367524576523743,30192838.0,37941895168.0
DASH,2025-12-01 19:02:27,0.8486666666666667,206.27,3.9824617,0.81268993936613,4498146.0,88902066176.0
DECK,2025-12-01 19:02:27,0.8637777777777778,92.47,5.043738,0.812476556114626,3798965.0,13717310464.0
DKS,2025-12-01 19:02:27,0.8526666666666667,213.285,3.2507122,0.980300282488578,1463422.0,19126614016.0
EDU,2025-12-01 19:02:27,0.760888888888889,53.3,4.2236996,0.587661980903304,1055680.0,8885755904.0
ELF,2025-12-01 19:02:27,0.7168888888888889,78.915,3.6058347,0.5659764687757012,2206855.0,4706235392.0
FANG,2025-12-01 19:02:27,0.7508888888888889,156.96,2.8638904,0.7046641116967918,1832246.0,45437743104.0
FISV,2025-12-01 19:02:27,0.6908888888888889,63.43,3.1885457,0.596896135744153,9011541.0,34480115712.0
FIZZ,2025-12-01 19:02:27,0.6960000000000001,35.36,3.8167915,0.5409166001182631,328082.0,3310412032.0
FND,2025-12-01 19:02:27,0.7155555555555555,65.794,3.417164,0.5803655206100515,2383012.0,7089706496.0
GSHD,2025-12-01 19:02:27,0.9015555555555556,75.95,6.149537,0.8304649355426226,337122.0,2852535040.0
MNDY,2025-12-01 19:02:27,0.8882222222222222,150.825,4.84151,0.8216520949419697,1299320.0,7775249408.0
MRVL,2025-12-01 19:02:27,0.689111111111111,92.575,3.551449,0.5594293542038218,19923252.0,79818162176.0
MSGE,2025-12-01 19:02:27,0.6851111111111111,50.965,3.0220313,0.5928607467204844,356760.0,2407163904.0
NTES,2025-12-01 19:02:27,0.9344444444444444,146.525,6.1390734,0.9253494282083864,702004.0,94246633472.0
ODFL,2025-12-01 19:02:27,0.8115555555555556,141.475,4.5716705,0.5835840411006457,2074128.0,29733539840.0
OLN,2025-12-01 19:02:27,0.699111111111111,21.855,3.578195,0.6654695070426244,2657958.0,2505490688.0
RDDT,2025-12-01 19:02:27,0.7808888888888889,225.2305,4.0469804,0.5723762702284174,5654298.0,42680225792.0
SAIA,2025-12-01 19:02:27,0.8622222222222222,295.8399,5.0756745,0.6096735546600394,504985.0,7881955840.0
SKE,2025-12-01 19:02:27,0.732,21.74,4.368698,0.6010895164392261,782549.0,2632569088.0
SN,2025-12-01 19:02:27,0.7184444444444444,101.61,4.140618,0.4930426912084964,1893692.0,14341906432.0
SNPS,2025-12-01 19:02:27,0.9437777777777778,438.62,4.9305005,1.2947268510772132,3030087.0,81473085440.0
TEAM,2025-12-01 19:02:27,0.7002222222222223,154.212,3.1242561,0.5437272407533067,2814790.0,40593432576.0
THO,2025-12-01 19:02:27,0.7457777777777778,108.8,3.0107937,0.6676070718042261,628807.0,5748846592.0
U,2025-12-01 19:02:27,0.7153333333333333,44.13,3.786455,0.6126622337017102,10331084.0,18883792896.0
UNF,2025-12-01 19:02:27,0.6948888888888889,177.4,2.810774,0.5557521149252806,145277.0,3207713280.0
URBN,2025-12-01 19:02:27,0.8859999999999999,77.93,5.2112875,0.8845610934724567,2094831.0,6991292416.0
VNOM,2025-12-01 19:02:27,0.7346666666666667,38.165,4.4757795,0.5707680487834388,1653020.0,12449638400.0
VSCO,2025-12-01 19:02:27,0.704,43.13,4.355188,0.5344643965142015,2375582.0,3457494528.0
WB,2025-12-01 19:02:27,0.7328888888888888,10.38,4.4265647,0.7873167446083802,1172885.0,2559369984.0
WLK,2025-12-01 19:02:27,0.8531111111111112,69.63,4.220925,0.9310720379684272,1252409.0,8931658752.0
WYNN,2025-12-01 19:02:27,0.8757777777777778,134.2475,4.326628,0.8918181618746135,1686577.0,13958588416.0
ACN,2025-12-01 19:33:37,0.7915865384615385,257.61,3.0439942,0.6784135837486954,4618460.0,160453066752.0
AEO,2025-12-01 19:33:37,0.7096153846153845,21.065,3.2598085,0.8482926225759378,9861030.0,3649895680.0
AG,2025-12-01 19:33:37,0.66875,15.64,2.6920605,0.954500600531174,21281160.0,7669169152.0
ALAB,2025-12-01 19:33:37,0.902403846153846,170.41,8.148757,0.8241551701002828,6312247.0,28782866432.0
AMKR,2025-12-01 19:33:37,0.7415865384615383,37.5599,3.2148914,0.7321599623602384,3018085.0,9284560896.0
ANF,2025-12-01 19:33:37,0.9274038461538462,103.15,5.3949103,1.267416860019272,2032987.0,4730046464.0
APLD,2025-12-01 19:33:37,0.6673076923076923,28.27,4.317343,0.5736178288384941,30615926.0,7906720256.0
ARWR,2025-12-01 19:33:37,0.8485576923076924,56.12,6.48956,0.6928369555930448,2387644.0,7759013888.0
ASH,2025-12-01 19:33:37,0.9670673076923076,58.395,11.26036,2.0991790333051417,722441.0,2669709056.0
ATAT,2025-12-01 19:33:37,0.8877403846153846,40.4,5.2905984,0.996018429582173,1239963.0,5582712832.0
B,2025-12-01 19:33:37,0.6836538461538462,42.025,1.6569941,0.8997981578364399,21974596.0,71855284224.0
BABA,2025-12-01 19:33:37,0.7865384615384614,164.18,4.373801,0.6120954272694744,19124219.0,391732854784.0
BBWI,2025-12-01 19:33:37,0.885576923076923,19.145,9.965541,1.687949915782221,7915787.0,3919395072.0
BF-A,2025-12-01 19:33:37,0.6927884615384615,29.535,3.5952284,0.5570914496970055,203139.0,13962749952.0
BF-B,2025-12-01 19:33:37,0.8182692307692307,30.07,3.7612152,1.138893026262172,3558350.0,14230316032.0
BHC,2025-12-01 19:33:37,0.8701923076923077,7.1986,13.363779,2.3285643693890408,2193698.0,2670318592.0
BLTE,2025-12-01 19:33:37,0.9894230769230768,151.8,10.448195,7.072619390262802,90334.0,5296452608.0
CAI,2025-12-01 19:33:37,0.8334134615384615,26.425,3.505674,2.8128267942164946,1005411.0,7455731712.0
CAVA,2025-12-01 19:33:37,0.8887019230769231,51.799,5.950093,0.9705998318628146,4278649.0,6007965184.0
CELH,2025-12-01 19:33:37,0.8225961538461537,42.98,4.9822955,0.7847871331215839,6334217.0,11079612416.0
CEPU,2025-12-01 19:33:37,0.7699519230769231,16.74,5.28302,0.654750072536685,485961.0,2858142208.0
CHA,2025-12-01 19:33:37,0.8670673076923077,15.99,6.6800265,1.0589116573065211,847031.0,2970182400.0
CHYM,2025-12-01 19:33:37,0.8596153846153844,22.43,6.152396,1.0017845148721964,3631239.0,8401784320.0
CRWV,2025-12-01 19:33:37,0.6778846153846153,75.46,3.2002137,0.5788246868346725,30192838.0,37603037184.0
DASH,2025-12-01 19:33:37,0.8627403846153846,205.94,3.8161051,0.8796121779951117,4498146.0,88759836672.0
DECK,2025-12-01 19:33:37,0.8699519230769232,92.305,4.856301,0.8945033713129761,3798965.0,13692833792.0
DIS,2025-12-01 19:33:37,0.7201923076923076,106.205,1.6609552,0.6886281972282747,9475903.0,190949572608.0
DVN,2025-12-01 19:33:37,0.6805288461538461,37.855,2.145165,0.6848425620552887,7721582.0,24030353408.0
EDU,2025-12-01 19:33:37,0.7516826923076924,53.17,3.9694932,0.6061249621097302,1055680.0,8864083968.0
FISV,2025-12-01 19:33:37,0.7096153846153845,62.855,2.2531288,0.6763815422911575,9011541.0,34167547904.0
FIZZ,2025-12-01 19:33:37,0.7423076923076922,35.3,3.6406279,0.620143744551667,328082.0,3304794624.0
GSHD,2025-12-01 19:33:37,0.889423076923077,75.46,5.464704,0.8779521953476783,337122.0,2834131712.0
JBHT,2025-12-01 19:33:37,0.715625,179.755,3.3312244,0.5047478449888014,1363566.0,17400154112.0
MNDY,2025-12-01 19:33:37,0.8528846153846154,149.195,3.7084713,0.8514107379244528,1299320.0,7691220992.0
MRVL,2025-12-01 19:33:37,0.6908653846153846,92.17,3.0984302,0.593750809355822,19923252.0,79468969984.0
NTES,2025-12-01 19:33:37,0.934375,146.09,5.8239717,0.9789417154318208,702004.0,93966835712.0
NVDA,2025-12-01 19:33:37,0.6632211538461538,178.76,1.0057627,0.6627041725024909,191772396.0,4344761810944.0
ODFL,2025-12-01 19:33:37,0.8146634615384615,141.25,4.405357,0.6214915376485926,2074128.0,29686249472.0
RDDT,2025-12-01 19:33:37,0.796875,224.165,3.5549352,0.6295304916719989,5654298.0,42478317568.0
RGC,2025-12-01 19:33:37,0.6639423076923077,11.975,3.8586662,0.5666997931831002,186155.0,5921504768.0
SAIA,2025-12-01 19:33:37,0.8524038461538461,295.33,4.8906054,0.6423972989296711,504985.0,7868370432.0
SKE,2025-12-01 19:33:37,0.7134615384615384,21.53,3.3605413,0.6582642109312005,782549.0,2607139584.0
SN,2025-12-01 19:33:37,0.7495192307692308,101.5,4.027878,0.5524129583902768,1893692.0,14326380544.0
SNPS,2025-12-01 19:33:37,0.9403846153846154,437.6423,4.6966085,1.3559472054762784,3030087.0,81291476992.0
U,2025-12-01 19:33:37,0.7170673076923075,43.92,3.2925627,0.6469457609675809,10331084.0,18793930752.0
URBN,2025-12-01 19:33:37,0.880048076923077,77.56,4.711756,0.9568423419359366,2094831.0,6958098432.0
VNOM,2025-12-01 19:33:37,0.7564903846153846,37.99,3.9967232,0.6265495880267631,1653020.0,12392552448.0
VSCO,2025-12-01 19:33:37,0.7995192307692308,43.4077,5.0292473,0.6330747581013831,2375582.0,3479756032.0
WB,2025-12-01 19:33:37,0.73125,10.335,3.9738479,0.8174646278194367,1172885.0,2548274432.0
WYNN,2025-12-01 19:33:37,0.8353365384615384,132.78,3.1862032,0.9496797359385312,1686577.0,13806003200.0
AEO,2025-12-01 19:52:28,0.7263636363636364,21.105,3.455882,0.8717391590939283,9861030.0,3656826112.0
AG,2025-12-01 19:52:28,0.666590909090909,15.625,2.5941133,0.9863910613895108,21281160.0,7661813248.0
ALAB,2025-12-01 19:52:28,0.9086363636363636,170.1,7.95202,0.8515042266248454,6312247.0,28730505216.0
AMKR,2025-12-01 19:52:28,0.7556818181818182,37.58,3.2701359,0.7619351343650029,3018085.0,9289530368.0
ANF,2025-12-01 19:52:28,0.9409090909090908,103.41,5.660571,1.3313828371750531,2032987.0,4741968896.0
APLD,2025-12-01 19:52:28,0.6993181818181818,28.47,5.0553465,0.6092722787479954,30615926.0,7962657280.0
ARWR,2025-12-01 19:52:28,0.8645454545454545,56.39,7.001895,0.7458373191313278,2387644.0,7796343296.0
ASH,2025-12-01 19:52:28,0.9688636363636364,58.33,11.136518,2.2282151760489786,722441.0,2666737664.0
ATAT,2025-12-01 19:52:28,0.8904545454545454,40.353,5.1681046,1.0478312659329352,1239963.0,5576217600.0
B,2025-12-01 19:52:28,0.6927272727272726,42.0799,1.7897887,0.9281853463881656,21974596.0,71949148160.0
BABA,2025-12-01 19:52:28,0.7886363636363636,164.17,4.3674474,0.629219682121398,19124219.0,391708999680.0
BBWI,2025-12-01 19:52:28,0.8938636363636362,19.165,10.08042,1.7217548931015956,7915787.0,3923489536.0
BF-A,2025-12-01 19:52:28,0.6761363636363636,29.4,3.1217096,0.597157611290791,203139.0,13898928128.0
BF-B,2025-12-01 19:52:28,0.8213636363636363,30.06,3.726708,1.2559989882951368,3558350.0,14225583104.0
BHC,2025-12-01 19:52:28,0.8731818181818182,7.205,13.464567,2.3970674176664244,2193698.0,2672692736.0
BLTE,2025-12-01 19:52:28,0.9875,151.07,9.917058,7.140722208692186,90334.0,5270982656.0
CAI,2025-12-01 19:52:28,0.8209090909090908,26.36,3.2510767,2.9163575890854587,1005411.0,7437392896.0
CAVA,2025-12-01 19:52:28,0.8897727272727273,51.6025,5.5481725,1.0208315755744397,4278649.0,5985174016.0
CELH,2025-12-01 19:52:28,0.8204545454545454,42.9,4.7875013,0.8226407462832422,6334217.0,11058990080.0
CEPU,2025-12-01 19:52:28,0.7856818181818181,16.71,5.0943365,0.7235951033107595,485961.0,2853020160.0
CHA,2025-12-01 19:52:28,0.8715909090909091,16.0,6.737827,1.0728674629381922,847031.0,2972039936.0
CHYM,2025-12-01 19:52:28,0.8638636363636363,22.475,6.365363,1.028494681842754,3631239.0,8418640384.0
CRWV,2025-12-01 19:52:28,0.7188636363636364,76.05,4.007112,0.5952188065262365,30192838.0,37897048064.0
DASH,2025-12-01 19:52:28,0.7877272727272726,205.075,3.3801334,0.6541639599959628,4498146.0,88387018752.0
DECK,2025-12-01 19:52:28,0.8793181818181819,92.335,4.8903785,0.944480141301644,3798965.0,13697284096.0
DIS,2025-12-01 19:52:28,0.7197727272727273,106.09,1.5506797,0.7102987440880304,9475903.0,190742790144.0
DVN,2025-12-01 19:52:28,0.6843181818181817,37.885,2.2258112,0.7223296987586223,7721582.0,24049397760.0
EDU,2025-12-01 19:52:28,0.7593181818181818,53.13,3.891282,0.6165893073658685,1055680.0,8857415680.0
FISV,2025-12-01 19:52:28,0.7109090909090908,62.685,1.9765742,0.7290877331635066,9011541.0,34075138048.0
FIZZ,2025-12-01 19:52:28,0.7675000000000001,35.34,3.7580702,0.6648947519217756,328082.0,3308539648.0
GSHD,2025-12-01 19:52:28,0.8931818181818181,75.385,5.3598866,0.9167007789464942,337122.0,2831314944.0
JBHT,2025-12-01 19:52:28,0.7418181818181818,180.46,3.7386403,0.5322859326207899,1363566.0,17468399616.0
MNDY,2025-12-01 19:52:28,0.865,149.4,3.8509614,0.881841270818582,1299320.0,7701788160.0
MRVL,2025-12-01 19:52:28,0.6975,92.145,3.0704644,0.6145288429820593,19923252.0,79447416832.0
NTES,2025-12-01 19:52:28,0.9452272727272728,145.97,5.7370505,1.0411336687540242,702004.0,93889650688.0
NVDA,2025-12-01 19:52:28,0.6765909090909091,179.13,1.2148626,0.6917477372499429,191772396.0,4353754923008.0
ODFL,2025-12-01 19:52:28,0.8247727272727272,141.45,4.553185,0.6545406069442194,2074128.0,29728282624.0
ONON,2025-12-01 19:52:28,0.7140909090909091,45.125,2.580128,0.7360185449323173,6951333.0,14898787328.0
RDDT,2025-12-01 19:52:28,0.7909090909090909,224.0,3.4785414,0.6442875844180834,5654298.0,42447048704.0
SAIA,2025-12-01 19:52:28,0.8593181818181819,296.215,5.203959,0.6594116656930404,504985.0,7891949568.0
SKE,2025-12-01 19:52:28,0.7274999999999999,21.565,3.5285676,0.6767103401831707,782549.0,2611377920.0
SN,2025-12-01 19:52:28,0.7931818181818182,101.63,4.1638865,0.6340497821187395,1893692.0,14344729600.0
SNPS,2025-12-01 19:52:28,0.9488636363636362,439.0,5.0214086,1.38021746570313,3030087.0,81543667712.0
U,2025-12-01 19:52:28,0.7079545454545455,43.78,2.9633074,0.681918083329881,10331084.0,18734022656.0
URBN,2025-12-01 19:52:28,0.8829545454545454,77.59,4.752257,0.9917621039596988,2094831.0,6960789504.0
VNOM,2025-12-01 19:52:28,0.7654545454545455,37.91,3.7787542,0.6731424907139659,1653020.0,12366455808.0
VSCO,2025-12-01 19:52:28,0.8229545454545454,43.605,5.5044703,0.6804202086057227,2375582.0,3495572480.0
WB,2025-12-01 19:52:28,0.7222727272727273,10.295,3.5714338,0.8411873286809874,1172885.0,2538411776.0
WYNN,2025-12-01 19:52:28,0.8631818181818183,133.045,3.39214,1.009796765875498,1686577.0,13833556992.0
YETI,2025-12-01 19:52:28,0.6738636363636363,42.825,3.2425294,0.5641302030546552,1754306.0,3478427392.0
AEO,2025-12-01 19:52:29,0.7263636363636364,21.105,3.455882,0.8717391590939283,9861030.0,3656826112.0
AG,2025-12-01 19:52:29,0.666590909090909,15.625,2.5941133,0.9863910613895108,21281160.0,7661813248.0
ALAB,2025-12-01 19:52:29,0.9086363636363636,170.1,7.95202,0.8515042266248454,6312247.0,28730505216.0
AMKR,2025-12-01 19:52:29,0.7556818181818182,37.58,3.2701359,0.7619351343650029,3018085.0,9289530368.0
ANF,2025-12-01 19:52:29,0.9409090909090908,103.41,5.660571,1.3313828371750531,2032987.0,4741968896.0
APLD,2025-12-01 19:52:29,0.6993181818181818,28.47,5.0553465,0.6092722787479954,30615926.0,7962657280.0
ARWR,2025-12-01 19:52:29,0.8645454545454545,56.39,7.001895,0.7458373191313278,2387644.0,7796343296.0
ASH,2025-12-01 19:52:29,0.9688636363636364,58.33,11.136518,2.2282151760489786,722441.0,2666737664.0
ATAT,2025-12-01 19:52:29,0.8904545454545454,40.353,5.1681046,1.0478312659329352,1239963.0,5576217600.0
B,2025-12-01 19:52:29,0.6927272727272726,42.0799,1.7897887,0.9281853463881656,21974596.0,71949148160.0
BABA,2025-12-01 19:52:29,0.7886363636363636,164.17,4.3674474,0.629219682121398,19124219.0,391708999680.0
BBWI,2025-12-01 19:52:29,0.8938636363636362,19.165,10.08042,1.7217548931015956,7915787.0,3923489536.0
BF-A,2025-12-01 19:52:29,0.6761363636363636,29.4,3.1217096,0.597157611290791,203139.0,13898928128.0
BF-B,2025-12-01 19:52:29,0.8213636363636363,30.06,3.726708,1.2559989882951368,3558350.0,14225583104.0
BHC,2025-12-01 19:52:29,0.8731818181818182,7.205,13.464567,2.3970674176664244,2193698.0,2672692736.0
BLTE,2025-12-01 19:52:29,0.9875,151.07,9.917058,7.140722208692186,90334.0,5270982656.0
CAI,2025-12-01 19:52:29,0.8209090909090908,26.36,3.2510767,2.9163575890854587,1005411.0,7437392896.0
CAVA,2025-12-01 19:52:29,0.8897727272727273,51.6025,5.5481725,1.0208315755744397,4278649.0,5985174016.0
CELH,2025-12-01 19:52:29,0.8204545454545454,42.9,4.7875013,0.8226407462832422,6334217.0,11058990080.0
CEPU,2025-12-01 19:52:29,0.7856818181818181,16.71,5.0943365,0.7235951033107595,485961.0,2853020160.0
CHA,2025-12-01 19:52:29,0.8715909090909091,16.0,6.737827,1.0728674629381922,847031.0,2972039936.0
CHYM,2025-12-01 19:52:29,0.8638636363636363,22.475,6.365363,1.028494681842754,3631239.0,8418640384.0
CRWV,2025-12-01 19:52:29,0.7188636363636364,76.05,4.007112,0.5952188065262365,30192838.0,37897048064.0
DASH,2025-12-01 19:52:29,0.7877272727272726,205.075,3.3801334,0.6541639599959628,4498146.0,88387018752.0
DECK,2025-12-01 19:52:29,0.8793181818181819,92.335,4.8903785,0.944480141301644,3798965.0,13697284096.0
DIS,2025-12-01 19:52:29,0.7197727272727273,106.09,1.5506797,0.7102987440880304,9475903.0,190742790144.0
DVN,2025-12-01 19:52:29,0.6843181818181817,37.885,2.2258112,0.7223296987586223,7721582.0,24049397760.0
EDU,2025-12-01 19:52:29,0.7593181818181818,53.13,3.891282,0.6165893073658685,1055680.0,8857415680.0
FISV,2025-12-01 19:52:29,0.7109090909090908,62.685,1.9765742,0.7290877331635066,9011541.0,34075138048.0
FIZZ,2025-12-01 19:52:29,0.7675000000000001,35.34,3.7580702,0.6648947519217756,328082.0,3308539648.0
GSHD,2025-12-01 19:52:29,0.8931818181818181,75.385,5.3598866,0.9167007789464942,337122.0,2831314944.0
JBHT,2025-12-01 19:52:29,0.7418181818181818,180.46,3.7386403,0.5322859326207899,1363566.0,17468399616.0
MNDY,2025-12-01 19:52:29,0.865,149.4,3.8509614,0.881841270818582,1299320.0,7701788160.0
MRVL,2025-12-01 19:52:29,0.6975,92.145,3.0704644,0.6145288429820593,19923252.0,79447416832.0
NTES,2025-12-01 19:52:29,0.9452272727272728,145.97,5.7370505,1.0411336687540242,702004.0,93889650688.0
NVDA,2025-12-01 19:52:29,0.6765909090909091,179.13,1.2148626,0.6917477372499429,191772396.0,4353754923008.0
ODFL,2025-12-01 19:52:29,0.8247727272727272,141.45,4.553185,0.6545406069442194,2074128.0,29728282624.0
ONON,2025-12-01 19:52:29,0.7140909090909091,45.125,2.580128,0.7360185449323173,6951333.0,14898787328.0
RDDT,2025-12-01 19:52:29,0.7909090909090909,224.0,3.4785414,0.6442875844180834,5654298.0,42447048704.0
SAIA,2025-12-01 19:52:29,0.8593181818181819,296.215,5.203959,0.6594116656930404,504985.0,7891949568.0
SKE,2025-12-01 19:52:29,0.7274999999999999,21.565,3.5285676,0.6767103401831707,782549.0,2611377920.0
SN,2025-12-01 19:52:29,0.7931818181818182,101.63,4.1638865,0.6340497821187395,1893692.0,14344729600.0
SNPS,2025-12-01 19:52:29,0.9488636363636362,439.0,5.0214086,1.38021746570313,3030087.0,81543667712.0
U,2025-12-01 19:52:29,0.7079545454545455,43.78,2.9633074,0.681918083329881,10331084.0,18734022656.0
URBN,2025-12-01 19:52:29,0.8829545454545454,77.59,4.752257,0.9917621039596988,2094831.0,6960789504.0
VNOM,2025-12-01 19:52:29,0.7654545454545455,37.91,3.7787542,0.6731424907139659,1653020.0,12366455808.0
VSCO,2025-12-01 19:52:29,0.8229545454545454,43.605,5.5044703,0.6804202086057227,2375582.0,3495572480.0
WB,2025-12-01 19:52:29,0.7222727272727273,10.295,3.5714338,0.8411873286809874,1172885.0,2538411776.0
WYNN,2025-12-01 19:52:29,0.8631818181818183,133.045,3.39214,1.009796765875498,1686577.0,13833556992.0
YETI,2025-12-01 19:52:29,0.6738636363636363,42.825,3.2425294,0.5641302030546552,1754306.0,3478427392.0
AEO,2025-12-01 20:21:11,0.7148936170212765,21.045,3.161767,0.9324118271620712,9861030.0,3646430208.0
ALAB,2025-12-01 20:21:11,0.9036170212765956,167.7,6.4354167,0.9170271695641822,6312247.0,28325136384.0
AMKR,2025-12-01 20:21:11,0.7617021276595743,37.685,3.5586755,0.8016871625550639,3018085.0,9315484672.0
ANF,2025-12-01 20:21:11,0.923191489361702,102.9,5.139469,1.398724635228853,2032987.0,4718582272.0
APLD,2025-12-01 20:21:11,0.7370212765957447,28.871,6.5350547,0.6623084011896292,30615926.0,8074811392.0
APP,2025-12-01 20:21:11,0.7025531914893617,622.69,3.8718865,0.5052467216621928,6950626.0,210624839680.0
ARWR,2025-12-01 20:21:11,0.872127659574468,56.963,8.112738,0.815877073801622,2387644.0,7875565056.0
ASH,2025-12-01 20:21:11,0.9714893617021276,58.565,11.584258,2.354838665025933,722441.0,2677481216.0
ATAT,2025-12-01 20:21:11,0.8970212765957446,40.495,5.538181,1.1259940820814816,1239963.0,5595840000.0
B,2025-12-01 20:21:11,0.7038297872340425,42.195,2.0682137,0.9790040736130028,21974596.0,72145952768.0
BABA,2025-12-01 20:21:11,0.7914893617021277,164.775,4.7520604,0.6618183989631158,19124219.0,393152528384.0
BBWI,2025-12-01 20:21:11,0.8808510638297873,19.025,9.276277,1.827792865068249,7915787.0,3894828288.0
BF-B,2025-12-01 20:21:11,0.801063829787234,29.945,3.3298833,1.3602048702347995,3558350.0,14171161600.0
BHC,2025-12-01 20:21:11,0.8676595744680851,7.18,13.070865,2.4753721797622097,2193698.0,2663418880.0
BLTE,2025-12-01 20:21:11,0.9897872340425532,151.78,10.4336405,7.326322314964465,90334.0,5295754752.0
CAAP,2025-12-01 20:21:11,0.6912765957446808,26.1135,3.011835,0.6932648151256526,232347.0,4259575808.0
CAVA,2025-12-01 20:21:11,0.8906382978723405,51.8,5.9521375,1.0971084564309903,4278649.0,6008080896.0
CELH,2025-12-01 20:21:11,0.8202127659574469,42.8926,4.7694244,0.8731260706729813,6334217.0,11057081344.0
CEPU,2025-12-01 20:21:11,0.7129787234042552,16.405,3.1761074,0.7788073528534183,485961.0,2800945408.0
CHA,2025-12-01 20:21:11,0.8634042553191489,16.04,7.0046773,1.0942385815867424,847031.0,2979470080.0
CHYM,2025-12-01 20:21:11,0.8514893617021276,22.455,6.270709,1.0823124008086495,3631239.0,8411148800.0
CRWV,2025-12-01 20:21:11,0.7506382978723405,76.902,5.172316,0.6397856670512391,30192838.0,38321614848.0
DASH,2025-12-01 20:21:11,0.8714893617021277,205.785,3.737969,0.9683227267411952,4498146.0,88693030912.0
DECK,2025-12-01 20:21:11,0.8827659574468084,92.325,4.8790164,1.021198931814323,3798965.0,13695800320.0
DIS,2025-12-01 20:21:11,0.7204255319148937,106.31,1.7612677,0.7659112804341708,9475903.0,191138332672.0
EDU,2025-12-01 20:21:11,0.7391489361702128,53.015,3.6707125,0.6392097984237648,1055680.0,8838243328.0
FISV,2025-12-01 20:21:11,0.7340425531914894,62.99,2.4727516,0.8256014148967419,9011541.0,34240933888.0
FIZZ,2025-12-01 20:21:11,0.7625531914893616,35.28,3.5819066,0.7331002615199859,328082.0,3302922240.0
GIL,2025-12-01 20:21:11,0.8423404255319149,57.52,3.0455048,1.9163008532979464,1208722.0,8581518336.0
GSHD,2025-12-01 20:21:11,0.8882978723404255,75.28,5.2131314,0.9573507513600418,337122.0,2827371264.0
JBHT,2025-12-01 20:21:11,0.7195744680851064,179.525,3.1990037,0.5771645816924154,1363566.0,17377890304.0
MNDY,2025-12-01 20:21:11,0.8719148936170213,149.77,4.1081634,0.9302704491580212,1299320.0,7720863232.0
MRVL,2025-12-01 20:21:11,0.6908510638297871,92.11,3.031319,0.647504232742727,19923252.0,79417245696.0
NBIS,2025-12-01 20:21:11,0.6982978723404255,100.8401,6.2929273,0.509509342603191,21554592.0,25392265216.0
NTES,2025-12-01 20:21:11,0.941063829787234,146.23,5.927531,1.112623289895784,702004.0,94056882176.0
ODFL,2025-12-01 20:21:11,0.8140425531914894,141.36,4.486664,0.6983243078537101,2074128.0,29709369344.0
ONON,2025-12-01 20:21:11,0.7144680851063828,45.165,2.6710598,0.7985046896760665,6951333.0,14911994880.0
RDDT,2025-12-01 20:21:11,0.7848936170212766,224.205,3.5732436,0.6646062871111498,5654298.0,42485899264.0
SAIA,2025-12-01 20:21:11,0.8434042553191489,296.03,5.139225,0.6984346069685238,504985.0,7887020544.0
SKE,2025-12-01 20:21:11,0.7317021276595745,21.59,3.6485848,0.7220736337277283,782549.0,2614405120.0
SN,2025-12-01 20:21:11,0.8148936170212765,101.64,4.171364,0.7267126861179115,1893692.0,14346140672.0
SNPS,2025-12-01 20:21:11,0.9425531914893616,437.92,4.763045,1.4172682170511937,3030087.0,81343062016.0
TMDX,2025-12-01 20:21:11,0.8274468085106383,151.32,3.424243,0.8136254972818465,987619.0,5171258880.0
UNF,2025-12-01 20:21:11,0.8025531914893617,178.55,3.477253,0.7121911933754138,145277.0,3228507648.0
URBN,2025-12-01 20:21:11,0.901063829787234,77.99,5.292289,1.0732760781179962,2094831.0,6996675072.0
VNOM,2025-12-01 20:21:11,0.7663829787234044,37.86,3.641616,0.7744383008070078,1653020.0,12350145536.0
VSCO,2025-12-01 20:21:11,0.8268085106382979,43.91,6.242434,0.7655479794004164,2375582.0,3520022528.0
WB,2025-12-01 20:21:11,0.7223404255319149,10.3,3.6217368,0.8715688238829894,1172885.0,2539644672.0
WF,2025-12-01 20:21:11,0.7751063829787234,56.599,3.0009067,0.8295371200391166,49084.0,13848310784.0
WYNN,2025-12-01 20:21:11,0.8834042553191488,133.505,3.7494757,1.0615263933991748,1686577.0,13881387008.0
AEO,2025-12-01 20:21:12,0.7148936170212765,21.045,3.161767,0.9324118271620712,9861030.0,3646430208.0
ALAB,2025-12-01 20:21:12,0.9036170212765956,167.7,6.4354167,0.9170271695641822,6312247.0,28325136384.0
AMKR,2025-12-01 20:21:12,0.7617021276595743,37.685,3.5586755,0.8016871625550639,3018085.0,9315484672.0
ANF,2025-12-01 20:21:12,0.923191489361702,102.9,5.139469,1.398724635228853,2032987.0,4718582272.0
APLD,2025-12-01 20:21:12,0.7370212765957447,28.871,6.5350547,0.6623084011896292,30615926.0,8074811392.0
APP,2025-12-01 20:21:12,0.7025531914893617,622.69,3.8718865,0.5052467216621928,6950626.0,210624839680.0
ARWR,2025-12-01 20:21:12,0.872127659574468,56.963,8.112738,0.815877073801622,2387644.0,7875565056.0
ASH,2025-12-01 20:21:12,0.9714893617021276,58.565,11.584258,2.354838665025933,722441.0,2677481216.0
ATAT,2025-12-01 20:21:12,0.8970212765957446,40.495,5.538181,1.1259940820814816,1239963.0,5595840000.0
B,2025-12-01 20:21:12,0.7038297872340425,42.195,2.0682137,0.9790040736130028,21974596.0,72145952768.0
BABA,2025-12-01 20:21:12,0.7914893617021277,164.775,4.7520604,0.6618183989631158,19124219.0,393152528384.0
BBWI,2025-12-01 20:21:12,0.8808510638297873,19.025,9.276277,1.827792865068249,7915787.0,3894828288.0
BF-B,2025-12-01 20:21:12,0.801063829787234,29.945,3.3298833,1.3602048702347995,3558350.0,14171161600.0
BHC,2025-12-01 20:21:12,0.8676595744680851,7.18,13.070865,2.4753721797622097,2193698.0,2663418880.0
BLTE,2025-12-01 20:21:12,0.9897872340425532,151.78,10.4336405,7.326322314964465,90334.0,5295754752.0
CAAP,2025-12-01 20:21:12,0.6912765957446808,26.1135,3.011835,0.6932648151256526,232347.0,4259575808.0
CAVA,2025-12-01 20:21:12,0.8906382978723405,51.8,5.9521375,1.0971084564309903,4278649.0,6008080896.0
CELH,2025-12-01 20:21:12,0.8202127659574469,42.8926,4.7694244,0.8731260706729813,6334217.0,11057081344.0
CEPU,2025-12-01 20:21:12,0.7129787234042552,16.405,3.1761074,0.7788073528534183,485961.0,2800945408.0
CHA,2025-12-01 20:21:12,0.8634042553191489,16.04,7.0046773,1.0942385815867424,847031.0,2979470080.0
CHYM,2025-12-01 20:21:12,0.8514893617021276,22.455,6.270709,1.0823124008086495,3631239.0,8411148800.0
CRWV,2025-12-01 20:21:12,0.7506382978723405,76.902,5.172316,0.6397856670512391,30192838.0,38321614848.0
DASH,2025-12-01 20:21:12,0.8714893617021277,205.785,3.737969,0.9683227267411952,4498146.0,88693030912.0
DECK,2025-12-01 20:21:12,0.8827659574468084,92.325,4.8790164,1.021198931814323,3798965.0,13695800320.0
DIS,2025-12-01 20:21:12,0.7204255319148937,106.31,1.7612677,0.7659112804341708,9475903.0,191138332672.0
EDU,2025-12-01 20:21:12,0.7391489361702128,53.015,3.6707125,0.6392097984237648,1055680.0,8838243328.0
FISV,2025-12-01 20:21:12,0.7340425531914894,62.99,2.4727516,0.8256014148967419,9011541.0,34240933888.0
FIZZ,2025-12-01 20:21:12,0.7625531914893616,35.28,3.5819066,0.7331002615199859,328082.0,3302922240.0
GIL,2025-12-01 20:21:12,0.8423404255319149,57.52,3.0455048,1.9163008532979464,1208722.0,8581518336.0
GSHD,2025-12-01 20:21:12,0.8882978723404255,75.28,5.2131314,0.9573507513600418,337122.0,2827371264.0
JBHT,2025-12-01 20:21:12,0.7195744680851064,179.525,3.1990037,0.5771645816924154,1363566.0,17377890304.0
MNDY,2025-12-01 20:21:12,0.8719148936170213,149.77,4.1081634,0.9302704491580212,1299320.0,7720863232.0
MRVL,2025-12-01 20:21:12,0.6908510638297871,92.11,3.031319,0.647504232742727,19923252.0,79417245696.0
NBIS,2025-12-01 20:21:12,0.6982978723404255,100.8401,6.2929273,0.509509342603191,21554592.0,25392265216.0
NTES,2025-12-01 20:21:12,0.941063829787234,146.23,5.927531,1.112623289895784,702004.0,94056882176.0
ODFL,2025-12-01 20:21:12,0.8140425531914894,141.36,4.486664,0.6983243078537101,2074128.0,29709369344.0
ONON,2025-12-01 20:21:12,0.7144680851063828,45.165,2.6710598,0.7985046896760665,6951333.0,14911994880.0
RDDT,2025-12-01 20:21:12,0.7848936170212766,224.205,3.5732436,0.6646062871111498,5654298.0,42485899264.0
SAIA,2025-12-01 20:21:12,0.8434042553191489,296.03,5.139225,0.6984346069685238,504985.0,7887020544.0
SKE,2025-12-01 20:21:12,0.7317021276595745,21.59,3.6485848,0.7220736337277283,782549.0,2614405120.0
SN,2025-12-01 20:21:12,0.8148936170212765,101.64,4.171364,0.7267126861179115,1893692.0,14346140672.0
SNPS,2025-12-01 20:21:12,0.9425531914893616,437.92,4.763045,1.4172682170511937,3030087.0,81343062016.0
TMDX,2025-12-01 20:21:12,0.8274468085106383,151.32,3.424243,0.8136254972818465,987619.0,5171258880.0
UNF,2025-12-01 20:21:12,0.8025531914893617,178.55,3.477253,0.7121911933754138,145277.0,3228507648.0
URBN,2025-12-01 20:21:12,0.901063829787234,77.99,5.292289,1.0732760781179962,2094831.0,6996675072.0
VNOM,2025-12-01 20:21:12,0.7663829787234044,37.86,3.641616,0.7744383008070078,1653020.0,12350145536.0
VSCO,2025-12-01 20:21:12,0.8268085106382979,43.91,6.242434,0.7655479794004164,2375582.0,3520022528.0
WB,2025-12-01 20:21:12,0.7223404255319149,10.3,3.6217368,0.8715688238829894,1172885.0,2539644672.0
WF,2025-12-01 20:21:12,0.7751063829787234,56.599,3.0009067,0.8295371200391166,49084.0,13848310784.0
WYNN,2025-12-01 20:21:12,0.8834042553191488,133.505,3.7494757,1.0615263933991748,1686577.0,13881387008.0
ACN,2025-12-01 20:40:13,0.8020576131687243,257.835,3.1339965,0.787182740567202,4618460.0,160593215488.0
AEO,2025-12-01 20:40:13,0.7534979423868312,21.185,3.8480384,0.9786891430205568,9861030.0,3670687488.0
ALAB,2025-12-01 20:40:13,0.908641975308642,167.3,6.17503,0.9924906297234566,6312247.0,28257574912.0
AMKR,2025-12-01 20:40:13,0.7718106995884774,37.72,3.6548553,0.8445613692125967,3018085.0,9324136448.0
ANF,2025-12-01 20:40:13,0.9244855967078188,103.1006,5.3444343,1.4521416024795042,2032987.0,4727781376.0
APLD,2025-12-01 20:40:13,0.7267489711934156,28.67,5.793357,0.6923471463838787,30615926.0,8018594304.0
APP,2025-12-01 20:40:13,0.7170781893004116,622.82,3.893379,0.5378721283521801,6950626.0,210668814336.0
ARWR,2025-12-01 20:40:13,0.8654320987654321,56.585,7.371913,0.8588512357788682,2387644.0,7823303680.0
ASH,2025-12-01 20:40:13,0.9703703703703704,58.265,11.012668,2.4614314525338403,722441.0,2663765760.0
ATAT,2025-12-01 20:40:13,0.8993827160493828,40.495,5.538181,1.2147910865082263,1239963.0,5595840000.0
B,2025-12-01 20:40:13,0.7203703703703704,42.285,2.2859209,1.0263442385926005,21974596.0,72299839488.0
BABA,2025-12-01 20:40:13,0.7919753086419753,164.315,4.458497,0.6870193757977777,19124219.0,392054996992.0
BBWI,2025-12-01 20:40:13,0.8823045267489711,19.045,9.391156,1.91297466695352,7915787.0,3898923008.0
BF-B,2025-12-01 20:40:13,0.8121399176954731,29.97,3.4161484,1.4859620329647167,3558350.0,14182991872.0
BHC,2025-12-01 20:40:13,0.8629629629629629,7.09,11.645295,2.601667139232474,2193698.0,2630033664.0
BLTE,2025-12-01 20:40:13,0.9917695473251028,152.0,10.593712,7.596630283171342,90334.0,5303430656.0
CAAP,2025-12-01 20:40:13,0.7325102880658436,26.1275,3.0679693,0.8252699625990437,232347.0,4261859328.0
CAVA,2025-12-01 20:40:13,0.8874485596707817,51.555,5.4510145,1.1647097015903851,4278649.0,5979664384.0
CELH,2025-12-01 20:40:13,0.8263374485596708,43.0,5.0317574,0.9375076666934524,6334217.0,11084767232.0
CHA,2025-12-01 20:40:13,0.8557613168724281,15.94,6.3439054,1.1448553830969588,847031.0,2960894720.0
CHYM,2025-12-01 20:40:13,0.8438271604938271,22.26,5.3478518,1.1896801615096115,3631239.0,8338105856.0
CRWV,2025-12-01 20:40:13,0.7611111111111111,77.205,5.586705,0.6653161918730528,30192838.0,38472605696.0
DASH,2025-12-01 20:40:13,0.8804526748971192,205.98,3.836266,1.0198037146860062,4498146.0,88777072640.0
DECK,2025-12-01 20:40:13,0.8890946502057612,92.31,4.8619776,1.0916320629434595,3798965.0,13693575168.0
DIS,2025-12-01 20:40:13,0.7323045267489712,106.55,1.991004,0.8031916325019367,9475903.0,191569854464.0
DVN,2025-12-01 20:40:13,0.6940329218106995,37.915,2.3070683,0.8248384851705259,7721582.0,24068442112.0
EDU,2025-12-01 20:40:13,0.748559670781893,52.9,3.4415374,0.7010618748105486,1055680.0,8819072000.0
FISV,2025-12-01 20:40:13,0.7220164609053498,62.69,1.9847038,0.909142731526162,9011541.0,34077853696.0
FIZZ,2025-12-01 20:40:13,0.7512345679012346,35.2174,3.3981156,0.7840265543370255,328082.0,3297061632.0
GIL,2025-12-01 20:40:13,0.8746913580246912,57.82,3.582945,2.0781312824619724,1208722.0,8626276352.0
GSHD,2025-12-01 20:40:13,0.891358024691358,75.16,5.0454235,1.0177324529398852,337122.0,2822864640.0
JBHT,2025-12-01 20:40:13,0.7446502057613168,179.77,3.3398466,0.6303273915600711,1363566.0,17401606144.0
MNDY,2025-12-01 20:40:13,0.8619341563786007,149.35,3.816214,0.9619077671397346,1299320.0,7699211264.0
NBIS,2025-12-01 20:40:13,0.7086419753086419,101.1,6.570332,0.541780841873509,21554592.0,25457709056.0
NTES,2025-12-01 20:40:13,0.9364197530864196,145.527,5.416146,1.175117235799226,702004.0,93604700160.0
ODFL,2025-12-01 20:40:13,0.8234567901234567,141.0577,4.2632127,0.7451015559309744,2074128.0,29645834240.0
ONON,2025-12-01 20:40:13,0.7337448559670782,45.32,3.0234098,0.8606696010678815,6951333.0,14963170304.0
PAAS,2025-12-01 20:40:13,0.7018518518518518,46.16,1.072918,1.1646855861451624,6634679.0,19481690112.0
RDDT,2025-12-01 20:40:13,0.790329218106996,224.34,3.6356053,0.6887633089023606,5654298.0,42511478784.0
SAIA,2025-12-01 20:40:13,0.8504115226337449,295.405,4.9172473,0.7356119488697684,504985.0,7870369280.0
SN,2025-12-01 20:40:13,0.8127572016460906,101.2,3.720403,0.817842077803571,1893692.0,14284036096.0
SNPS,2025-12-01 20:40:13,0.9448559670781892,438.3925,4.876074,1.4575961020261134,3030087.0,81430822912.0
TMDX,2025-12-01 20:40:13,0.838477366255144,151.535,3.5711887,0.8835775739429881,987619.0,5178606080.0
TSEM,2025-12-01 20:40:13,0.8133744855967078,111.43,3.051885,0.9754840017038972,1401493.0,12493955072.0
UNF,2025-12-01 20:40:13,0.8395061728395061,179.19,3.8481596,0.8027285805736627,145277.0,3240079872.0
URBN,2025-12-01 20:40:13,0.917283950617284,78.465,5.933572,1.145523910998071,2094831.0,7039288320.0
VNOM,2025-12-01 20:40:13,0.7683127572016462,37.87,3.6682184,0.8140627457623018,1653020.0,12353406976.0
VSCO,2025-12-01 20:40:13,0.8555555555555556,44.16,6.8473215,0.8710227641058065,2375582.0,3540063744.0
WB,2025-12-01 20:40:13,0.7156378600823045,10.29,3.5211308,0.9119129326404548,1172885.0,2537178880.0
WYNN,2025-12-01 20:40:13,0.8893004115226338,133.6416,3.8557734,1.1266600931946775,1686577.0,13895589888.0
ACN,2025-12-01 20:51:25,0.8073076923076923,257.46,2.9839966,0.8312043408408863,4618460.0,160359645184.0
AEO,2025-12-01 20:51:25,0.7575,21.175,3.799018,1.0312525162178798,9861030.0,3668954880.0
ALAB,2025-12-01 20:51:25,0.9105769230769232,167.18,6.1000285,1.0350048089056083,6312247.0,28237305856.0
AMKR,2025-12-01 20:51:25,0.7838461538461539,37.75,3.7372923,0.8897830909334893,3018085.0,9331552256.0
ANF,2025-12-01 20:51:25,0.9234615384615384,102.4,4.6285877,1.52242586893079,2032987.0,4695654400.0
APLD,2025-12-01 20:51:25,0.7226923076923076,28.72,5.9778557,0.7147862847591152,30615926.0,8032578560.0
APP,2025-12-01 20:51:25,0.7117307692307693,623.35,3.9817836,0.5576241621977647,6950626.0,210848071680.0
ARWR,2025-12-01 20:51:25,0.8613461538461538,56.31,6.8500957,0.8883422319240222,2387644.0,7785283072.0
ASH,2025-12-01 20:51:25,0.9734615384615384,58.325,11.126988,2.5844837156252205,722441.0,2666508800.0
ATAT,2025-12-01 20:51:25,0.908653846153846,40.57,5.7343955,1.3130907938382033,1239963.0,5606203904.0
B,2025-12-01 20:51:25,0.7303846153846154,42.3,2.3222039,1.080835251760715,21974596.0,72325480448.0
BABA,2025-12-01 20:51:25,0.7878846153846153,164.3309,4.4697385,0.7033587619970258,19124219.0,392092909568.0
BBWI,2025-12-01 20:51:25,0.8796153846153846,19.035,9.333716,1.9697169719195324,7915787.0,3896875520.0
BF-B,2025-12-01 20:51:25,0.8151923076923077,29.945,3.3293087,1.6102657130411566,3558350.0,14171161600.0
BHC,2025-12-01 20:51:25,0.8634615384615385,7.08,11.496063,2.7124900510462244,2193698.0,2626323968.0
BLTE,2025-12-01 20:51:25,0.9923076923076924,152.6,11.030271,7.884694577899794,90334.0,5324365824.0
CAAP,2025-12-01 20:51:25,0.7551923076923076,26.12,3.037477,0.9326868864241844,232347.0,4260635904.0
CAVA,2025-12-01 20:51:25,0.8857692307692306,51.23,4.7862554,1.2430942570890953,4278649.0,5941968896.0
CELH,2025-12-01 20:51:25,0.8323076923076923,42.97,4.9584823,0.9949046583026756,6334217.0,11077033984.0
CHA,2025-12-01 20:51:25,0.8603846153846153,15.97,6.536605,1.1658132937283288,847031.0,2966467328.0
CHYM,2025-12-01 20:51:25,0.8519230769230769,22.27,5.3951793,1.291550349618959,3631239.0,8341851648.0
CRWV,2025-12-01 20:51:25,0.7528846153846153,77.08,5.4157534,0.6878052338107468,30192838.0,38410313728.0
DASH,2025-12-01 20:51:25,0.8798076923076921,205.59,3.639664,1.0644690056747823,4498146.0,88608989184.0
DECK,2025-12-01 20:51:25,0.8984615384615385,92.12,4.6461477,1.1621078372662028,3798965.0,13665390592.0
DIS,2025-12-01 20:51:25,0.7530769230769231,106.595,2.0341742,0.8848765125603333,9475903.0,191650758656.0
DQ,2025-12-01 20:51:25,0.6926923076923077,33.04,4.292931,0.6067228877205028,1328328.0,2215554048.0
DVN,2025-12-01 20:51:25,0.6971153846153846,37.915,2.3067572,0.8626938106724762,7721582.0,24068442112.0
EDU,2025-12-01 20:51:25,0.7609615384615385,52.89,3.421979,0.7504215292512882,1055680.0,8817403904.0
FIZZ,2025-12-01 20:51:25,0.7530769230769232,35.1601,3.2298815,0.8329045787333654,328082.0,3291697152.0
GIL,2025-12-01 20:51:25,0.895576923076923,57.91,3.744178,2.337170995481177,1208722.0,8639703040.0
GSHD,2025-12-01 20:51:25,0.903653846153846,75.55,5.590496,1.0529511571478574,337122.0,2837512192.0
JBHT,2025-12-01 20:51:25,0.7609615384615385,179.675,3.2852356,0.6850222138128994,1363566.0,17392410624.0
MNDY,2025-12-01 20:51:25,0.8728846153846154,149.33,3.8023086,0.992050457162208,1299320.0,7698180096.0
NBIS,2025-12-01 20:51:25,0.6969230769230769,101.17,6.640661,0.564403353123084,21554592.0,25475336192.0
NTES,2025-12-01 20:51:25,0.9401923076923078,145.415,5.3350163,1.2482849100574926,702004.0,93532667904.0
NTR,2025-12-01 20:51:25,0.8167307692307691,60.2,3.489776,0.9997568743016912,2583026.0,29319784448.0
ODFL,2025-12-01 20:51:25,0.815576923076923,140.02,3.4962018,0.8040902007976364,2074128.0,29427744768.0
ONON,2025-12-01 20:51:25,0.7288461538461537,45.105,2.534662,0.921470601394006,6951333.0,14892184576.0
PAAS,2025-12-01 20:51:25,0.7265384615384615,46.255,1.2809348,1.2146628344792567,6634679.0,19521783808.0
RDDT,2025-12-01 20:51:25,0.7832692307692307,223.775,3.3745983,0.7154760856254835,5654298.0,42404413440.0
SAIA,2025-12-01 20:51:25,0.8465384615384616,293.27,4.1589684,0.7811796389991782,504985.0,7813486592.0
SN,2025-12-01 20:51:25,0.8328846153846153,101.32,3.8433945,0.8668019931435523,1893692.0,14300974080.0
SNPS,2025-12-01 20:51:25,0.9569230769230768,441.15,5.535749,1.49463893280952,3030087.0,81943027712.0
TSEM,2025-12-01 20:51:25,0.869423076923077,111.865,3.454336,1.1326499668567735,1401493.0,12542728192.0
UNF,2025-12-01 20:51:25,0.8157692307692308,177.43,2.8281596,0.8887711062315439,145277.0,3208255744.0
URBN,2025-12-01 20:51:25,0.9230769230769232,78.565,6.0685873,1.2145375927700135,2094831.0,7048260096.0
VNOM,2025-12-01 20:51:25,0.7684615384615384,37.815,3.5176563,0.8537495009134796,1653020.0,12335465472.0
VSCO,2025-12-01 20:51:25,0.8651923076923076,43.985,6.423902,0.9863376637809176,2375582.0,3526034944.0
WB,2025-12-01 20:51:25,0.7286538461538462,10.3,3.6217368,0.9518051641891576,1172885.0,2539644672.0
WYNN,2025-12-01 20:51:25,0.8932692307692307,133.37,3.6447022,1.1860009949145518,1686577.0,13867348992.0
ACN,2025-12-01 20:51:26,0.8073076923076923,257.46,2.9839966,0.8312043408408863,4618460.0,160359645184.0
AEO,2025-12-01 20:51:26,0.7575,21.175,3.799018,1.0312525162178798,9861030.0,3668954880.0
ALAB,2025-12-01 20:51:26,0.9105769230769232,167.18,6.1000285,1.0350048089056083,6312247.0,28237305856.0
AMKR,2025-12-01 20:51:26,0.7838461538461539,37.75,3.7372923,0.8897830909334893,3018085.0,9331552256.0
ANF,2025-12-01 20:51:26,0.9234615384615384,102.4,4.6285877,1.52242586893079,2032987.0,4695654400.0
APLD,2025-12-01 20:51:26,0.7226923076923076,28.72,5.9778557,0.7147862847591152,30615926.0,8032578560.0
APP,2025-12-01 20:51:26,0.7117307692307693,623.35,3.9817836,0.5576241621977647,6950626.0,210848071680.0
ARWR,2025-12-01 20:51:26,0.8613461538461538,56.31,6.8500957,0.8883422319240222,2387644.0,7785283072.0
ASH,2025-12-01 20:51:26,0.9734615384615384,58.325,11.126988,2.5844837156252205,722441.0,2666508800.0
ATAT,2025-12-01 20:51:26,0.908653846153846,40.57,5.7343955,1.3130907938382033,1239963.0,5606203904.0
B,2025-12-01 20:51:26,0.7303846153846154,42.3,2.3222039,1.080835251760715,21974596.0,72325480448.0
BABA,2025-12-01 20:51:26,0.7878846153846153,164.3309,4.4697385,0.7033587619970258,19124219.0,392092909568.0
BBWI,2025-12-01 20:51:26,0.8796153846153846,19.035,9.333716,1.9697169719195324,7915787.0,3896875520.0
BF-B,2025-12-01 20:51:26,0.8151923076923077,29.945,3.3293087,1.6102657130411566,3558350.0,14171161600.0
BHC,2025-12-01 20:51:26,0.8634615384615385,7.08,11.496063,2.7124900510462244,2193698.0,2626323968.0
BLTE,2025-12-01 20:51:26,0.9923076923076924,152.6,11.030271,7.884694577899794,90334.0,5324365824.0
CAAP,2025-12-01 20:51:26,0.7551923076923076,26.12,3.037477,0.9326868864241844,232347.0,4260635904.0
CAVA,2025-12-01 20:51:26,0.8857692307692306,51.23,4.7862554,1.2430942570890953,4278649.0,5941968896.0
CELH,2025-12-01 20:51:26,0.8323076923076923,42.97,4.9584823,0.9949046583026756,6334217.0,11077033984.0
CHA,2025-12-01 20:51:26,0.8603846153846153,15.97,6.536605,1.1658132937283288,847031.0,2966467328.0
CHYM,2025-12-01 20:51:26,0.8519230769230769,22.27,5.3951793,1.291550349618959,3631239.0,8341851648.0
CRWV,2025-12-01 20:51:26,0.7528846153846153,77.08,5.4157534,0.6878052338107468,30192838.0,38410313728.0
DASH,2025-12-01 20:51:26,0.8798076923076921,205.59,3.639664,1.0644690056747823,4498146.0,88608989184.0
DECK,2025-12-01 20:51:26,0.8984615384615385,92.12,4.6461477,1.1621078372662028,3798965.0,13665390592.0
DIS,2025-12-01 20:51:26,0.7530769230769231,106.595,2.0341742,0.8848765125603333,9475903.0,191650758656.0
DQ,2025-12-01 20:51:26,0.6926923076923077,33.04,4.292931,0.6067228877205028,1328328.0,2215554048.0
DVN,2025-12-01 20:51:26,0.6971153846153846,37.915,2.3067572,0.8626938106724762,7721582.0,24068442112.0
EDU,2025-12-01 20:51:26,0.7609615384615385,52.89,3.421979,0.7504215292512882,1055680.0,8817403904.0
FIZZ,2025-12-01 20:51:26,0.7530769230769232,35.1601,3.2298815,0.8329045787333654,328082.0,3291697152.0
GIL,2025-12-01 20:51:26,0.895576923076923,57.91,3.744178,2.337170995481177,1208722.0,8639703040.0
GSHD,2025-12-01 20:51:26,0.903653846153846,75.55,5.590496,1.0529511571478574,337122.0,2837512192.0
JBHT,2025-12-01 20:51:26,0.7609615384615385,179.675,3.2852356,0.6850222138128994,1363566.0,17392410624.0
MNDY,2025-12-01 20:51:26,0.8728846153846154,149.33,3.8023086,0.992050457162208,1299320.0,7698180096.0
NBIS,2025-12-01 20:51:26,0.6969230769230769,101.17,6.640661,0.564403353123084,21554592.0,25475336192.0
NTES,2025-12-01 20:51:26,0.9401923076923078,145.415,5.3350163,1.2482849100574926,702004.0,93532667904.0
NTR,2025-12-01 20:51:26,0.8167307692307691,60.2,3.489776,0.9997568743016912,2583026.0,29319784448.0
ODFL,2025-12-01 20:51:26,0.815576923076923,140.02,3.4962018,0.8040902007976364,2074128.0,29427744768.0
ONON,2025-12-01 20:51:26,0.7288461538461537,45.105,2.534662,0.921470601394006,6951333.0,14892184576.0
PAAS,2025-12-01 20:51:26,0.7265384615384615,46.255,1.2809348,1.2146628344792567,6634679.0,19521783808.0
RDDT,2025-12-01 20:51:26,0.7832692307692307,223.775,3.3745983,0.7154760856254835,5654298.0,42404413440.0
SAIA,2025-12-01 20:51:26,0.8465384615384616,293.27,4.1589684,0.7811796389991782,504985.0,7813486592.0
SN,2025-12-01 20:51:26,0.8328846153846153,101.32,3.8433945,0.8668019931435523,1893692.0,14300974080.0
SNPS,2025-12-01 20:51:26,0.9569230769230768,441.15,5.535749,1.49463893280952,3030087.0,81943027712.0
TSEM,2025-12-01 20:51:26,0.869423076923077,111.865,3.454336,1.1326499668567735,1401493.0,12542728192.0
UNF,2025-12-01 20:51:26,0.8157692307692308,177.43,2.8281596,0.8887711062315439,145277.0,3208255744.0
URBN,2025-12-01 20:51:26,0.9230769230769232,78.565,6.0685873,1.2145375927700135,2094831.0,7048260096.0
VNOM,2025-12-01 20:51:26,0.7684615384615384,37.815,3.5176563,0.8537495009134796,1653020.0,12335465472.0
VSCO,2025-12-01 20:51:26,0.8651923076923076,43.985,6.423902,0.9863376637809176,2375582.0,3526034944.0
WB,2025-12-01 20:51:26,0.7286538461538462,10.3,3.6217368,0.9518051641891576,1172885.0,2539644672.0
WYNN,2025-12-01 20:51:26,0.8932692307692307,133.37,3.6447022,1.1860009949145518,1686577.0,13867348992.0
AEO,2025-12-01 21:16:57,0.769655172413793,21.25,4.16667,1.1483500202311523,9861030.0,3681950208.0
ALAB,2025-12-01 21:16:57,0.8998275862068965,165.19,4.8359427,1.18461207237296,6312247.0,27901188096.0
AMKR,2025-12-01 21:16:57,0.7982758620689654,37.74,3.7098165,1.0865267214144068,3018085.0,9329081344.0
ANF,2025-12-01 21:16:57,0.9284482758620688,101.9,4.11771,1.81787389688178,2032987.0,4672726528.0
APP,2025-12-01 21:16:57,0.7084482758620689,623.59,4.0218267,0.6444997903785933,6950626.0,210929270784.0
ARWR,2025-12-01 21:16:57,0.8948275862068965,56.25,6.7362413,1.2060633829833929,2387644.0,7776987136.0
ASH,2025-12-01 21:16:57,0.975,58.13,10.7555,2.9242194172257667,722441.0,2657593856.0
ATAT,2025-12-01 21:16:57,0.9101724137931032,40.43,5.3687816,1.556112561423204,1239963.0,5586857984.0
B,2025-12-01 21:16:57,0.7367241379310344,42.33,2.39478,1.182410042942314,21974596.0,72376778752.0
BABA,2025-12-01 21:16:57,0.751551724137931,164.26,4.42466,0.7464564173836328,19124219.0,391923728384.0
BBWI,2025-12-01 21:16:57,0.8799999999999999,18.98,9.0178,2.144177957289654,7915787.0,3885615872.0
BF-B,2025-12-01 21:16:57,0.8127586206896552,29.72,2.55348,1.844458246097208,3558350.0,14064681984.0
BHC,2025-12-01 21:16:57,0.865,7.05,11.0236,2.916333059518676,2193698.0,2615195648.0
BLTE,2025-12-01 21:16:57,0.9955172413793104,154.02,12.063447,8.294628821927514,90334.0,5373910528.0
CAAP,2025-12-01 21:16:57,0.7568965517241378,26.14,3.11637,1.0103164663197717,232347.0,4263898112.0
CAVA,2025-12-01 21:16:57,0.8824137931034484,51.01,4.33626,1.4238936168870129,4278649.0,5916451840.0
CELH,2025-12-01 21:16:57,0.8355172413793103,42.62,4.103567,1.2100576914242125,6334217.0,10986809344.0
CHA,2025-12-01 21:16:57,0.854655172413793,15.9,6.070713,1.2713560660707814,847031.0,2953464576.0
CHYM,2025-12-01 21:16:57,0.8284482758620689,21.95,3.880746,1.5106697741459596,3631239.0,8221986816.0
COLM,2025-12-01 21:16:57,0.7418965517241379,55.33,3.0162032,0.8685732426251738,696152.0,3030427904.0
CRWV,2025-12-01 21:16:57,0.7553448275862069,77.06,5.3883953,0.8253526548249621,30192838.0,38400344064.0
DASH,2025-12-01 21:16:57,0.903793103448276,205.58,3.6346257,1.3580308420402538,4498146.0,88604680192.0
DECK,2025-12-01 21:16:57,0.9003448275862069,92.02,4.53254,1.3092679190253134,3798965.0,13650555904.0
DIS,2025-12-01 21:16:57,0.7636206896551724,106.77,2.20158,0.9932686098623,9475903.0,191965380608.0
DVN,2025-12-01 21:16:57,0.7051724137931035,37.86,2.15866,0.9743496863725594,7721582.0,24033527808.0
EDU,2025-12-01 21:16:57,0.7655172413793103,52.71,3.07,0.9691724765080328,1055680.0,8787396608.0
FISV,2025-12-01 21:16:57,0.761206896551724,62.69,1.9847038,1.1651163768771624,9011541.0,34077853696.0
FIZZ,2025-12-01 21:16:57,0.799655172413793,35.16,3.2295902,1.133125255271548,328082.0,3291687936.0
GIL,2025-12-01 21:16:57,0.8872413793103447,57.6,3.18882,3.118735325409813,1208722.0,8593453056.0
GSHD,2025-12-01 21:16:57,0.9265517241379312,75.56,5.6044645,1.3691067328741524,337122.0,2837887488.0
JBHT,2025-12-01 21:16:57,0.8212068965517242,179.73,3.316848,0.9622907875379704,1363566.0,17397733376.0
MNDY,2025-12-01 21:16:57,0.891551724137931,149.91,4.2054796,1.164203583412862,1299320.0,7728080384.0
MRVL,2025-12-01 21:16:57,0.7043103448275863,91.1,1.9015625,0.9006043792449144,19923252.0,78546419712.0
NTES,2025-12-01 21:16:57,0.9458620689655172,144.95,4.998184,1.5260653785448517,702004.0,93233569792.0
NTR,2025-12-01 21:16:57,0.8679310344827587,60.17,3.4382,1.4669395507439724,2583026.0,29305171968.0
ODFL,2025-12-01 21:16:57,0.8617241379310345,139.67,3.2374938,1.1849109601721783,2074128.0,29354184704.0
PAAS,2025-12-01 21:16:57,0.6948275862068966,46.08,0.897753,1.315910988308553,6634679.0,19447926784.0
PARR,2025-12-01 21:16:57,0.721551724137931,47.2,3.3954,0.7999003210943003,1310207.0,2398453248.0
PDD,2025-12-01 21:16:57,0.7067241379310345,118.27,1.8866254,0.830989127522826,8256812.0,167901577216.0
PRMB,2025-12-01 21:16:57,0.7256896551724138,16.41,4.58891,0.905620619661186,6724223.0,6129478656.0
RDDT,2025-12-01 21:16:57,0.7493103448275862,223.4,3.20136,0.7713551708806292,5654298.0,42333351936.0
SAIA,2025-12-01 21:16:57,0.8555172413793103,293.15,4.11635,0.9710229016703468,504985.0,7810289664.0
SN,2025-12-01 21:16:57,0.8448275862068966,101.39,3.91514,1.0707422326333955,1893692.0,14310854656.0
SNPS,2025-12-01 21:16:57,0.9617241379310344,438.29,4.851558,1.7404348456001428,3030087.0,81411784704.0
TSEM,2025-12-01 21:16:57,0.8893103448275863,111.86,3.4495547,1.407571782377793,1401493.0,12542168064.0
URBN,2025-12-01 21:16:57,0.9332758620689656,78.31,5.724312,1.4893568980027505,2094831.0,7025382912.0
VNOM,2025-12-01 21:16:57,0.8212068965517242,38.03,4.106214,1.1271188491367317,1653020.0,12405600256.0
VSCO,2025-12-01 21:16:57,0.8967241379310346,44.12,6.75054,1.2500431473213722,2375582.0,3536857088.0
WB,2025-12-01 21:16:57,0.7458620689655171,10.28,3.4205246,1.1772620504141498,1172885.0,2534713344.0
WYNN,2025-12-01 21:16:57,0.891896551724138,132.77,3.1784363,1.5289832601772704,1686577.0,13804963840.0
AEO,2025-12-01 21:37:26,0.7687931034482758,21.25,4.16667,1.1483500202311523,9861030.0,3681950208.0
ALAB,2025-12-01 21:37:26,0.8989655172413793,165.19,4.8359427,1.18461207237296,6312247.0,27901188096.0
AMKR,2025-12-01 21:37:26,0.7977586206896552,37.74,3.7098165,1.0865267214144068,3018085.0,9329081344.0
ANF,2025-12-01 21:37:26,0.9284482758620688,101.9,4.11771,1.81787389688178,2032987.0,4672726528.0
APP,2025-12-01 21:37:26,0.7096551724137931,623.59,4.0218267,0.6444997903785933,6950626.0,210929270784.0
ARWR,2025-12-01 21:37:26,0.8939655172413793,56.25,6.7362413,1.2060633829833929,2387644.0,7776987136.0
ASH,2025-12-01 21:37:26,0.975,58.13,10.7555,2.9242194172257667,722441.0,2657593856.0
ATAT,2025-12-01 21:37:26,0.9108620689655172,40.43,5.3687816,1.556112561423204,1239963.0,5586857984.0
B,2025-12-01 21:37:26,0.7365517241379309,42.33,2.39478,1.182410042942314,21974596.0,72376778752.0
BABA,2025-12-01 21:37:26,0.7491379310344828,164.26,4.42466,0.7464564173836328,19124219.0,391923728384.0
BBWI,2025-12-01 21:37:26,0.8799999999999999,18.98,9.0178,2.144177957289654,7915787.0,3885615872.0
BF-B,2025-12-01 21:37:26,0.8134482758620689,29.72,2.55348,1.844458246097208,3558350.0,14064681984.0
BHC,2025-12-01 21:37:26,0.8656896551724138,7.05,11.0236,2.916333059518676,2193698.0,2615195648.0
BLTE,2025-12-01 21:37:26,0.9955172413793104,154.02,12.063447,8.294628821927514,90334.0,5373910528.0
CAAP,2025-12-01 21:37:26,0.7563793103448275,26.14,3.11637,1.0103164663197717,232347.0,4263898112.0
CAVA,2025-12-01 21:37:26,0.883103448275862,51.01,4.33626,1.4238936168870129,4278649.0,5916451840.0
CELH,2025-12-01 21:37:26,0.8353448275862069,42.62,4.103567,1.2100576914242125,6334217.0,10986809344.0
CHA,2025-12-01 21:37:26,0.8544827586206897,15.9,6.070713,1.2713560660707814,847031.0,2953464576.0
CHYM,2025-12-01 21:37:26,0.8294827586206897,21.95,3.880746,1.5106697741459596,3631239.0,8221986816.0
COLM,2025-12-01 21:37:26,0.7401724137931034,55.33,3.0162032,0.8685732426251738,696152.0,3030427904.0
CRWV,2025-12-01 21:37:26,0.7522413793103447,77.06,5.3883953,0.8253526548249621,30192838.0,38400344064.0
DASH,2025-12-01 21:37:26,0.903793103448276,205.58,3.6346257,1.3580308420402538,4498146.0,88604680192.0
DECK,2025-12-01 21:37:26,0.8994827586206897,92.02,4.53254,1.3092679190253134,3798965.0,13650555904.0
DIS,2025-12-01 21:37:26,0.7631034482758621,106.77,2.20158,0.9932686098623,9475903.0,191965380608.0
DVN,2025-12-01 21:37:26,0.7050000000000001,37.86,2.15866,0.9743496863725594,7721582.0,24033527808.0
EDU,2025-12-01 21:37:26,0.7649999999999999,52.71,3.07,0.9691724765080328,1055680.0,8787396608.0
FIZZ,2025-12-01 21:37:26,0.7998275862068965,35.16,3.2295902,1.133125255271548,328082.0,3291687936.0
GIL,2025-12-01 21:37:26,0.8879310344827586,57.6,3.18882,3.118735325409813,1208722.0,8593453056.0
GSHD,2025-12-01 21:37:26,0.9265517241379312,75.56,5.6044645,1.3691067328741524,337122.0,2837887488.0
JBHT,2025-12-01 21:37:26,0.8200000000000001,179.73,3.316848,0.9622907875379704,1363566.0,17397733376.0
MNDY,2025-12-01 21:37:26,0.8903448275862069,149.91,4.2054796,1.164203583412862,1299320.0,7728080384.0
MNST,2025-12-01 21:37:26,0.733448275862069,75.95,1.2801695,1.1643849923617298,5438404.0,74204758016.0
MRVL,2025-12-01 21:37:26,0.7053448275862069,91.1,1.9015625,0.9006043792449144,19923252.0,78546419712.0
NTES,2025-12-01 21:37:26,0.9458620689655172,144.95,4.998184,1.5260653785448517,702004.0,93233569792.0
NTR,2025-12-01 21:37:26,0.8689655172413793,60.17,3.4382,1.4669395507439724,2583026.0,29305171968.0
ODFL,2025-12-01 21:37:26,0.8605172413793103,139.67,3.2374938,1.1849109601721783,2074128.0,29354184704.0
ONON,2025-12-01 21:37:26,0.6956896551724139,44.68,1.56854,1.0609357946166584,6951333.0,14751863808.0
PARR,2025-12-01 21:37:26,0.7198275862068965,47.2,3.3954,0.7999003210943003,1310207.0,2398453248.0
PDD,2025-12-01 21:37:26,0.706551724137931,118.27,1.8866254,0.830989127522826,8256812.0,167901577216.0
PRMB,2025-12-01 21:37:26,0.7244827586206896,16.41,4.58891,0.905620619661186,6724223.0,6129478656.0
RDDT,2025-12-01 21:37:26,0.7468965517241379,223.4,3.20136,0.7713551708806292,5654298.0,42333351936.0
SAIA,2025-12-01 21:37:26,0.8543103448275862,293.15,4.11635,0.9710229016703468,504985.0,7810289664.0
SN,2025-12-01 21:37:26,0.8436206896551723,101.39,3.91514,1.0707422326333955,1893692.0,14310854656.0
SNPS,2025-12-01 21:37:26,0.9617241379310344,438.29,4.851558,1.7404348456001428,3030087.0,81411784704.0
TSEM,2025-12-01 21:37:26,0.8893103448275863,111.86,3.4495547,1.407571782377793,1401493.0,12542168064.0
URBN,2025-12-01 21:37:26,0.9332758620689656,78.31,5.724312,1.4893568980027505,2094831.0,7025382912.0
VNOM,2025-12-01 21:37:26,0.8210344827586207,38.03,4.106214,1.1271188491367317,1653020.0,12405600256.0
VSCO,2025-12-01 21:37:26,0.8958620689655172,44.12,6.75054,1.2500431473213722,2375582.0,3536857088.0
WB,2025-12-01 21:37:26,0.7439655172413793,10.28,3.4205246,1.1772620504141498,1172885.0,2534713344.0
WYNN,2025-12-01 21:37:26,0.891896551724138,132.77,3.1784363,1.5289832601772704,1686577.0,13804963840.0
AEO,2025-12-01 21:37:27,0.7687931034482758,21.25,4.16667,1.1483500202311523,9861030.0,3681950208.0
ALAB,2025-12-01 21:37:27,0.8989655172413793,165.19,4.8359427,1.18461207237296,6312247.0,27901188096.0
AMKR,2025-12-01 21:37:27,0.7977586206896552,37.74,3.7098165,1.0865267214144068,3018085.0,9329081344.0
ANF,2025-12-01 21:37:27,0.9284482758620688,101.9,4.11771,1.81787389688178,2032987.0,4672726528.0
APP,2025-12-01 21:37:27,0.7096551724137931,623.59,4.0218267,0.6444997903785933,6950626.0,210929270784.0
ARWR,2025-12-01 21:37:27,0.8939655172413793,56.25,6.7362413,1.2060633829833929,2387644.0,7776987136.0
ASH,2025-12-01 21:37:27,0.975,58.13,10.7555,2.9242194172257667,722441.0,2657593856.0
ATAT,2025-12-01 21:37:27,0.9108620689655172,40.43,5.3687816,1.556112561423204,1239963.0,5586857984.0
B,2025-12-01 21:37:27,0.7365517241379309,42.33,2.39478,1.182410042942314,21974596.0,72376778752.0
BABA,2025-12-01 21:37:27,0.7491379310344828,164.26,4.42466,0.7464564173836328,19124219.0,391923728384.0
BBWI,2025-12-01 21:37:27,0.8799999999999999,18.98,9.0178,2.144177957289654,7915787.0,3885615872.0
BF-B,2025-12-01 21:37:27,0.8134482758620689,29.72,2.55348,1.844458246097208,3558350.0,14064681984.0
BHC,2025-12-01 21:37:27,0.8656896551724138,7.05,11.0236,2.916333059518676,2193698.0,2615195648.0
BLTE,2025-12-01 21:37:27,0.9955172413793104,154.02,12.063447,8.294628821927514,90334.0,5373910528.0
CAAP,2025-12-01 21:37:27,0.7563793103448275,26.14,3.11637,1.0103164663197717,232347.0,4263898112.0
CAVA,2025-12-01 21:37:27,0.883103448275862,51.01,4.33626,1.4238936168870129,4278649.0,5916451840.0
CELH,2025-12-01 21:37:27,0.8353448275862069,42.62,4.103567,1.2100576914242125,6334217.0,10986809344.0
CHA,2025-12-01 21:37:27,0.8544827586206897,15.9,6.070713,1.2713560660707814,847031.0,2953464576.0
CHYM,2025-12-01 21:37:27,0.8294827586206897,21.95,3.880746,1.5106697741459596,3631239.0,8221986816.0
COLM,2025-12-01 21:37:27,0.7401724137931034,55.33,3.0162032,0.8685732426251738,696152.0,3030427904.0
CRWV,2025-12-01 21:37:27,0.7522413793103447,77.06,5.3883953,0.8253526548249621,30192838.0,38400344064.0
DASH,2025-12-01 21:37:27,0.903793103448276,205.58,3.6346257,1.3580308420402538,4498146.0,88604680192.0
DECK,2025-12-01 21:37:27,0.8994827586206897,92.02,4.53254,1.3092679190253134,3798965.0,13650555904.0
DIS,2025-12-01 21:37:27,0.7631034482758621,106.77,2.20158,0.9932686098623,9475903.0,191965380608.0
DVN,2025-12-01 21:37:27,0.7050000000000001,37.86,2.15866,0.9743496863725594,7721582.0,24033527808.0
EDU,2025-12-01 21:37:27,0.7649999999999999,52.71,3.07,0.9691724765080328,1055680.0,8787396608.0
FIZZ,2025-12-01 21:37:27,0.7998275862068965,35.16,3.2295902,1.133125255271548,328082.0,3291687936.0
GIL,2025-12-01 21:37:27,0.8879310344827586,57.6,3.18882,3.118735325409813,1208722.0,8593453056.0
GSHD,2025-12-01 21:37:27,0.9265517241379312,75.56,5.6044645,1.3691067328741524,337122.0,2837887488.0
JBHT,2025-12-01 21:37:27,0.8200000000000001,179.73,3.316848,0.9622907875379704,1363566.0,17397733376.0
MNDY,2025-12-01 21:37:27,0.8903448275862069,149.91,4.2054796,1.164203583412862,1299320.0,7728080384.0
MNST,2025-12-01 21:37:27,0.733448275862069,75.95,1.2801695,1.1643849923617298,5438404.0,74204758016.0
MRVL,2025-12-01 21:37:27,0.7053448275862069,91.1,1.9015625,0.9006043792449144,19923252.0,78546419712.0
NTES,2025-12-01 21:37:27,0.9458620689655172,144.95,4.998184,1.5260653785448517,702004.0,93233569792.0
NTR,2025-12-01 21:37:27,0.8689655172413793,60.17,3.4382,1.4669395507439724,2583026.0,29305171968.0
ODFL,2025-12-01 21:37:27,0.8605172413793103,139.67,3.2374938,1.1849109601721783,2074128.0,29354184704.0
ONON,2025-12-01 21:37:27,0.6956896551724139,44.68,1.56854,1.0609357946166584,6951333.0,14751863808.0
PARR,2025-12-01 21:37:27,0.7198275862068965,47.2,3.3954,0.7999003210943003,1310207.0,2398453248.0
PDD,2025-12-01 21:37:27,0.706551724137931,118.27,1.8866254,0.830989127522826,8256812.0,167901577216.0
PRMB,2025-12-01 21:37:27,0.7244827586206896,16.41,4.58891,0.905620619661186,6724223.0,6129478656.0
RDDT,2025-12-01 21:37:27,0.7468965517241379,223.4,3.20136,0.7713551708806292,5654298.0,42333351936.0
SAIA,2025-12-01 21:37:27,0.8543103448275862,293.15,4.11635,0.9710229016703468,504985.0,7810289664.0
SN,2025-12-01 21:37:27,0.8436206896551723,101.39,3.91514,1.0707422326333955,1893692.0,14310854656.0
SNPS,2025-12-01 21:37:27,0.9617241379310344,438.29,4.851558,1.7404348456001428,3030087.0,81411784704.0
TSEM,2025-12-01 21:37:27,0.8893103448275863,111.86,3.4495547,1.407571782377793,1401493.0,12542168064.0
URBN,2025-12-01 21:37:27,0.9332758620689656,78.31,5.724312,1.4893568980027505,2094831.0,7025382912.0
VNOM,2025-12-01 21:37:27,0.8210344827586207,38.03,4.106214,1.1271188491367317,1653020.0,12405600256.0
VSCO,2025-12-01 21:37:27,0.8958620689655172,44.12,6.75054,1.2500431473213722,2375582.0,3536857088.0
WB,2025-12-01 21:37:27,0.7439655172413793,10.28,3.4205246,1.1772620504141498,1172885.0,2534713344.0
WYNN,2025-12-01 21:37:27,0.891896551724138,132.77,3.1784363,1.5289832601772704,1686577.0,13804963840.0
AEO,2025-12-01 21:51:22,0.7687931034482758,21.25,4.16667,1.1483500202311523,9861030.0,3681950208.0
ALAB,2025-12-01 21:51:22,0.8989655172413793,165.19,4.8359427,1.18461207237296,6312247.0,27901188096.0
AMKR,2025-12-01 21:51:22,0.7977586206896552,37.74,3.7098165,1.0865267214144068,3018085.0,9329081344.0
ANF,2025-12-01 21:51:22,0.9284482758620688,101.9,4.11771,1.81787389688178,2032987.0,4672726528.0
APP,2025-12-01 21:51:22,0.7096551724137931,623.59,4.0218267,0.6444997903785933,6950626.0,210929270784.0
ARWR,2025-12-01 21:51:22,0.8939655172413793,56.25,6.7362413,1.2060633829833929,2387644.0,7776987136.0
ASH,2025-12-01 21:51:22,0.975,58.13,10.7555,2.9242194172257667,722441.0,2657593856.0
ATAT,2025-12-01 21:51:22,0.9108620689655172,40.43,5.3687816,1.556112561423204,1239963.0,5586857984.0
B,2025-12-01 21:51:22,0.7365517241379309,42.33,2.39478,1.182410042942314,21974596.0,72376778752.0
BABA,2025-12-01 21:51:22,0.7491379310344828,164.26,4.42466,0.7464564173836328,19124219.0,391923728384.0
BBWI,2025-12-01 21:51:22,0.8799999999999999,18.98,9.0178,2.144177957289654,7915787.0,3885615872.0
BF-B,2025-12-01 21:51:22,0.8134482758620689,29.72,2.55348,1.844458246097208,3558350.0,14064681984.0
BHC,2025-12-01 21:51:22,0.8656896551724138,7.05,11.0236,2.916333059518676,2193698.0,2615195648.0
BLTE,2025-12-01 21:51:22,0.9955172413793104,154.02,12.063447,8.294628821927514,90334.0,5373910528.0
CAAP,2025-12-01 21:51:22,0.7563793103448275,26.14,3.11637,1.0103164663197717,232347.0,4263898112.0
CAVA,2025-12-01 21:51:22,0.883103448275862,51.01,4.33626,1.4238936168870129,4278649.0,5916451840.0
CELH,2025-12-01 21:51:22,0.8353448275862069,42.62,4.103567,1.2100576914242125,6334217.0,10986809344.0
CHA,2025-12-01 21:51:22,0.8544827586206897,15.9,6.070713,1.2713560660707814,847031.0,2953464576.0
CHYM,2025-12-01 21:51:22,0.8294827586206897,21.95,3.880746,1.5106697741459596,3631239.0,8221986816.0
COLM,2025-12-01 21:51:22,0.7401724137931034,55.33,3.0162032,0.8685732426251738,696152.0,3030427904.0
CRWV,2025-12-01 21:51:22,0.7522413793103447,77.06,5.3883953,0.8253526548249621,30192838.0,38400344064.0
DASH,2025-12-01 21:51:22,0.903793103448276,205.58,3.6346257,1.3580308420402538,4498146.0,88604680192.0
DECK,2025-12-01 21:51:22,0.8994827586206897,92.02,4.53254,1.3092679190253134,3798965.0,13650555904.0
DIS,2025-12-01 21:51:22,0.7631034482758621,106.77,2.20158,0.9932686098623,9475903.0,191965380608.0
DVN,2025-12-01 21:51:22,0.7050000000000001,37.86,2.15866,0.9743496863725594,7721582.0,24033527808.0
EDU,2025-12-01 21:51:22,0.7649999999999999,52.71,3.07,0.9691724765080328,1055680.0,8787396608.0
FIZZ,2025-12-01 21:51:22,0.7998275862068965,35.16,3.2295902,1.133125255271548,328082.0,3291687936.0
GIL,2025-12-01 21:51:22,0.8879310344827586,57.6,3.18882,3.118735325409813,1208722.0,8593453056.0
GSHD,2025-12-01 21:51:22,0.9265517241379312,75.56,5.6044645,1.3691067328741524,337122.0,2837887488.0
JBHT,2025-12-01 21:51:22,0.8200000000000001,179.73,3.316848,0.9622907875379704,1363566.0,17397733376.0
MNDY,2025-12-01 21:51:22,0.8903448275862069,149.91,4.2054796,1.164203583412862,1299320.0,7728080384.0
MNST,2025-12-01 21:51:22,0.733448275862069,75.95,1.2801695,1.1643849923617298,5438404.0,74204758016.0
MRVL,2025-12-01 21:51:22,0.7053448275862069,91.1,1.9015625,0.9006043792449144,19923252.0,78546419712.0
NTES,2025-12-01 21:51:22,0.9458620689655172,144.95,4.998184,1.5260653785448517,702004.0,93233569792.0
NTR,2025-12-01 21:51:22,0.8689655172413793,60.17,3.4382,1.4669395507439724,2583026.0,29305171968.0
ODFL,2025-12-01 21:51:22,0.8605172413793103,139.67,3.2374938,1.1849109601721783,2074128.0,29354184704.0
ONON,2025-12-01 21:51:22,0.6956896551724139,44.68,1.56854,1.0609357946166584,6951333.0,14751863808.0
PARR,2025-12-01 21:51:22,0.7198275862068965,47.2,3.3954,0.7999003210943003,1310207.0,2398453248.0
PDD,2025-12-01 21:51:22,0.706551724137931,118.27,1.8866254,0.830989127522826,8256812.0,167901577216.0
PRMB,2025-12-01 21:51:22,0.7244827586206896,16.41,4.58891,0.905620619661186,6724223.0,6129478656.0
RDDT,2025-12-01 21:51:22,0.7468965517241379,223.4,3.20136,0.7713551708806292,5654298.0,42333351936.0
SAIA,2025-12-01 21:51:22,0.8543103448275862,293.15,4.11635,0.9710229016703468,504985.0,7810289664.0
SN,2025-12-01 21:51:22,0.8436206896551723,101.39,3.91514,1.0707422326333955,1893692.0,14310854656.0
SNPS,2025-12-01 21:51:22,0.9617241379310344,438.29,4.851558,1.7404348456001428,3030087.0,81411784704.0
TSEM,2025-12-01 21:51:22,0.8893103448275863,111.86,3.4495547,1.407571782377793,1401493.0,12542168064.0
URBN,2025-12-01 21:51:22,0.9332758620689656,78.31,5.724312,1.4893568980027505,2094831.0,7025382912.0
VNOM,2025-12-01 21:51:22,0.8210344827586207,38.03,4.106214,1.1271188491367317,1653020.0,12405600256.0
VSCO,2025-12-01 21:51:22,0.8958620689655172,44.12,6.75054,1.2500431473213722,2375582.0,3536857088.0
WB,2025-12-01 21:51:22,0.7439655172413793,10.28,3.4205246,1.1772620504141498,1172885.0,2534713344.0
WYNN,2025-12-01 21:51:22,0.891896551724138,132.77,3.1784363,1.5289832601772704,1686577.0,13804963840.0
AEO,2025-12-01 21:51:23,0.7687931034482758,21.25,4.16667,1.1483500202311523,9861030.0,3681950208.0
ALAB,2025-12-01 21:51:23,0.8989655172413793,165.19,4.8359427,1.18461207237296,6312247.0,27901188096.0
AMKR,2025-12-01 21:51:23,0.7977586206896552,37.74,3.7098165,1.0865267214144068,3018085.0,9329081344.0
ANF,2025-12-01 21:51:23,0.9284482758620688,101.9,4.11771,1.81787389688178,2032987.0,4672726528.0
APP,2025-12-01 21:51:23,0.7096551724137931,623.59,4.0218267,0.6444997903785933,6950626.0,210929270784.0
ARWR,2025-12-01 21:51:23,0.8939655172413793,56.25,6.7362413,1.2060633829833929,2387644.0,7776987136.0
ASH,2025-12-01 21:51:23,0.975,58.13,10.7555,2.9242194172257667,722441.0,2657593856.0
ATAT,2025-12-01 21:51:23,0.9108620689655172,40.43,5.3687816,1.556112561423204,1239963.0,5586857984.0
B,2025-12-01 21:51:23,0.7365517241379309,42.33,2.39478,1.182410042942314,21974596.0,72376778752.0
BABA,2025-12-01 21:51:23,0.7491379310344828,164.26,4.42466,0.7464564173836328,19124219.0,391923728384.0
BBWI,2025-12-01 21:51:23,0.8799999999999999,18.98,9.0178,2.144177957289654,7915787.0,3885615872.0
BF-B,2025-12-01 21:51:23,0.8134482758620689,29.72,2.55348,1.844458246097208,3558350.0,14064681984.0
BHC,2025-12-01 21:51:23,0.8656896551724138,7.05,11.0236,2.916333059518676,2193698.0,2615195648.0
BLTE,2025-12-01 21:51:23,0.9955172413793104,154.02,12.063447,8.294628821927514,90334.0,5373910528.0
CAAP,2025-12-01 21:51:23,0.7563793103448275,26.14,3.11637,1.0103164663197717,232347.0,4263898112.0
CAVA,2025-12-01 21:51:23,0.883103448275862,51.01,4.33626,1.4238936168870129,4278649.0,5916451840.0
CELH,2025-12-01 21:51:23,0.8353448275862069,42.62,4.103567,1.2100576914242125,6334217.0,10986809344.0
CHA,2025-12-01 21:51:23,0.8544827586206897,15.9,6.070713,1.2713560660707814,847031.0,2953464576.0
CHYM,2025-12-01 21:51:23,0.8294827586206897,21.95,3.880746,1.5106697741459596,3631239.0,8221986816.0
COLM,2025-12-01 21:51:23,0.7401724137931034,55.33,3.0162032,0.8685732426251738,696152.0,3030427904.0
CRWV,2025-12-01 21:51:23,0.7522413793103447,77.06,5.3883953,0.8253526548249621,30192838.0,38400344064.0
DASH,2025-12-01 21:51:23,0.903793103448276,205.58,3.6346257,1.3580308420402538,4498146.0,88604680192.0
DECK,2025-12-01 21:51:23,0.8994827586206897,92.02,4.53254,1.3092679190253134,3798965.0,13650555904.0
DIS,2025-12-01 21:51:23,0.7631034482758621,106.77,2.20158,0.9932686098623,9475903.0,191965380608.0
DVN,2025-12-01 21:51:23,0.7050000000000001,37.86,2.15866,0.9743496863725594,7721582.0,24033527808.0
EDU,2025-12-01 21:51:23,0.7649999999999999,52.71,3.07,0.9691724765080328,1055680.0,8787396608.0
FIZZ,2025-12-01 21:51:23,0.7998275862068965,35.16,3.2295902,1.133125255271548,328082.0,3291687936.0
GIL,2025-12-01 21:51:23,0.8879310344827586,57.6,3.18882,3.118735325409813,1208722.0,8593453056.0
GSHD,2025-12-01 21:51:23,0.9265517241379312,75.56,5.6044645,1.3691067328741524,337122.0,2837887488.0
JBHT,2025-12-01 21:51:23,0.8200000000000001,179.73,3.316848,0.9622907875379704,1363566.0,17397733376.0
MNDY,2025-12-01 21:51:23,0.8903448275862069,149.91,4.2054796,1.164203583412862,1299320.0,7728080384.0
MNST,2025-12-01 21:51:23,0.733448275862069,75.95,1.2801695,1.1643849923617298,5438404.0,74204758016.0
MRVL,2025-12-01 21:51:23,0.7053448275862069,91.1,1.9015625,0.9006043792449144,19923252.0,78546419712.0
NTES,2025-12-01 21:51:23,0.9458620689655172,144.95,4.998184,1.5260653785448517,702004.0,93233569792.0
NTR,2025-12-01 21:51:23,0.8689655172413793,60.17,3.4382,1.4669395507439724,2583026.0,29305171968.0
ODFL,2025-12-01 21:51:23,0.8605172413793103,139.67,3.2374938,1.1849109601721783,2074128.0,29354184704.0
ONON,2025-12-01 21:51:23,0.6956896551724139,44.68,1.56854,1.0609357946166584,6951333.0,14751863808.0
PARR,2025-12-01 21:51:23,0.7198275862068965,47.2,3.3954,0.7999003210943003,1310207.0,2398453248.0
PDD,2025-12-01 21:51:23,0.706551724137931,118.27,1.8866254,0.830989127522826,8256812.0,167901577216.0
PRMB,2025-12-01 21:51:23,0.7244827586206896,16.41,4.58891,0.905620619661186,6724223.0,6129478656.0
RDDT,2025-12-01 21:51:23,0.7468965517241379,223.4,3.20136,0.7713551708806292,5654298.0,42333351936.0
SAIA,2025-12-01 21:51:23,0.8543103448275862,293.15,4.11635,0.9710229016703468,504985.0,7810289664.0
SN,2025-12-01 21:51:23,0.8436206896551723,101.39,3.91514,1.0707422326333955,1893692.0,14310854656.0
SNPS,2025-12-01 21:51:23,0.9617241379310344,438.29,4.851558,1.7404348456001428,3030087.0,81411784704.0
TSEM,2025-12-01 21:51:23,0.8893103448275863,111.86,3.4495547,1.407571782377793,1401493.0,12542168064.0
URBN,2025-12-01 21:51:23,0.9332758620689656,78.31,5.724312,1.4893568980027505,2094831.0,7025382912.0
VNOM,2025-12-01 21:51:23,0.8210344827586207,38.03,4.106214,1.1271188491367317,1653020.0,12405600256.0
VSCO,2025-12-01 21:51:23,0.8958620689655172,44.12,6.75054,1.2500431473213722,2375582.0,3536857088.0
WB,2025-12-01 21:51:23,0.7439655172413793,10.28,3.4205246,1.1772620504141498,1172885.0,2534713344.0
WYNN,2025-12-01 21:51:23,0.891896551724138,132.77,3.1784363,1.5289832601772704,1686577.0,13804963840.0
AAPL,2025-12-01 22:17:51,0.7061855670103092,283.1,1.5241169,0.8853089750562517,51432647.0,4201314516992.0
ADI,2025-12-01 22:17:51,0.7661512027491408,266.51,0.35963064,2.0778404304927425,3377525.0,130497724416.0
AEO,2025-12-01 22:17:51,0.7606529209621993,21.25,4.16667,1.1483500202311523,9861030.0,3681950208.0
ALAB,2025-12-01 22:17:51,0.8922680412371133,165.19,4.8359427,1.18461207237296,6312247.0,27901188096.0
AMKR,2025-12-01 22:17:51,0.7907216494845362,37.74,3.7098165,1.0865267214144068,3018085.0,9329081344.0
ANF,2025-12-01 22:17:51,0.9240549828178696,101.9,4.11771,1.81787389688178,2032987.0,4672726528.0
APP,2025-12-01 22:17:51,0.7058419243986255,623.59,4.0218267,0.6521534894842566,6950626.0,210929270784.0
ARWR,2025-12-01 22:17:51,0.9082474226804124,56.25,6.7362413,1.3919466218582,2387644.0,7776987136.0
ASH,2025-12-01 22:17:51,0.9731958762886598,58.13,10.7555,2.9242194172257667,722441.0,2657593856.0
ATAT,2025-12-01 22:17:51,0.9058419243986252,40.43,5.3687816,1.5619570906551243,1239963.0,5586857984.0
B,2025-12-01 22:17:51,0.727319587628866,42.33,2.39478,1.182410042942314,21974596.0,72376778752.0
BABA,2025-12-01 22:17:51,0.7369415807560137,164.26,4.42466,0.7464564173836328,19124219.0,391923728384.0
BBWI,2025-12-01 22:17:51,0.8781786941580757,18.98,9.0178,2.144177957289654,7915787.0,3885615872.0
BF-B,2025-12-01 22:17:51,0.8080756013745705,29.72,2.55348,1.844458246097208,3558350.0,14064681984.0
BHC,2025-12-01 22:17:51,0.8625429553264605,7.05,11.0236,2.916333059518676,2193698.0,2615195648.0
BLTE,2025-12-01 22:17:51,0.99553264604811,154.02,12.063447,8.294628821927514,90334.0,5373910528.0
CAAP,2025-12-01 22:17:51,0.7510309278350515,26.14,3.11637,1.0103164663197717,232347.0,4263898112.0
CAVA,2025-12-01 22:17:51,0.890721649484536,51.01,4.33626,1.7178261175431777,4278649.0,5916451840.0
CELH,2025-12-01 22:17:51,0.827147766323024,42.62,4.103567,1.2100576914242125,6334217.0,10986809344.0
CHA,2025-12-01 22:17:51,0.8465635738831615,15.9,6.070713,1.2713560660707814,847031.0,2953464576.0
CHYM,2025-12-01 22:17:51,0.8225085910652921,21.95,3.880746,1.5106697741459596,3631239.0,8221986816.0
COLM,2025-12-01 22:17:51,0.7324742268041237,55.33,3.0162032,0.8685732426251738,696152.0,3030427904.0
CRWV,2025-12-01 22:17:51,0.743298969072165,77.06,5.3883953,0.827287318933053,30192838.0,38400344064.0
DASH,2025-12-01 22:17:51,0.8977663230240549,205.58,3.6346257,1.3580308420402538,4498146.0,88604680192.0
DECK,2025-12-01 22:17:51,0.9053264604810995,92.02,4.53254,1.459830506466893,3798965.0,13650555904.0
DIS,2025-12-01 22:17:51,0.756701030927835,106.77,2.20158,0.9932686098623,9475903.0,191965380608.0
EDU,2025-12-01 22:17:51,0.7587628865979381,52.71,3.07,0.9691724765080328,1055680.0,8787396608.0
FISV,2025-12-01 22:17:51,0.7573883161512027,62.69,1.9847038,1.1840533156315884,9011541.0,34077853696.0
FIZZ,2025-12-01 22:17:51,0.793127147766323,35.16,3.2295902,1.133125255271548,328082.0,3291687936.0
GIL,2025-12-01 22:17:51,0.8853951890034364,57.6,3.18882,3.118735325409813,1208722.0,8593453056.0
GSHD,2025-12-01 22:17:51,0.9213058419243986,75.56,5.6044645,1.390808075414835,337122.0,2837887488.0
JBHT,2025-12-01 22:17:51,0.8812714776632302,179.73,3.316848,1.2759470388672056,1363566.0,17397733376.0
LEN,2025-12-01 22:17:51,0.7125429553264605,130.23,-0.814933,3.744797199371059,5363938.0,32163024896.0
MNDY,2025-12-01 22:17:51,0.8816151202749141,149.91,4.2054796,1.1647384785888002,1299320.0,7728080384.0
NTES,2025-12-01 22:17:51,0.9424398625429552,144.95,4.998184,1.5260653785448517,702004.0,93233569792.0
NTR,2025-12-01 22:17:51,0.8625429553264605,60.17,3.4382,1.4669395507439724,2583026.0,29305171968.0
ODFL,2025-12-01 22:17:51,0.8539518900343642,139.67,3.2374938,1.1849109601721783,2074128.0,29354184704.0
PAAS,2025-12-01 22:17:51,0.7032646048109965,46.08,0.897753,1.4793399951979591,6634679.0,19447926784.0
PARR,2025-12-01 22:17:51,0.7065292096219932,47.2,3.3954,0.7999003210943003,1310207.0,2398453248.0
PRMB,2025-12-01 22:17:51,0.716151202749141,16.41,4.58891,0.905620619661186,6724223.0,6129478656.0
RDDT,2025-12-01 22:17:51,0.7570446735395189,223.4,3.20136,0.8208628197523371,5654298.0,42333351936.0
SAIA,2025-12-01 22:17:51,0.8560137457044673,293.15,4.11635,0.9935126785944136,504985.0,7810289664.0
SN,2025-12-01 22:17:51,0.8371134020618557,101.39,3.91514,1.0708399253944147,1893692.0,14310854656.0
SNPS,2025-12-01 22:17:51,0.9582474226804124,438.29,4.851558,1.7404348456001428,3030087.0,81411784704.0
TSEM,2025-12-01 22:17:51,0.8841924398625429,111.86,3.4495547,1.4146635052761591,1401493.0,12542168064.0
URBN,2025-12-01 22:17:51,0.9300687285223368,78.31,5.724312,1.5160783853208206,2094831.0,7025382912.0
VNOM,2025-12-01 22:17:51,0.820274914089347,38.03,4.106214,1.1614469274418942,1653020.0,12405600256.0
VSCO,2025-12-01 22:17:51,0.8884879725085911,44.12,6.75054,1.2500431473213722,2375582.0,3536857088.0
WB,2025-12-01 22:17:51,0.7348797250859107,10.28,3.4205246,1.1772620504141498,1172885.0,2534713344.0
WYNN,2025-12-01 22:17:51,0.8876288659793815,132.77,3.1784363,1.5289832601772704,1686577.0,13804963840.0
AAPL,2025-12-01 22:42:47,0.7061855670103092,283.1,1.5241169,0.8853089750562517,51432647.0,4201314516992.0
ADI,2025-12-01 22:42:47,0.7661512027491408,266.51,0.35963064,2.0778404304927425,3377525.0,130497724416.0
AEO,2025-12-01 22:42:47,0.7606529209621993,21.25,4.16667,1.1483500202311523,9861030.0,3681950208.0
ALAB,2025-12-01 22:42:47,0.8922680412371133,165.19,4.8359427,1.18461207237296,6312247.0,27901188096.0
AMKR,2025-12-01 22:42:47,0.7907216494845362,37.74,3.7098165,1.0865267214144068,3018085.0,9329081344.0
ANF,2025-12-01 22:42:47,0.9240549828178696,101.9,4.11771,1.81787389688178,2032987.0,4672726528.0
APP,2025-12-01 22:42:47,0.7058419243986255,623.59,4.0218267,0.6521534894842566,6950626.0,210929270784.0
ARWR,2025-12-01 22:42:47,0.9082474226804124,56.25,6.7362413,1.3919466218582,2387644.0,7776987136.0
ASH,2025-12-01 22:42:47,0.9731958762886598,58.13,10.7555,2.9242194172257667,722441.0,2657593856.0
ATAT,2025-12-01 22:42:47,0.9058419243986252,40.43,5.3687816,1.5619570906551243,1239963.0,5586857984.0
B,2025-12-01 22:42:47,0.727319587628866,42.33,2.39478,1.182410042942314,21974596.0,72376778752.0
BABA,2025-12-01 22:42:47,0.7369415807560137,164.26,4.42466,0.7464564173836328,19124219.0,391923728384.0
BBWI,2025-12-01 22:42:47,0.8781786941580757,18.98,9.0178,2.144177957289654,7915787.0,3885615872.0
BF-B,2025-12-01 22:42:47,0.8080756013745705,29.72,2.55348,1.844458246097208,3558350.0,14064681984.0
BHC,2025-12-01 22:42:47,0.8625429553264605,7.05,11.0236,2.916333059518676,2193698.0,2615195648.0
BLTE,2025-12-01 22:42:47,0.99553264604811,154.02,12.063447,8.294628821927514,90334.0,5373910528.0
CAAP,2025-12-01 22:42:47,0.7510309278350515,26.14,3.11637,1.0103164663197717,232347.0,4263898112.0
CAVA,2025-12-01 22:42:47,0.890721649484536,51.01,4.33626,1.7178261175431777,4278649.0,5916451840.0
CELH,2025-12-01 22:42:47,0.827147766323024,42.62,4.103567,1.2100576914242125,6334217.0,10986809344.0
CHA,2025-12-01 22:42:47,0.8465635738831615,15.9,6.070713,1.2713560660707814,847031.0,2953464576.0
CHYM,2025-12-01 22:42:47,0.8225085910652921,21.95,3.880746,1.5106697741459596,3631239.0,8221986816.0
COLM,2025-12-01 22:42:47,0.7324742268041237,55.33,3.0162032,0.8685732426251738,696152.0,3030427904.0
CRWV,2025-12-01 22:42:47,0.743298969072165,77.06,5.3883953,0.827287318933053,30192838.0,38400344064.0
DASH,2025-12-01 22:42:47,0.8977663230240549,205.58,3.6346257,1.3580308420402538,4498146.0,88604680192.0
DECK,2025-12-01 22:42:47,0.9053264604810995,92.02,4.53254,1.459830506466893,3798965.0,13650555904.0
DIS,2025-12-01 22:42:47,0.756701030927835,106.77,2.20158,0.9932686098623,9475903.0,191965380608.0
EDU,2025-12-01 22:42:47,0.7587628865979381,52.71,3.07,0.9691724765080328,1055680.0,8787396608.0
FISV,2025-12-01 22:42:47,0.7573883161512027,62.69,1.9847038,1.1840533156315884,9011541.0,34077853696.0
FIZZ,2025-12-01 22:42:47,0.793127147766323,35.16,3.2295902,1.133125255271548,328082.0,3291687936.0
GIL,2025-12-01 22:42:47,0.8853951890034364,57.6,3.18882,3.118735325409813,1208722.0,8593453056.0
GSHD,2025-12-01 22:42:47,0.9213058419243986,75.56,5.6044645,1.390808075414835,337122.0,2837887488.0
JBHT,2025-12-01 22:42:47,0.8812714776632302,179.73,3.316848,1.2759470388672056,1363566.0,17397733376.0
LEN,2025-12-01 22:42:47,0.7125429553264605,130.23,-0.814933,3.744797199371059,5363938.0,32163024896.0
MNDY,2025-12-01 22:42:47,0.8816151202749141,149.91,4.2054796,1.1647384785888002,1299320.0,7728080384.0
NTES,2025-12-01 22:42:47,0.9424398625429552,144.95,4.998184,1.5260653785448517,702004.0,93233569792.0
NTR,2025-12-01 22:42:47,0.8625429553264605,60.17,3.4382,1.4669395507439724,2583026.0,29305171968.0
ODFL,2025-12-01 22:42:47,0.8539518900343642,139.67,3.2374938,1.1849109601721783,2074128.0,29354184704.0
PAAS,2025-12-01 22:42:47,0.7032646048109965,46.08,0.897753,1.4793399951979591,6634679.0,19447926784.0
PARR,2025-12-01 22:42:47,0.7065292096219932,47.2,3.3954,0.7999003210943003,1310207.0,2398453248.0
PRMB,2025-12-01 22:42:47,0.716151202749141,16.41,4.58891,0.905620619661186,6724223.0,6129478656.0
RDDT,2025-12-01 22:42:47,0.7570446735395189,223.4,3.20136,0.8208628197523371,5654298.0,42333351936.0
SAIA,2025-12-01 22:42:47,0.8560137457044673,293.15,4.11635,0.9935126785944136,504985.0,7810289664.0
SN,2025-12-01 22:42:47,0.8371134020618557,101.39,3.91514,1.0708399253944147,1893692.0,14310854656.0
SNPS,2025-12-01 22:42:47,0.9582474226804124,438.29,4.851558,1.7404348456001428,3030087.0,81411784704.0
TSEM,2025-12-01 22:42:47,0.8841924398625429,111.86,3.4495547,1.4146635052761591,1401493.0,12542168064.0
URBN,2025-12-01 22:42:47,0.9300687285223368,78.31,5.724312,1.5160783853208206,2094831.0,7025382912.0
VNOM,2025-12-01 22:42:47,0.820274914089347,38.03,4.106214,1.1614469274418942,1653020.0,12405600256.0
VSCO,2025-12-01 22:42:47,0.8884879725085911,44.12,6.75054,1.2500431473213722,2375582.0,3536857088.0
WB,2025-12-01 22:42:47,0.7348797250859107,10.28,3.4205246,1.1772620504141498,1172885.0,2534713344.0
WYNN,2025-12-01 22:42:47,0.8876288659793815,132.77,3.1784363,1.5289832601772704,1686577.0,13804963840.0
AAPL,2025-12-01 22:53:15,0.7061855670103092,283.1,1.5241169,0.8853089750562517,51432647.0,4201314516992.0
ADI,2025-12-01 22:53:15,0.7661512027491408,266.51,0.35963064,2.0778404304927425,3377525.0,130497724416.0
AEO,2025-12-01 22:53:15,0.7606529209621993,21.25,4.16667,1.1483500202311523,9861030.0,3681950208.0
ALAB,2025-12-01 22:53:15,0.8922680412371133,165.19,4.8359427,1.18461207237296,6312247.0,27901188096.0
AMKR,2025-12-01 22:53:15,0.7907216494845362,37.74,3.7098165,1.0865267214144068,3018085.0,9329081344.0
ANF,2025-12-01 22:53:15,0.9240549828178696,101.9,4.11771,1.81787389688178,2032987.0,4672726528.0
APP,2025-12-01 22:53:15,0.7058419243986255,623.59,4.0218267,0.6521534894842566,6950626.0,210929270784.0
ARWR,2025-12-01 22:53:15,0.9082474226804124,56.25,6.7362413,1.3919466218582,2387644.0,7776987136.0
ASH,2025-12-01 22:53:15,0.9731958762886598,58.13,10.7555,2.9242194172257667,722441.0,2657593856.0
ATAT,2025-12-01 22:53:15,0.9058419243986252,40.43,5.3687816,1.5619570906551243,1239963.0,5586857984.0
B,2025-12-01 22:53:15,0.727319587628866,42.33,2.39478,1.182410042942314,21974596.0,72376778752.0
BABA,2025-12-01 22:53:15,0.7369415807560137,164.26,4.42466,0.7464564173836328,19124219.0,391923728384.0
BBWI,2025-12-01 22:53:15,0.8781786941580757,18.98,9.0178,2.144177957289654,7915787.0,3885615872.0
BF-B,2025-12-01 22:53:15,0.8080756013745705,29.72,2.55348,1.844458246097208,3558350.0,14064681984.0
BHC,2025-12-01 22:53:15,0.8625429553264605,7.05,11.0236,2.916333059518676,2193698.0,2615195648.0
BLTE,2025-12-01 22:53:15,0.99553264604811,154.02,12.063447,8.294628821927514,90334.0,5373910528.0
CAAP,2025-12-01 22:53:15,0.7510309278350515,26.14,3.11637,1.0103164663197717,232347.0,4263898112.0
CAVA,2025-12-01 22:53:15,0.890721649484536,51.01,4.33626,1.7178261175431777,4278649.0,5916451840.0
CELH,2025-12-01 22:53:15,0.827147766323024,42.62,4.103567,1.2100576914242125,6334217.0,10986809344.0
CHA,2025-12-01 22:53:15,0.8465635738831615,15.9,6.070713,1.2713560660707814,847031.0,2953464576.0
CHYM,2025-12-01 22:53:15,0.8225085910652921,21.95,3.880746,1.5106697741459596,3631239.0,8221986816.0
COLM,2025-12-01 22:53:15,0.7324742268041237,55.33,3.0162032,0.8685732426251738,696152.0,3030427904.0
CRWV,2025-12-01 22:53:15,0.743298969072165,77.06,5.3883953,0.827287318933053,30192838.0,38400344064.0
DASH,2025-12-01 22:53:15,0.8977663230240549,205.58,3.6346257,1.3580308420402538,4498146.0,88604680192.0
DECK,2025-12-01 22:53:15,0.9053264604810995,92.02,4.53254,1.459830506466893,3798965.0,13650555904.0
DIS,2025-12-01 22:53:15,0.756701030927835,106.77,2.20158,0.9932686098623,9475903.0,191965380608.0
EDU,2025-12-01 22:53:15,0.7587628865979381,52.71,3.07,0.9691724765080328,1055680.0,8787396608.0
FISV,2025-12-01 22:53:15,0.7573883161512027,62.69,1.9847038,1.1840533156315884,9011541.0,34077853696.0
FIZZ,2025-12-01 22:53:15,0.793127147766323,35.16,3.2295902,1.133125255271548,328082.0,3291687936.0
GIL,2025-12-01 22:53:15,0.8853951890034364,57.6,3.18882,3.118735325409813,1208722.0,8593453056.0
GSHD,2025-12-01 22:53:15,0.9213058419243986,75.56,5.6044645,1.390808075414835,337122.0,2837887488.0
JBHT,2025-12-01 22:53:15,0.8812714776632302,179.73,3.316848,1.2759470388672056,1363566.0,17397733376.0
LEN,2025-12-01 22:53:15,0.7125429553264605,130.23,-0.814933,3.744797199371059,5363938.0,32163024896.0
MNDY,2025-12-01 22:53:15,0.8816151202749141,149.91,4.2054796,1.1647384785888002,1299320.0,7728080384.0
NTES,2025-12-01 22:53:15,0.9424398625429552,144.95,4.998184,1.5260653785448517,702004.0,93233569792.0
NTR,2025-12-01 22:53:15,0.8625429553264605,60.17,3.4382,1.4669395507439724,2583026.0,29305171968.0
ODFL,2025-12-01 22:53:15,0.8539518900343642,139.67,3.2374938,1.1849109601721783,2074128.0,29354184704.0
PAAS,2025-12-01 22:53:15,0.7032646048109965,46.08,0.897753,1.4793399951979591,6634679.0,19447926784.0
PARR,2025-12-01 22:53:15,0.7065292096219932,47.2,3.3954,0.7999003210943003,1310207.0,2398453248.0
PRMB,2025-12-01 22:53:15,0.716151202749141,16.41,4.58891,0.905620619661186,6724223.0,6129478656.0
RDDT,2025-12-01 22:53:15,0.7570446735395189,223.4,3.20136,0.8208628197523371,5654298.0,42333351936.0
SAIA,2025-12-01 22:53:15,0.8560137457044673,293.15,4.11635,0.9935126785944136,504985.0,7810289664.0
SN,2025-12-01 22:53:15,0.8371134020618557,101.39,3.91514,1.0708399253944147,1893692.0,14310854656.0
SNPS,2025-12-01 22:53:15,0.9582474226804124,438.29,4.851558,1.7404348456001428,3030087.0,81411784704.0
TSEM,2025-12-01 22:53:15,0.8841924398625429,111.86,3.4495547,1.4146635052761591,1401493.0,12542168064.0
URBN,2025-12-01 22:53:15,0.9300687285223368,78.31,5.724312,1.5160783853208206,2094831.0,7025382912.0
VNOM,2025-12-01 22:53:15,0.820274914089347,38.03,4.106214,1.1614469274418942,1653020.0,12405600256.0
VSCO,2025-12-01 22:53:15,0.8884879725085911,44.12,6.75054,1.2500431473213722,2375582.0,3536857088.0
WB,2025-12-01 22:53:15,0.7348797250859107,10.28,3.4205246,1.1772620504141498,1172885.0,2534713344.0
WYNN,2025-12-01 22:53:15,0.8876288659793815,132.77,3.1784363,1.5289832601772704,1686577.0,13804963840.0
AAPL,2025-12-01 22:53:16,0.7061855670103092,283.1,1.5241169,0.8853089750562517,51432647.0,4201314516992.0
ADI,2025-12-01 22:53:16,0.7661512027491408,266.51,0.35963064,2.0778404304927425,3377525.0,130497724416.0
AEO,2025-12-01 22:53:16,0.7606529209621993,21.25,4.16667,1.1483500202311523,9861030.0,3681950208.0
ALAB,2025-12-01 22:53:16,0.8922680412371133,165.19,4.8359427,1.18461207237296,6312247.0,27901188096.0
AMKR,2025-12-01 22:53:16,0.7907216494845362,37.74,3.7098165,1.0865267214144068,3018085.0,9329081344.0
ANF,2025-12-01 22:53:16,0.9240549828178696,101.9,4.11771,1.81787389688178,2032987.0,4672726528.0
APP,2025-12-01 22:53:16,0.7058419243986255,623.59,4.0218267,0.6521534894842566,6950626.0,210929270784.0
ARWR,2025-12-01 22:53:16,0.9082474226804124,56.25,6.7362413,1.3919466218582,2387644.0,7776987136.0
ASH,2025-12-01 22:53:16,0.9731958762886598,58.13,10.7555,2.9242194172257667,722441.0,2657593856.0
ATAT,2025-12-01 22:53:16,0.9058419243986252,40.43,5.3687816,1.5619570906551243,1239963.0,5586857984.0
B,2025-12-01 22:53:16,0.727319587628866,42.33,2.39478,1.182410042942314,21974596.0,72376778752.0
BABA,2025-12-01 22:53:16,0.7369415807560137,164.26,4.42466,0.7464564173836328,19124219.0,391923728384.0
BBWI,2025-12-01 22:53:16,0.8781786941580757,18.98,9.0178,2.144177957289654,7915787.0,3885615872.0
BF-B,2025-12-01 22:53:16,0.8080756013745705,29.72,2.55348,1.844458246097208,3558350.0,14064681984.0
BHC,2025-12-01 22:53:16,0.8625429553264605,7.05,11.0236,2.916333059518676,2193698.0,2615195648.0
BLTE,2025-12-01 22:53:16,0.99553264604811,154.02,12.063447,8.294628821927514,90334.0,5373910528.0
CAAP,2025-12-01 22:53:16,0.7510309278350515,26.14,3.11637,1.0103164663197717,232347.0,4263898112.0
CAVA,2025-12-01 22:53:16,0.890721649484536,51.01,4.33626,1.7178261175431777,4278649.0,5916451840.0
CELH,2025-12-01 22:53:16,0.827147766323024,42.62,4.103567,1.2100576914242125,6334217.0,10986809344.0
CHA,2025-12-01 22:53:16,0.8465635738831615,15.9,6.070713,1.2713560660707814,847031.0,2953464576.0
CHYM,2025-12-01 22:53:16,0.8225085910652921,21.95,3.880746,1.5106697741459596,3631239.0,8221986816.0
COLM,2025-12-01 22:53:16,0.7324742268041237,55.33,3.0162032,0.8685732426251738,696152.0,3030427904.0
CRWV,2025-12-01 22:53:16,0.743298969072165,77.06,5.3883953,0.827287318933053,30192838.0,38400344064.0
DASH,2025-12-01 22:53:16,0.8977663230240549,205.58,3.6346257,1.3580308420402538,4498146.0,88604680192.0
DECK,2025-12-01 22:53:16,0.9053264604810995,92.02,4.53254,1.459830506466893,3798965.0,13650555904.0
DIS,2025-12-01 22:53:16,0.756701030927835,106.77,2.20158,0.9932686098623,9475903.0,191965380608.0
EDU,2025-12-01 22:53:16,0.7587628865979381,52.71,3.07,0.9691724765080328,1055680.0,8787396608.0
FISV,2025-12-01 22:53:16,0.7573883161512027,62.69,1.9847038,1.1840533156315884,9011541.0,34077853696.0
FIZZ,2025-12-01 22:53:16,0.793127147766323,35.16,3.2295902,1.133125255271548,328082.0,3291687936.0
GIL,2025-12-01 22:53:16,0.8853951890034364,57.6,3.18882,3.118735325409813,1208722.0,8593453056.0
GSHD,2025-12-01 22:53:16,0.9213058419243986,75.56,5.6044645,1.390808075414835,337122.0,2837887488.0
JBHT,2025-12-01 22:53:16,0.8812714776632302,179.73,3.316848,1.2759470388672056,1363566.0,17397733376.0
LEN,2025-12-01 22:53:16,0.7125429553264605,130.23,-0.814933,3.744797199371059,5363938.0,32163024896.0
MNDY,2025-12-01 22:53:16,0.8816151202749141,149.91,4.2054796,1.1647384785888002,1299320.0,7728080384.0
NTES,2025-12-01 22:53:16,0.9424398625429552,144.95,4.998184,1.5260653785448517,702004.0,93233569792.0
NTR,2025-12-01 22:53:16,0.8625429553264605,60.17,3.4382,1.4669395507439724,2583026.0,29305171968.0
ODFL,2025-12-01 22:53:16,0.8539518900343642,139.67,3.2374938,1.1849109601721783,2074128.0,29354184704.0
PAAS,2025-12-01 22:53:16,0.7032646048109965,46.08,0.897753,1.4793399951979591,6634679.0,19447926784.0
PARR,2025-12-01 22:53:16,0.7065292096219932,47.2,3.3954,0.7999003210943003,1310207.0,2398453248.0
PRMB,2025-12-01 22:53:16,0.716151202749141,16.41,4.58891,0.905620619661186,6724223.0,6129478656.0
RDDT,2025-12-01 22:53:16,0.7570446735395189,223.4,3.20136,0.8208628197523371,5654298.0,42333351936.0
SAIA,2025-12-01 22:53:16,0.8560137457044673,293.15,4.11635,0.9935126785944136,504985.0,7810289664.0
SN,2025-12-01 22:53:16,0.8371134020618557,101.39,3.91514,1.0708399253944147,1893692.0,14310854656.0
SNPS,2025-12-01 22:53:16,0.9582474226804124,438.29,4.851558,1.7404348456001428,3030087.0,81411784704.0
TSEM,2025-12-01 22:53:16,0.8841924398625429,111.86,3.4495547,1.4146635052761591,1401493.0,12542168064.0
URBN,2025-12-01 22:53:16,0.9300687285223368,78.31,5.724312,1.5160783853208206,2094831.0,7025382912.0
VNOM,2025-12-01 22:53:16,0.820274914089347,38.03,4.106214,1.1614469274418942,1653020.0,12405600256.0
VSCO,2025-12-01 22:53:16,0.8884879725085911,44.12,6.75054,1.2500431473213722,2375582.0,3536857088.0
WB,2025-12-01 22:53:16,0.7348797250859107,10.28,3.4205246,1.1772620504141498,1172885.0,2534713344.0
WYNN,2025-12-01 22:53:16,0.8876288659793815,132.77,3.1784363,1.5289832601772704,1686577.0,13804963840.0
AAPL,2025-12-02 14:21:45,0.7061855670103092,283.1,1.52412,0.8846393291210412,51471580.0,4201314516992.0
ADI,2025-12-02 14:21:45,0.7661512027491408,266.51,0.359631,2.0374589268699417,3444466.0,130497724416.0
AEO,2025-12-02 14:21:45,0.7594501718213058,21.25,4.16667,1.148597070933508,9858909.0,3681950208.0
ALAB,2025-12-02 14:21:45,0.8922680412371133,165.19,4.83594,1.179560082671823,6339282.0,27901188096.0
AMKR,2025-12-02 14:21:45,0.7898625429553265,37.74,3.70982,1.075702987712128,3048453.0,9329081344.0
ANF,2025-12-02 14:21:45,0.9240549828178696,101.9,4.11771,1.7962594473741769,2057450.0,4672726528.0
APP,2025-12-02 14:21:45,0.7034364261168385,623.59,4.02183,0.6532587601489926,6938866.0,210929270784.0
ARWR,2025-12-02 14:21:45,0.9125429553264603,56.25,6.73624,1.4187809100164996,2342485.0,7776987136.0
ASH,2025-12-02 14:21:45,0.9714776632302404,58.13,10.7555,2.8067497744716525,752677.0,2657593856.0
ATAT,2025-12-02 14:21:45,0.9054982817869416,40.43,5.36878,1.5503689870008028,1249231.0,5586857984.0
B,2025-12-02 14:21:45,0.7285223367697594,42.33,2.39478,1.1772205877589004,22071465.0,72376778752.0
BABA,2025-12-02 14:21:45,0.7448453608247423,164.26,4.42466,0.7631321238278629,18706323.0,391923728384.0
BBWI,2025-12-02 14:21:45,0.877147766323024,18.98,9.0178,2.093077825962672,8109042.0,3885615872.0
BF-B,2025-12-02 14:21:45,0.8077319587628866,29.72,2.55348,1.8100483287902136,3625996.0,14064681984.0
BHC,2025-12-02 14:21:45,0.8649484536082475,7.05,11.0236,2.8813761309221406,2220312.0,2615195648.0
BLTE,2025-12-02 14:21:45,0.99553264604811,154.02,12.0634,7.346095021471009,101998.0,5373910528.0
CAAP,2025-12-02 14:21:45,0.7510309278350515,26.14,3.11637,1.004368419025941,233723.0,4263898112.0
CAVA,2025-12-02 14:21:45,0.890721649484536,51.01,4.33626,1.692185758884581,4343480.0,5916451840.0
CELH,2025-12-02 14:21:45,0.827147766323024,42.62,4.10357,1.207164521738911,6349398.0,10986809344.0
CHA,2025-12-02 14:21:45,0.8529209621993127,15.9,6.07071,1.3427306030129451,802006.0,2953464576.0
CHYM,2025-12-02 14:21:45,0.8225085910652921,21.95,3.88075,1.4958845200470123,3667130.0,8221986816.0
COLM,2025-12-02 14:21:45,0.7391752577319587,55.33,3.0162,0.875452089384116,690682.0,3030427904.0
CRWV,2025-12-02 14:21:45,0.7445017182130584,77.06,5.3884,0.8308075591253284,30064907.0,38400344064.0
DASH,2025-12-02 14:21:45,0.8957044673539518,205.58,3.63463,1.340535896507456,4556850.0,88604680192.0
DECK,2025-12-02 14:21:45,0.9065292096219932,92.02,4.53254,1.4459705285970434,3835379.0,13650555904.0
DIS,2025-12-02 14:21:45,0.756701030927835,106.77,2.20158,0.982388514588998,9580850.0,191965380608.0
EDU,2025-12-02 14:21:45,0.7563573883161512,52.71,3.07,0.9509644546437238,1075893.0,8787396608.0
FISV,2025-12-02 14:21:45,0.7546391752577319,62.69,1.9847,1.171307355545571,9109603.0,34077853696.0
FIZZ,2025-12-02 14:21:45,0.7910652920962199,35.16,3.22959,1.1206373704549977,331738.0,3291687936.0
GIL,2025-12-02 14:21:45,0.8826460481099656,57.6,3.18882,2.7937843832889526,1349311.0,8593453056.0
GSHD,2025-12-02 14:21:45,0.922508591065292,75.56,5.60446,1.375543840193861,340863.0,2837887488.0
JBHT,2025-12-02 14:21:45,0.8788659793814433,179.73,3.31685,1.263069632107606,1377468.0,17397733376.0
LEN,2025-12-02 14:21:45,0.7111683848797251,130.23,-0.814933,3.558533924117504,5644701.0,32163024896.0
MNDY,2025-12-02 14:21:45,0.8852233676975945,149.91,4.20548,1.1700912959572467,1293376.0,7728080384.0
NTES,2025-12-02 14:21:45,0.9436426116838488,144.95,4.99818,1.5160083830860909,706661.0,93233569792.0
NTR,2025-12-02 14:21:45,0.8582474226804123,60.17,3.4382,1.4126580419113746,2682279.0,29305171968.0
ODFL,2025-12-02 14:21:45,0.8515463917525773,139.67,3.23749,1.1773968615934445,2087365.0,29354184704.0
PAAS,2025-12-02 14:21:45,0.7036082474226804,46.08,0.897753,1.483554746721122,6615830.0,19447926784.0
PARR,2025-12-02 14:21:45,0.7125429553264605,47.2,3.3954,0.809595393494253,1294517.0,2398453248.0
PRMB,2025-12-02 14:21:45,0.7137457044673541,16.41,4.58891,0.8974189310808635,6785677.0,6129478656.0
RDDT,2025-12-02 14:21:45,0.7546391752577319,223.4,3.20136,0.8208526576268117,5654368.0,42333351936.0
SAIA,2025-12-02 14:21:45,0.8560137457044673,293.15,4.11635,0.9950318713879424,504214.0,7810289664.0
SN,2025-12-02 14:21:45,0.8371134020618557,101.39,3.91514,1.063690582348066,1906420.0,14310854656.0
SNPS,2025-12-02 14:21:45,0.9582474226804124,438.29,4.85156,1.705657874139517,3091868.0,83525091328.0
TSEM,2025-12-02 14:21:45,0.8829896907216495,111.86,3.44955,1.4102992538215855,1405830.0,12542168064.0
URBN,2025-12-02 14:21:45,0.9312714776632302,78.31,5.72431,1.51269026345508,2099523.0,7025382912.0
VNOM,2025-12-02 14:21:45,0.8245704467353951,38.03,4.10621,1.1691719982607616,1642098.0,12405600256.0
VSCO,2025-12-02 14:21:45,0.8876288659793815,44.12,6.75054,1.2500105234622696,2375644.0,3536857088.0
WB,2025-12-02 14:21:45,0.7302405498281788,10.28,3.42052,1.1637040158442544,1186550.0,2534713344.0
WYNN,2025-12-02 14:21:45,0.8859106529209623,132.77,3.17844,1.510467113232259,1707252.0,13804963840.0
AAPL,2025-12-02 14:21:46,0.7061855670103092,283.1,1.52412,0.8846393291210412,51471580.0,4201314516992.0
ADI,2025-12-02 14:21:46,0.7661512027491408,266.51,0.359631,2.0374589268699417,3444466.0,130497724416.0
AEO,2025-12-02 14:21:46,0.7594501718213058,21.25,4.16667,1.148597070933508,9858909.0,3681950208.0
ALAB,2025-12-02 14:21:46,0.8922680412371133,165.19,4.83594,1.179560082671823,6339282.0,27901188096.0
AMKR,2025-12-02 14:21:46,0.7898625429553265,37.74,3.70982,1.075702987712128,3048453.0,9329081344.0
ANF,2025-12-02 14:21:46,0.9240549828178696,101.9,4.11771,1.7962594473741769,2057450.0,4672726528.0
APP,2025-12-02 14:21:46,0.7034364261168385,623.59,4.02183,0.6532587601489926,6938866.0,210929270784.0
ARWR,2025-12-02 14:21:46,0.9125429553264603,56.25,6.73624,1.4187809100164996,2342485.0,7776987136.0
ASH,2025-12-02 14:21:46,0.9714776632302404,58.13,10.7555,2.8067497744716525,752677.0,2657593856.0
ATAT,2025-12-02 14:21:46,0.9054982817869416,40.43,5.36878,1.5503689870008028,1249231.0,5586857984.0
B,2025-12-02 14:21:46,0.7285223367697594,42.33,2.39478,1.1772205877589004,22071465.0,72376778752.0
BABA,2025-12-02 14:21:46,0.7448453608247423,164.26,4.42466,0.7631321238278629,18706323.0,391923728384.0
BBWI,2025-12-02 14:21:46,0.877147766323024,18.98,9.0178,2.093077825962672,8109042.0,3885615872.0
BF-B,2025-12-02 14:21:46,0.8077319587628866,29.72,2.55348,1.8100483287902136,3625996.0,14064681984.0
BHC,2025-12-02 14:21:46,0.8649484536082475,7.05,11.0236,2.8813761309221406,2220312.0,2615195648.0
BLTE,2025-12-02 14:21:46,0.99553264604811,154.02,12.0634,7.346095021471009,101998.0,5373910528.0
CAAP,2025-12-02 14:21:46,0.7510309278350515,26.14,3.11637,1.004368419025941,233723.0,4263898112.0
CAVA,2025-12-02 14:21:46,0.890721649484536,51.01,4.33626,1.692185758884581,4343480.0,5916451840.0
CELH,2025-12-02 14:21:46,0.827147766323024,42.62,4.10357,1.207164521738911,6349398.0,10986809344.0
CHA,2025-12-02 14:21:46,0.8529209621993127,15.9,6.07071,1.3427306030129451,802006.0,2953464576.0
CHYM,2025-12-02 14:21:46,0.8225085910652921,21.95,3.88075,1.4958845200470123,3667130.0,8221986816.0
COLM,2025-12-02 14:21:46,0.7391752577319587,55.33,3.0162,0.875452089384116,690682.0,3030427904.0
CRWV,2025-12-02 14:21:46,0.7445017182130584,77.06,5.3884,0.8308075591253284,30064907.0,38400344064.0
DASH,2025-12-02 14:21:46,0.8957044673539518,205.58,3.63463,1.340535896507456,4556850.0,88604680192.0
DECK,2025-12-02 14:21:46,0.9065292096219932,92.02,4.53254,1.4459705285970434,3835379.0,13650555904.0
DIS,2025-12-02 14:21:46,0.756701030927835,106.77,2.20158,0.982388514588998,9580850.0,191965380608.0
EDU,2025-12-02 14:21:46,0.7563573883161512,52.71,3.07,0.9509644546437238,1075893.0,8787396608.0
FISV,2025-12-02 14:21:46,0.7546391752577319,62.69,1.9847,1.171307355545571,9109603.0,34077853696.0
FIZZ,2025-12-02 14:21:46,0.7910652920962199,35.16,3.22959,1.1206373704549977,331738.0,3291687936.0
GIL,2025-12-02 14:21:46,0.8826460481099656,57.6,3.18882,2.7937843832889526,1349311.0,8593453056.0
GSHD,2025-12-02 14:21:46,0.922508591065292,75.56,5.60446,1.375543840193861,340863.0,2837887488.0
JBHT,2025-12-02 14:21:46,0.8788659793814433,179.73,3.31685,1.263069632107606,1377468.0,17397733376.0
LEN,2025-12-02 14:21:46,0.7111683848797251,130.23,-0.814933,3.558533924117504,5644701.0,32163024896.0
MNDY,2025-12-02 14:21:46,0.8852233676975945,149.91,4.20548,1.1700912959572467,1293376.0,7728080384.0
NTES,2025-12-02 14:21:46,0.9436426116838488,144.95,4.99818,1.5160083830860909,706661.0,93233569792.0
NTR,2025-12-02 14:21:46,0.8582474226804123,60.17,3.4382,1.4126580419113746,2682279.0,29305171968.0
ODFL,2025-12-02 14:21:46,0.8515463917525773,139.67,3.23749,1.1773968615934445,2087365.0,29354184704.0
PAAS,2025-12-02 14:21:46,0.7036082474226804,46.08,0.897753,1.483554746721122,6615830.0,19447926784.0
PARR,2025-12-02 14:21:46,0.7125429553264605,47.2,3.3954,0.809595393494253,1294517.0,2398453248.0
PRMB,2025-12-02 14:21:46,0.7137457044673541,16.41,4.58891,0.8974189310808635,6785677.0,6129478656.0
RDDT,2025-12-02 14:21:46,0.7546391752577319,223.4,3.20136,0.8208526576268117,5654368.0,42333351936.0
SAIA,2025-12-02 14:21:46,0.8560137457044673,293.15,4.11635,0.9950318713879424,504214.0,7810289664.0
SN,2025-12-02 14:21:46,0.8371134020618557,101.39,3.91514,1.063690582348066,1906420.0,14310854656.0
SNPS,2025-12-02 14:21:46,0.9582474226804124,438.29,4.85156,1.705657874139517,3091868.0,83525091328.0
TSEM,2025-12-02 14:21:46,0.8829896907216495,111.86,3.44955,1.4102992538215855,1405830.0,12542168064.0
URBN,2025-12-02 14:21:46,0.9312714776632302,78.31,5.72431,1.51269026345508,2099523.0,7025382912.0
VNOM,2025-12-02 14:21:46,0.8245704467353951,38.03,4.10621,1.1691719982607616,1642098.0,12405600256.0
VSCO,2025-12-02 14:21:46,0.8876288659793815,44.12,6.75054,1.2500105234622696,2375644.0,3536857088.0
WB,2025-12-02 14:21:46,0.7302405498281788,10.28,3.42052,1.1637040158442544,1186550.0,2534713344.0
WYNN,2025-12-02 14:21:46,0.8859106529209623,132.77,3.17844,1.510467113232259,1707252.0,13804963840.0
ABTC,2025-12-02 14:49:21,0.4411392405063291,2.2,-38.54748,2.1725016068697096,4796593.0,2040731008.0
ALAB,2025-12-02 14:49:21,0.8601265822784809,180.3825,9.196988,0.2200984275506279,6339282.0,30467258368.0
ALNY,2025-12-02 14:49:21,0.6272151898734177,471.175,3.655181,0.1116089210221981,1092117.0,62248726528.0
APLD,2025-12-02 14:49:21,0.591139240506329,29.61,4.962785,0.1473562458476088,30705200.0,8281499136.0
APP,2025-12-02 14:49:21,0.8151898734177215,671.157,7.6279206,0.1490008597946696,6938866.0,227018801152.0
BA,2025-12-02 14:49:21,0.8727848101265823,199.305,6.888869,0.4412708314387222,8214087.0,151490822144.0
BAP,2025-12-02 14:49:21,0.4867088607594937,263.02,3.1653235,0.085125741529279,302247.0,20874928128.0
BE,2025-12-02 14:49:21,0.7126582278481013,104.78,5.913271,0.1548839785888181,15091180.0,24781596672.0
BETA,2025-12-02 14:49:21,0.5151898734177215,28.0,6.783539,0.0609893232242085,2160952.0,6630036480.0
BLCO,2025-12-02 14:49:21,0.5253164556962026,17.075,3.1099112,0.3899878628703316,502590.0,6047791104.0
BLKB,2025-12-02 14:49:21,0.7518987341772152,60.44,5.3145137,0.1863856647122173,334280.0,2931885824.0
BMNR,2025-12-02 14:49:21,0.7322784810126582,31.535,8.965307,0.2181807996821962,45592912.0,12111578112.0
CAI,2025-12-02 14:49:21,0.6259493670886076,26.96,3.4932816,2.201599171770556,1068303.0,7606680576.0
CAMT,2025-12-02 14:49:21,0.538607594936709,109.34,3.736363,0.0913161640999094,540890.0,5004082176.0
CBZ,2025-12-02 14:49:21,0.4791139240506329,50.6,4.0938034,0.0607447174494335,677277.0,2752711936.0
CLS,2025-12-02 14:49:21,0.6613924050632911,330.44,3.7911887,0.1429415070140929,3213958.0,38012702720.0
CLSK,2025-12-02 14:49:21,0.429746835443038,14.56,3.4090943,0.1612438939213014,34802614.0,3892409088.0
CRDO,2025-12-02 14:49:21,0.937974683544304,211.38,23.52013,0.7927693706625034,6293809.0,36567810048.0
CRWV,2025-12-02 14:49:21,0.5316455696202531,79.94,3.737354,0.1378393753221987,30064907.0,39835500544.0
CSAN,2025-12-02 14:49:21,0.5664556962025317,5.255,7.026482,0.1489477332399175,2277987.0,7582599680.0
CTRI,2025-12-02 14:49:21,0.6360759493670886,23.215,4.6327667,0.1971766159335798,2318211.0,2311735296.0
DELL,2025-12-02 14:49:21,0.5563291139240506,136.24,3.1418042,0.1809844377611795,7548207.0,91604115456.0
DOCN,2025-12-02 14:49:21,0.4987341772151898,46.07,3.8314195,0.095283797545245,2798650.0,4215043072.0
GEV,2025-12-02 14:49:21,0.6335443037974684,598.3,3.7094753,0.1128352721061857,2981869.0,162871574528.0
GLXY,2025-12-02 14:49:21,0.4316455696202531,25.91,4.475809,0.071950601130925,9345801.0,10464557056.0
INSP,2025-12-02 14:49:21,0.6740506329113924,132.575,4.956871,0.1027791486960085,1242071.0,3920814848.0
IPG,2025-12-02 14:49:21,0.4360759493670886,24.57,-1.95531,10.530411060392389,7790899.0,8999164928.0
IREN,2025-12-02 14:49:21,0.4373417721518987,45.92,-5.3011622,0.2748464667744375,40978915.0,13016735744.0
KB,2025-12-02 14:49:21,0.7322784810126582,89.99,4.663869,0.1798113554137482,125209.0,32986632192.0
MDB,2025-12-02 14:49:21,0.9759493670886076,415.9242,26.470703,1.4266266052897805,1810888.0,33986959360.0
MSTR,2025-12-02 14:49:21,0.820253164556962,180.72,5.42659,0.3782580401314209,14017246.0,51930566656.0
NET,2025-12-02 14:49:21,0.4436708860759493,203.2688,3.0723257,0.0874018624947883,2715068.0,71201226752.0
NVDA,2025-12-02 14:49:21,0.4734177215189872,185.03,2.8401515,0.1614684514284673,191083501.0,4497154244608.0
NVMI,2025-12-02 14:49:21,0.4487341772151899,315.74,3.2471118,0.0539441654527332,417376.0,9362468864.0
OKLO,2025-12-02 14:49:21,0.5373417721518987,91.47,4.704671,0.0761597165579119,19616000.0,14291919872.0
ORCL,2025-12-02 14:49:21,0.4455696202531646,206.68,2.8565693,0.1373450929080489,27067192.0,589201801216.0
PLTR,2025-12-02 14:49:21,0.6113924050632911,174.2818,4.055044,0.1309501218441818,54952152.0,415389548544.0
PSTG,2025-12-02 14:49:21,0.6031645569620253,91.92,3.8057537,0.1474145277386229,2985296.0,30208274432.0
RGC,2025-12-02 14:49:21,0.7449367088607595,13.08,9.5117855,0.1811809591411206,180328.0,6467914752.0
RMBS,2025-12-02 14:49:21,0.4443037974683544,97.95,3.9919252,0.0349262058149656,2235542.0,10544330752.0
SEI,2025-12-02 14:49:21,0.7999999999999999,52.9798,8.542921,0.2249867074840892,3723900.0,3802971136.0
SHOP,2025-12-02 14:49:21,0.6107594936708861,155.21,3.9724061,0.1279694036973756,8478933.0,202059055104.0
SMR,2025-12-02 14:49:21,0.430379746835443,18.74,3.6504416,0.1387552079079668,22860187.0,5300486656.0
SNOW,2025-12-02 14:49:21,0.8322784810126581,264.61,5.0039625,0.2958810459361383,4392620.0,89649864704.0
SPR,2025-12-02 14:49:21,0.6803797468354429,37.215,3.8075361,0.4387448602209818,1088325.0,4373626368.0
TER,2025-12-02 14:49:21,0.6303797468354431,188.285,4.818237,0.088016533894082,3742615.0,29951160320.0
TMC,2025-12-02 14:49:21,0.7044303797468354,6.94,10.405087,0.3346035329552318,9498507.0,3711756544.0
TSEM,2025-12-02 14:49:21,0.7632911392405063,117.03,4.621847,0.2693561810460724,1405830.0,13121848320.0
U,2025-12-02 14:49:21,0.4968354430379746,44.59,3.3611515,0.15764225454851,10306507.0,19080632320.0
UNFI,2025-12-02 14:49:21,0.8056962025316454,37.072,7.84767,0.3147038369896902,1052596.0,2258858752.0
ALAB,2025-12-02 15:22:44,0.8384,175.19,6.053635,0.4250599673590794,6339282.0,29590224896.0
AMKR,2025-12-02 15:22:44,0.6968,39.755,5.3398685,0.3048775887310711,3048453.0,9827175424.0
AMR,2025-12-02 15:22:44,0.6387999999999999,161.835,5.1969647,0.1562985786285403,286906.0,2112565632.0
APLD,2025-12-02 15:22:44,0.6591999999999999,29.82,5.705176,0.286400935346456,30705200.0,8340233216.0
APP,2025-12-02 15:22:44,0.8848,670.0,7.442385,0.3140807157826653,6938866.0,226627452928.0
ASTS,2025-12-02 15:22:44,0.5848000000000001,55.87,6.196537,0.1506346247941219,12861379.0,15532471296.0
BA,2025-12-02 15:22:44,0.9324,202.33,8.511206,0.8334102134540333,8214087.0,153790119936.0
BE,2025-12-02 15:22:44,0.8104000000000001,106.87,8.025879,0.282323052272917,15091180.0,25275904000.0
BETA,2025-12-02 15:22:44,0.5584,28.05,6.9794054,0.1224335385515272,2160952.0,6641875968.0
BLCO,2025-12-02 15:22:44,0.578,17.1508,3.5676405,0.4678226785252393,502590.0,6074638336.0
BLKB,2025-12-02 15:22:44,0.6104,59.57,3.7985718,0.2717841330621036,334280.0,2889682944.0
BMNR,2025-12-02 15:22:44,0.7876,31.83,9.986176,0.3870941386678701,45592912.0,12224878592.0
CAMT,2025-12-02 15:22:44,0.6496,110.44,4.7817845,0.1876777163563756,540890.0,5054425600.0
CLSK,2025-12-02 15:22:44,0.5920000000000001,14.755,4.7940354,0.3061745304533734,34802614.0,3944539392.0
COHR,2025-12-02 15:22:44,0.6792,169.543,3.696024,0.3939389178772871,4137479.0,26644295680.0
COIN,2025-12-02 15:22:44,0.6616,270.325,4.0351815,0.2578568675291783,9801298.0,72891465728.0
CRCL,2025-12-02 15:22:44,0.7099999999999999,79.5201,4.7143807,0.3911062237469906,13752471.0,20232904704.0
CRDO,2025-12-02 15:22:44,0.9591999999999998,199.79,16.747494,1.1741022010677478,6293809.0,34562789376.0
CRWV,2025-12-02 15:22:44,0.7804,82.32,6.8258533,0.3093436477285627,30064907.0,41021497344.0
CSAN,2025-12-02 15:22:44,0.6932,5.28,7.53565,0.3933560639283718,2277987.0,7618673152.0
CTRI,2025-12-02 15:22:44,0.8064,23.985,8.091053,0.5009121257728482,2318211.0,2388411648.0
DELL,2025-12-02 15:22:44,0.5712,136.75,3.5279005,0.2577243840822065,7548207.0,91947024384.0
EL,2025-12-02 15:22:44,0.6779999999999999,98.77,4.2867675,0.2932637682444959,3427198.0,35592781824.0
FLY,2025-12-02 15:22:44,0.6175999999999999,17.9,6.4842367,0.1918747270908711,2001582.0,2850595072.0
GEV,2025-12-02 15:22:44,0.6876,600.57,4.102961,0.2323723812146006,2981869.0,163489529856.0
INSP,2025-12-02 15:22:44,0.7639999999999999,133.585,5.7345343,0.2624568160757315,1242071.0,3950685184.0
INTC,2025-12-02 15:22:44,0.6904000000000001,42.305,5.736071,0.3472366413678495,110900969.0,201794846720.0
KB,2025-12-02 15:22:44,0.7124,89.815,4.4603386,0.2873515482113905,125209.0,32922486784.0
LEU,2025-12-02 15:22:44,0.7212000000000001,266.62,6.070972,0.1735595596307376,1378207.0,4855691776.0
LUMN,2025-12-02 15:22:44,0.6412,8.94,7.8407674,0.2580334833645308,20006950.0,9173699584.0
MARA,2025-12-02 15:22:44,0.5784,12.235,6.2092314,0.2127997521148639,55929130.0,4627085312.0
MDB,2025-12-02 15:22:44,0.9888,411.51,25.128477,2.139802130225613,1810888.0,33626257408.0
MSTR,2025-12-02 15:22:44,0.8824000000000001,183.205,6.8749294,0.6667500163726884,14017246.0,52644638720.0
NET,2025-12-02 15:22:44,0.6367999999999999,205.685,4.3027387,0.1874667595802388,2715068.0,72047575040.0
OKLO,2025-12-02 15:22:44,0.7068,94.62,8.310442,0.176344310766721,19616000.0,14784098304.0
ONTO,2025-12-02 15:22:44,0.6016,154.6899,5.2313957,0.1342048120782873,1235142.0,7680806912.0
PLTR,2025-12-02 15:22:44,0.5952,174.1799,3.994206,0.2230880967136646,54952152.0,415146704896.0
PSTG,2025-12-02 15:22:44,0.7464,92.88,4.889886,0.3610231615223415,2985296.0,30523764736.0
RGC,2025-12-02 15:22:44,0.8488,13.31,11.314482,0.9564238498735638,180328.0,6581647360.0
SEI,2025-12-02 15:22:44,0.7755999999999998,51.8635,6.2544107,0.3425972770482559,3723900.0,3722841088.0
SHOP,2025-12-02 15:22:44,0.6904,156.64,4.9303327,0.2299781116326783,8478933.0,203920670720.0
SMR,2025-12-02 15:22:44,0.6347999999999999,19.18,6.084073,0.2620220910703836,22860187.0,5424937984.0
SNOW,2025-12-02 15:22:44,0.8343999999999999,265.25,5.2579365,0.4386297926977521,4392620.0,89866698752.0
SPR,2025-12-02 15:22:44,0.6115999999999999,37.11,3.5146503,0.7501334619713781,1088325.0,4361286656.0
STRL,2025-12-02 15:22:44,0.6499999999999999,335.925,4.8095155,0.1600871121367685,646523.0,10319405056.0
TER,2025-12-02 15:22:44,0.7152000000000001,189.8,5.661637,0.1971391660643694,3742615.0,30192156672.0
TMC,2025-12-02 15:22:44,0.7659999999999999,7.19,14.399367,0.5925022743047934,9498507.0,3845465344.0
TSEM,2025-12-02 15:22:44,0.8191999999999999,117.4547,5.0015163,0.8059829424610373,1405830.0,13169467392.0
UNFI,2025-12-02 15:22:44,0.8867999999999999,38.47,11.961585,0.6150754895515469,1052596.0,2344041216.0
VICR,2025-12-02 15:22:44,0.5656,93.12,3.7779999,0.1951161865537172,427330.0,4158053120.0
ALAB,2025-12-02 15:22:45,0.8384,175.19,6.053635,0.4250599673590794,6339282.0,29590224896.0
AMKR,2025-12-02 15:22:45,0.6968,39.755,5.3398685,0.3048775887310711,3048453.0,9827175424.0
AMR,2025-12-02 15:22:45,0.6387999999999999,161.835,5.1969647,0.1562985786285403,286906.0,2112565632.0
APLD,2025-12-02 15:22:45,0.6591999999999999,29.82,5.705176,0.286400935346456,30705200.0,8340233216.0
APP,2025-12-02 15:22:45,0.8848,670.0,7.442385,0.3140807157826653,6938866.0,226627452928.0
ASTS,2025-12-02 15:22:45,0.5848000000000001,55.87,6.196537,0.1506346247941219,12861379.0,15532471296.0
BA,2025-12-02 15:22:45,0.9324,202.33,8.511206,0.8334102134540333,8214087.0,153790119936.0
BE,2025-12-02 15:22:45,0.8104000000000001,106.87,8.025879,0.282323052272917,15091180.0,25275904000.0
BETA,2025-12-02 15:22:45,0.5584,28.05,6.9794054,0.1224335385515272,2160952.0,6641875968.0
BLCO,2025-12-02 15:22:45,0.578,17.1508,3.5676405,0.4678226785252393,502590.0,6074638336.0
BLKB,2025-12-02 15:22:45,0.6104,59.57,3.7985718,0.2717841330621036,334280.0,2889682944.0
BMNR,2025-12-02 15:22:45,0.7876,31.83,9.986176,0.3870941386678701,45592912.0,12224878592.0
CAMT,2025-12-02 15:22:45,0.6496,110.44,4.7817845,0.1876777163563756,540890.0,5054425600.0
CLSK,2025-12-02 15:22:45,0.5920000000000001,14.755,4.7940354,0.3061745304533734,34802614.0,3944539392.0
COHR,2025-12-02 15:22:45,0.6792,169.543,3.696024,0.3939389178772871,4137479.0,26644295680.0
COIN,2025-12-02 15:22:45,0.6616,270.325,4.0351815,0.2578568675291783,9801298.0,72891465728.0
CRCL,2025-12-02 15:22:45,0.7099999999999999,79.5201,4.7143807,0.3911062237469906,13752471.0,20232904704.0
CRDO,2025-12-02 15:22:45,0.9591999999999998,199.79,16.747494,1.1741022010677478,6293809.0,34562789376.0
CRWV,2025-12-02 15:22:45,0.7804,82.32,6.8258533,0.3093436477285627,30064907.0,41021497344.0
CSAN,2025-12-02 15:22:45,0.6932,5.28,7.53565,0.3933560639283718,2277987.0,7618673152.0
CTRI,2025-12-02 15:22:45,0.8064,23.985,8.091053,0.5009121257728482,2318211.0,2388411648.0
DELL,2025-12-02 15:22:45,0.5712,136.75,3.5279005,0.2577243840822065,7548207.0,91947024384.0
EL,2025-12-02 15:22:45,0.6779999999999999,98.77,4.2867675,0.2932637682444959,3427198.0,35592781824.0
FLY,2025-12-02 15:22:45,0.6175999999999999,17.9,6.4842367,0.1918747270908711,2001582.0,2850595072.0
GEV,2025-12-02 15:22:45,0.6876,600.57,4.102961,0.2323723812146006,2981869.0,163489529856.0
INSP,2025-12-02 15:22:45,0.7639999999999999,133.585,5.7345343,0.2624568160757315,1242071.0,3950685184.0
INTC,2025-12-02 15:22:45,0.6904000000000001,42.305,5.736071,0.3472366413678495,110900969.0,201794846720.0
KB,2025-12-02 15:22:45,0.7124,89.815,4.4603386,0.2873515482113905,125209.0,32922486784.0
LEU,2025-12-02 15:22:45,0.7212000000000001,266.62,6.070972,0.1735595596307376,1378207.0,4855691776.0
LUMN,2025-12-02 15:22:45,0.6412,8.94,7.8407674,0.2580334833645308,20006950.0,9173699584.0
MARA,2025-12-02 15:22:45,0.5784,12.235,6.2092314,0.2127997521148639,55929130.0,4627085312.0
MDB,2025-12-02 15:22:45,0.9888,411.51,25.128477,2.139802130225613,1810888.0,33626257408.0
MSTR,2025-12-02 15:22:45,0.8824000000000001,183.205,6.8749294,0.6667500163726884,14017246.0,52644638720.0
NET,2025-12-02 15:22:45,0.6367999999999999,205.685,4.3027387,0.1874667595802388,2715068.0,72047575040.0
OKLO,2025-12-02 15:22:45,0.7068,94.62,8.310442,0.176344310766721,19616000.0,14784098304.0
ONTO,2025-12-02 15:22:45,0.6016,154.6899,5.2313957,0.1342048120782873,1235142.0,7680806912.0
PLTR,2025-12-02 15:22:45,0.5952,174.1799,3.994206,0.2230880967136646,54952152.0,415146704896.0
PSTG,2025-12-02 15:22:45,0.7464,92.88,4.889886,0.3610231615223415,2985296.0,30523764736.0
RGC,2025-12-02 15:22:45,0.8488,13.31,11.314482,0.9564238498735638,180328.0,6581647360.0
SEI,2025-12-02 15:22:45,0.7755999999999998,51.8635,6.2544107,0.3425972770482559,3723900.0,3722841088.0
SHOP,2025-12-02 15:22:45,0.6904,156.64,4.9303327,0.2299781116326783,8478933.0,203920670720.0
SMR,2025-12-02 15:22:45,0.6347999999999999,19.18,6.084073,0.2620220910703836,22860187.0,5424937984.0
SNOW,2025-12-02 15:22:45,0.8343999999999999,265.25,5.2579365,0.4386297926977521,4392620.0,89866698752.0
SPR,2025-12-02 15:22:45,0.6115999999999999,37.11,3.5146503,0.7501334619713781,1088325.0,4361286656.0
STRL,2025-12-02 15:22:45,0.6499999999999999,335.925,4.8095155,0.1600871121367685,646523.0,10319405056.0
TER,2025-12-02 15:22:45,0.7152000000000001,189.8,5.661637,0.1971391660643694,3742615.0,30192156672.0
TMC,2025-12-02 15:22:45,0.7659999999999999,7.19,14.399367,0.5925022743047934,9498507.0,3845465344.0
TSEM,2025-12-02 15:22:45,0.8191999999999999,117.4547,5.0015163,0.8059829424610373,1405830.0,13169467392.0
UNFI,2025-12-02 15:22:45,0.8867999999999999,38.47,11.961585,0.6150754895515469,1052596.0,2344041216.0
VICR,2025-12-02 15:22:45,0.5656,93.12,3.7779999,0.1951161865537172,427330.0,4158053120.0
ALAB,2025-12-02 15:47:28,0.8100694444444444,172.808,4.611657,0.5235111799727477,6339282.0,29187895296.0
AMKR,2025-12-02 15:47:28,0.803125,40.2575,6.6706357,0.4995815910561849,3048453.0,9951389696.0
APLD,2025-12-02 15:47:28,0.5864583333333333,29.2299,3.6153893,0.3788457981058583,30705200.0,8175190528.0
APP,2025-12-02 15:47:28,0.8822916666666667,667.4283,7.0254545,0.3843496905690353,6938866.0,225757560832.0
ARWR,2025-12-02 15:47:28,0.6201388888888888,58.33,3.697781,0.3083183029987385,2342485.0,8064563200.0
ASTS,2025-12-02 15:47:28,0.6131944444444445,55.9981,6.4397974,0.2043800279892226,12861379.0,15568084992.0
BA,2025-12-02 15:47:28,0.9336805555555554,202.34,8.516566,1.0365910417067654,8214087.0,153797722112.0
BE,2025-12-02 15:47:28,0.8197916666666666,106.51,7.661985,0.3624686737551338,15091180.0,25190760448.0
BLCO,2025-12-02 15:47:28,0.6631944444444444,17.165,3.6533904,0.6391094132394198,502590.0,6079668224.0
BLTE,2025-12-02 15:47:28,0.7565972222222221,158.945,3.1976385,4.850428439773329,101998.0,5545748992.0
BMNR,2025-12-02 15:47:28,0.798611111111111,31.6901,9.499938,0.4859339100779524,45592912.0,12171147264.0
CAMT,2025-12-02 15:47:28,0.7069444444444444,110.485,4.824477,0.2555547338645565,540890.0,5056484864.0
CLH,2025-12-02 15:47:28,0.6663194444444445,235.73,3.1460588,0.3366984766843219,566593.0,12642813952.0
COIN,2025-12-02 15:47:28,0.6690972222222222,268.77,3.4367275,0.3114500752859468,9801298.0,72472166400.0
CRCL,2025-12-02 15:47:28,0.7517361111111112,79.545,4.747163,0.471870764170308,13752471.0,20239239168.0
CRDO,2025-12-02 15:47:28,0.9614583333333332,195.64,14.322442,1.3999662207734616,6293809.0,33844858880.0
CRWV,2025-12-02 15:47:28,0.7065972222222222,80.55,4.528946,0.3775886284963396,30064907.0,40139476992.0
CSAN,2025-12-02 15:47:28,0.7149305555555555,5.315,8.248477,0.47633107651624,2277987.0,7669175296.0
CTRI,2025-12-02 15:47:28,0.7809027777777776,23.64,6.534469,0.6098612248841887,2318211.0,2354056704.0
DELL,2025-12-02 15:47:28,0.7059027777777777,137.445,4.0540624,0.3287963618379835,7548207.0,92414328832.0
EL,2025-12-02 15:47:28,0.7329861111111111,98.75,4.265654,0.3555782303794528,3427198.0,35585576960.0
FLY,2025-12-02 15:47:28,0.7256944444444444,18.362,9.222725,0.3030432927554304,2001582.0,2924168960.0
FMX,2025-12-02 15:47:28,0.6076388888888888,100.195,4.055456,0.2164565773630343,531520.0,34621100032.0
GEV,2025-12-02 15:47:28,0.6729166666666666,596.0,3.3107948,0.2932077163684923,2981869.0,162245459968.0
GTLB,2025-12-02 15:47:28,0.6430555555555555,42.83,4.082625,0.328511846146174,4672279.0,7143016448.0
INSP,2025-12-02 15:47:28,0.8347222222222223,134.56,6.506254,0.3534371223545192,1242071.0,3979520000.0
INTC,2025-12-02 15:47:28,0.7895833333333334,43.1409,7.825298,0.5033591726326575,110900969.0,205782089728.0
KB,2025-12-02 15:47:28,0.8027777777777777,90.13,4.8266964,0.4147225838398198,125209.0,33037950976.0
LEU,2025-12-02 15:47:28,0.7006944444444444,265.0,5.42648,0.2174767651013237,1378207.0,4826188288.0
LUMN,2025-12-02 15:47:28,0.6291666666666667,8.796,6.103734,0.3204664379128253,20006950.0,9025935360.0
MDB,2025-12-02 15:47:28,0.9871527777777775,409.0,24.365253,2.5344786646109534,1810888.0,33421154304.0
MSTR,2025-12-02 15:47:28,0.8618055555555556,181.03,5.606114,0.7986005952952527,14017246.0,52019646464.0
NET,2025-12-02 15:47:28,0.6125,204.11,3.5040586,0.2471474010963998,2715068.0,71495884800.0
NVMI,2025-12-02 15:47:28,0.6059027777777778,318.3501,4.100618,0.1705752127578011,417376.0,9439864832.0
NXPI,2025-12-02 15:47:28,0.70625,207.07,3.79969,0.3237170949591497,2560322.0,52205371392.0
OKLO,2025-12-02 15:47:28,0.6993055555555555,94.185,7.8124967,0.2260265089722675,19616000.0,14716130304.0
ONTO,2025-12-02 15:47:28,0.6364583333333333,154.39,5.02721,0.1765707910507455,1235142.0,7665915904.0
RGC,2025-12-02 15:47:28,0.8461805555555556,12.98,8.619245,1.0979160196974402,180328.0,6418465792.0
SAIA,2025-12-02 15:47:28,0.8430555555555556,306.98,4.717727,0.502205412781081,504214.0,8178758144.0
SEI,2025-12-02 15:47:28,0.771875,51.52,5.552139,0.4104041461908214,3723900.0,3698184448.0
SHOP,2025-12-02 15:47:28,0.7270833333333333,156.945,5.134652,0.2691442425597655,8478933.0,204317753344.0
SITM,2025-12-02 15:47:28,0.801736111111111,305.99,6.575879,0.2635730649001839,354452.0,7986531328.0
SMR,2025-12-02 15:47:28,0.6427083333333333,19.0791,5.5259943,0.3186823449869417,22860187.0,5396399104.0
SNOW,2025-12-02 15:47:28,0.8041666666666667,262.175,4.0376935,0.5376825220483448,4392620.0,88824889344.0
SPR,2025-12-02 15:47:28,0.690625,37.12,3.5425398,0.9698022190062712,1088325.0,4362461696.0
TER,2025-12-02 15:47:28,0.748263888888889,190.12,5.839776,0.2541749552117971,3742615.0,30243059712.0
TMC,2025-12-02 15:47:28,0.7784722222222222,7.1152,13.209231,0.7082415162719783,9498507.0,3805459712.0
TSEM,2025-12-02 15:47:28,0.8666666666666668,117.6425,5.1694093,1.0156718806683596,1405830.0,13190523904.0
UNFI,2025-12-02 15:47:28,0.8881944444444444,37.905,10.317224,0.7242721803996975,1052596.0,2309614848.0
VERA,2025-12-02 15:47:28,0.7499999999999999,35.6215,7.9439335,0.2944189250348726,1506914.0,2277213440.0
AMKR,2025-12-02 16:27:39,0.7968152866242038,39.48,4.610487,0.6176149017222834,3048453.0,9759197184.0
APLD,2025-12-02 16:27:39,0.6468152866242037,29.115,3.2075162,0.4958900446829853,30705200.0,8143054336.0
APP,2025-12-02 16:27:39,0.8343949044585987,658.3,5.5661507,0.453086426514073,6938866.0,222669914112.0
ASAN,2025-12-02 16:27:39,0.6684713375796177,13.2954,4.1128426,0.468058220644154,3971100.0,3140997376.0
ASTS,2025-12-02 16:27:39,0.6656050955414012,55.89,6.234554,0.2811298850613142,12861379.0,15538031616.0
BA,2025-12-02 16:27:39,0.94171974522293,201.405,8.01512,1.2848726827461163,8214087.0,153087033344.0
BE,2025-12-02 16:27:39,0.8181528662420381,104.75,5.8829474,0.4834199843882321,15091180.0,24774500352.0
BETA,2025-12-02 16:27:39,0.701592356687898,28.24,7.704045,0.3134798921956619,2160952.0,6686865408.0
BKNG,2025-12-02 16:27:39,0.8171974522292992,5071.83,3.6800215,0.4872040922141138,258442.0,164377427968.0
BLCO,2025-12-02 16:27:39,0.7506369426751592,17.21,3.9251187,0.7399152390616606,502590.0,6095605760.0
BMNR,2025-12-02 16:27:39,0.7885350318471337,31.11,7.498272,0.5813455170400171,45592912.0,11948349440.0
CAI,2025-12-02 16:27:39,0.7808917197452229,26.975,3.5508683,4.298639992586373,1068303.0,7610913280.0
CAMT,2025-12-02 16:27:39,0.7977707006369426,110.145,4.501893,0.4562739189114237,540890.0,5040924160.0
CLBT,2025-12-02 16:27:39,0.6656050955414012,17.98,4.900818,0.3401093253782386,1515842.0,4395554304.0
CRCL,2025-12-02 16:27:39,0.7398089171974521,78.58,3.4764278,0.6169556729114354,13752471.0,19993708544.0
CRDO,2025-12-02 16:27:39,0.964968152866242,194.39,13.592003,1.6582494003233972,6293809.0,33628614656.0
CSAN,2025-12-02 16:27:39,0.7503184713375796,5.3672,9.306303,0.5818422142005201,2277987.0,7744496128.0
CTRI,2025-12-02 16:27:39,0.8270700636942674,23.585,6.2866087,0.6909457335850792,2318211.0,2348579584.0
EL,2025-12-02 16:27:39,0.75828025477707,98.62,4.128396,0.4351330153670724,3427198.0,35538731008.0
FLY,2025-12-02 16:27:39,0.7659235668789808,18.24,8.506844,0.4336589757501816,2001582.0,2904740352.0
FMX,2025-12-02 16:27:39,0.7904458598726114,100.635,4.5124116,0.4536480282962071,531520.0,34773139456.0
GEV,2025-12-02 16:27:39,0.7251592356687898,595.0,3.1374545,0.3740288389597263,2981869.0,161973239808.0
GTLB,2025-12-02 16:27:39,0.6831210191082802,42.65,3.6452003,0.4499639255275637,4672279.0,7112996864.0
INSP,2025-12-02 16:27:39,0.8780254777070062,134.37,6.3558645,0.5354283289763628,1242071.0,3973900800.0
INTC,2025-12-02 16:27:39,0.7878980891719745,42.4978,6.2179475,0.6799438334934657,110900969.0,202714497024.0
KB,2025-12-02 16:27:39,0.8229299363057325,90.02,4.698759,0.4837671413396801,125209.0,32997629952.0
LEU,2025-12-02 16:27:39,0.6257961783439491,260.61,3.6799748,0.261880109446549,1378207.0,4746237440.0
LUMN,2025-12-02 16:27:39,0.6356687898089172,8.755,5.6091695,0.3832946051247191,20006950.0,8983864320.0
MDB,2025-12-02 16:27:39,0.985668789808917,405.205,23.201172,2.942038933385168,1810888.0,33111046144.0
MELI,2025-12-02 16:27:39,0.7047770700636942,2135.62,3.4424,0.3347645762565074,519595.0,108270338048.0
MSTR,2025-12-02 16:27:39,0.8563694267515922,178.51,4.1372447,0.973329925150775,14017246.0,51295510528.0
NXPI,2025-12-02 16:27:39,0.8101910828025477,207.305,3.917581,0.5441729594949385,2560322.0,52264611840.0
ONDS,2025-12-02 16:27:39,0.6837579617834395,8.045,6.134567,0.5446777968633671,73982520.0,2997217024.0
RGC,2025-12-02 16:27:39,0.7601910828025477,12.42,3.9330566,1.2065181225322743,180328.0,6141552128.0
SAIA,2025-12-02 16:27:39,0.8643312101910828,305.215,4.1156416,0.6373246280349216,504214.0,8131733504.0
SBS,2025-12-02 16:27:39,0.6573248407643311,26.845,3.0913916,0.4776598179964146,1009101.0,18335172608.0
SEI,2025-12-02 16:27:39,0.7178343949044586,50.55,3.564839,0.493999838878595,3723900.0,3628556288.0
SHOP,2025-12-02 16:27:39,0.7748407643312102,156.1,4.5686007,0.4080684444611132,8478933.0,203217698816.0
SITM,2025-12-02 16:27:39,0.8121019108280254,303.41,5.6772733,0.3575829731529233,354452.0,7919192064.0
SPR,2025-12-02 16:27:39,0.7509554140127388,36.96,3.0927854,1.2779105506167734,1088325.0,4343657984.0
STRL,2025-12-02 16:27:39,0.6461783439490445,331.4575,3.4156435,0.2836759094417368,646523.0,10182165504.0
TDC,2025-12-02 16:27:39,0.7025477707006369,30.78,4.622708,0.3560392407071419,1443501.0,2908710144.0
TER,2025-12-02 16:27:39,0.7334394904458599,187.115,4.1668987,0.3377114664479247,3742615.0,29765046272.0
TLRY,2025-12-02 16:27:39,0.6984076433121019,8.14,4.038861,0.9193985473389118,6827470.0,9442400256.0
TMC,2025-12-02 16:27:39,0.7869426751592355,6.96,10.73986,0.8324972545685337,9498507.0,3722453248.0
TSEM,2025-12-02 16:27:39,0.864012738853503,116.41,4.0675874,1.2406044827610736,1405830.0,13052332032.0
U,2025-12-02 16:27:39,0.6251592356687897,44.68,3.5677073,0.344789073543539,10306507.0,19119144960.0
UNFI,2025-12-02 16:27:39,0.8961783439490445,37.46,9.022114,0.9046091757901416,1052596.0,2282500352.0
VERA,2025-12-02 16:27:39,0.9035031847133757,37.05,12.272725,0.8304953036470561,1506914.0,2368534784.0
WF,2025-12-02 16:27:39,0.7417197452229299,59.445,5.0450597,0.3410697693208904,49506.0,14544653312.0
AMKR,2025-12-02 16:27:40,0.7968152866242038,39.48,4.610487,0.6176149017222834,3048453.0,9759197184.0
APLD,2025-12-02 16:27:40,0.6468152866242037,29.115,3.2075162,0.4958900446829853,30705200.0,8143054336.0
APP,2025-12-02 16:27:40,0.8343949044585987,658.3,5.5661507,0.453086426514073,6938866.0,222669914112.0
ASAN,2025-12-02 16:27:40,0.6684713375796177,13.2954,4.1128426,0.468058220644154,3971100.0,3140997376.0
ASTS,2025-12-02 16:27:40,0.6656050955414012,55.89,6.234554,0.2811298850613142,12861379.0,15538031616.0
BA,2025-12-02 16:27:40,0.94171974522293,201.405,8.01512,1.2848726827461163,8214087.0,153087033344.0
BE,2025-12-02 16:27:40,0.8181528662420381,104.75,5.8829474,0.4834199843882321,15091180.0,24774500352.0
BETA,2025-12-02 16:27:40,0.701592356687898,28.24,7.704045,0.3134798921956619,2160952.0,6686865408.0
BKNG,2025-12-02 16:27:40,0.8171974522292992,5071.83,3.6800215,0.4872040922141138,258442.0,164377427968.0
BLCO,2025-12-02 16:27:40,0.7506369426751592,17.21,3.9251187,0.7399152390616606,502590.0,6095605760.0
BMNR,2025-12-02 16:27:40,0.7885350318471337,31.11,7.498272,0.5813455170400171,45592912.0,11948349440.0
CAI,2025-12-02 16:27:40,0.7808917197452229,26.975,3.5508683,4.298639992586373,1068303.0,7610913280.0
CAMT,2025-12-02 16:27:40,0.7977707006369426,110.145,4.501893,0.4562739189114237,540890.0,5040924160.0
CLBT,2025-12-02 16:27:40,0.6656050955414012,17.98,4.900818,0.3401093253782386,1515842.0,4395554304.0
CRCL,2025-12-02 16:27:40,0.7398089171974521,78.58,3.4764278,0.6169556729114354,13752471.0,19993708544.0
CRDO,2025-12-02 16:27:40,0.964968152866242,194.39,13.592003,1.6582494003233972,6293809.0,33628614656.0
CSAN,2025-12-02 16:27:40,0.7503184713375796,5.3672,9.306303,0.5818422142005201,2277987.0,7744496128.0
CTRI,2025-12-02 16:27:40,0.8270700636942674,23.585,6.2866087,0.6909457335850792,2318211.0,2348579584.0
EL,2025-12-02 16:27:40,0.75828025477707,98.62,4.128396,0.4351330153670724,3427198.0,35538731008.0
FLY,2025-12-02 16:27:40,0.7659235668789808,18.24,8.506844,0.4336589757501816,2001582.0,2904740352.0
FMX,2025-12-02 16:27:40,0.7904458598726114,100.635,4.5124116,0.4536480282962071,531520.0,34773139456.0
GEV,2025-12-02 16:27:40,0.7251592356687898,595.0,3.1374545,0.3740288389597263,2981869.0,161973239808.0
GTLB,2025-12-02 16:27:40,0.6831210191082802,42.65,3.6452003,0.4499639255275637,4672279.0,7112996864.0
INSP,2025-12-02 16:27:40,0.8780254777070062,134.37,6.3558645,0.5354283289763628,1242071.0,3973900800.0
INTC,2025-12-02 16:27:40,0.7878980891719745,42.4978,6.2179475,0.6799438334934657,110900969.0,202714497024.0
KB,2025-12-02 16:27:40,0.8229299363057325,90.02,4.698759,0.4837671413396801,125209.0,32997629952.0
LEU,2025-12-02 16:27:40,0.6257961783439491,260.61,3.6799748,0.261880109446549,1378207.0,4746237440.0
LUMN,2025-12-02 16:27:40,0.6356687898089172,8.755,5.6091695,0.3832946051247191,20006950.0,8983864320.0
MDB,2025-12-02 16:27:40,0.985668789808917,405.205,23.201172,2.942038933385168,1810888.0,33111046144.0
MELI,2025-12-02 16:27:40,0.7047770700636942,2135.62,3.4424,0.3347645762565074,519595.0,108270338048.0
MSTR,2025-12-02 16:27:40,0.8563694267515922,178.51,4.1372447,0.973329925150775,14017246.0,51295510528.0
NXPI,2025-12-02 16:27:40,0.8101910828025477,207.305,3.917581,0.5441729594949385,2560322.0,52264611840.0
ONDS,2025-12-02 16:27:40,0.6837579617834395,8.045,6.134567,0.5446777968633671,73982520.0,2997217024.0
RGC,2025-12-02 16:27:40,0.7601910828025477,12.42,3.9330566,1.2065181225322743,180328.0,6141552128.0
SAIA,2025-12-02 16:27:40,0.8643312101910828,305.215,4.1156416,0.6373246280349216,504214.0,8131733504.0
SBS,2025-12-02 16:27:40,0.6573248407643311,26.845,3.0913916,0.4776598179964146,1009101.0,18335172608.0
SEI,2025-12-02 16:27:40,0.7178343949044586,50.55,3.564839,0.493999838878595,3723900.0,3628556288.0
SHOP,2025-12-02 16:27:40,0.7748407643312102,156.1,4.5686007,0.4080684444611132,8478933.0,203217698816.0
SITM,2025-12-02 16:27:40,0.8121019108280254,303.41,5.6772733,0.3575829731529233,354452.0,7919192064.0
SPR,2025-12-02 16:27:40,0.7509554140127388,36.96,3.0927854,1.2779105506167734,1088325.0,4343657984.0
STRL,2025-12-02 16:27:40,0.6461783439490445,331.4575,3.4156435,0.2836759094417368,646523.0,10182165504.0
TDC,2025-12-02 16:27:40,0.7025477707006369,30.78,4.622708,0.3560392407071419,1443501.0,2908710144.0
TER,2025-12-02 16:27:40,0.7334394904458599,187.115,4.1668987,0.3377114664479247,3742615.0,29765046272.0
TLRY,2025-12-02 16:27:40,0.6984076433121019,8.14,4.038861,0.9193985473389118,6827470.0,9442400256.0
TMC,2025-12-02 16:27:40,0.7869426751592355,6.96,10.73986,0.8324972545685337,9498507.0,3722453248.0
TSEM,2025-12-02 16:27:40,0.864012738853503,116.41,4.0675874,1.2406044827610736,1405830.0,13052332032.0
U,2025-12-02 16:27:40,0.6251592356687897,44.68,3.5677073,0.344789073543539,10306507.0,19119144960.0
UNFI,2025-12-02 16:27:40,0.8961783439490445,37.46,9.022114,0.9046091757901416,1052596.0,2282500352.0
VERA,2025-12-02 16:27:40,0.9035031847133757,37.05,12.272725,0.8304953036470561,1506914.0,2368534784.0
WF,2025-12-02 16:27:40,0.7417197452229299,59.445,5.0450597,0.3410697693208904,49506.0,14544653312.0
AMKR,2025-12-02 16:55:10,0.7868571428571428,39.54,4.769473,0.6968613260561997,3048453.0,9774028800.0
APP,2025-12-02 16:55:10,0.8265714285714285,658.6573,5.627846,0.4814641182002938,6938866.0,222790778880.0
ASAN,2025-12-02 16:55:10,0.7117142857142857,13.43,5.168362,0.5701770290347763,3971100.0,3172796416.0
BA,2025-12-02 16:55:10,0.9377142857142856,202.25,8.4683,1.390827854635579,8214087.0,153729318912.0
BE,2025-12-02 16:55:10,0.8022857142857143,105.4,6.539979,0.5266038838579886,15091180.0,24928233472.0
BETA,2025-12-02 16:55:10,0.6839999999999999,28.35,8.123574,0.3418229558083659,2160952.0,6712912384.0
BKNG,2025-12-02 16:55:10,0.836,5097.35,4.2017174,0.5547821174576888,258442.0,165204541440.0
BLCO,2025-12-02 16:55:10,0.7465714285714286,17.24,4.106282,0.7650808810362323,502590.0,6106231808.0
BLKB,2025-12-02 16:55:10,0.6517142857142857,59.16,3.0841618,0.4526085915998564,334280.0,2869794304.0
BMNR,2025-12-02 16:55:10,0.7762857142857142,30.9601,6.980303,0.6542967468276648,45592912.0,11890778112.0
CAMT,2025-12-02 16:55:10,0.782,109.815,4.1888056,0.5307641110022371,540890.0,5025821696.0
CHA,2025-12-02 16:55:10,0.6854285714285714,16.44,3.3962324,0.6822891599314719,802006.0,3053771008.0
CLH,2025-12-02 16:55:10,0.73,236.17,3.3385863,0.4950308245954327,566593.0,12666413056.0
COIN,2025-12-02 16:55:10,0.7305714285714285,269.09,3.559746,0.4406873456964577,9801298.0,72558452736.0
CRCL,2025-12-02 16:55:10,0.7682857142857143,79.04,4.082168,0.6694354781769764,13752471.0,20110749696.0
CRDO,2025-12-02 16:55:10,0.964,198.04,15.72488,1.7879573403006033,6293809.0,34260047872.0
CSAN,2025-12-02 16:55:10,0.7442857142857142,5.375,9.470471,0.6244407891704387,2277987.0,7755750912.0
CTRI,2025-12-02 16:55:10,0.8425714285714284,24.09,8.562414,0.7804186072794926,2318211.0,2398867456.0
DELL,2025-12-02 16:55:10,0.6817142857142857,136.305,3.1910036,0.4629765717871807,7548207.0,91647811584.0
EL,2025-12-02 16:55:10,0.7834285714285715,99.3,4.8463774,0.5177853745246116,3427198.0,35783774208.0
FLY,2025-12-02 16:55:10,0.760857142857143,18.01,7.1386127,0.5352291337551996,2001582.0,2868112640.0
FMX,2025-12-02 16:55:10,0.7962857142857143,100.5,4.372208,0.5705580222757375,531520.0,34726490112.0
GEV,2025-12-02 16:55:10,0.7242857142857142,596.76,3.442535,0.4018888824425218,2981869.0,162452357120.0
GTLB,2025-12-02 16:55:10,0.7551428571428571,43.29,5.2004843,0.5267506499504846,4672279.0,7219732992.0
INSP,2025-12-02 16:55:10,0.8997142857142857,137.38,8.738332,0.6469066583150238,1242071.0,4062919680.0
INTC,2025-12-02 16:55:10,0.7939999999999999,42.72,6.774906,0.7737388750859336,110900969.0,203774394368.0
KB,2025-12-02 16:55:10,0.7948571428571427,90.07,4.7569156,0.5302973428427669,125209.0,33015957504.0
LOGI,2025-12-02 16:55:10,0.76,116.33,3.0217135,0.851820997282926,573779.0,17083952128.0
MDB,2025-12-02 16:55:10,0.9885714285714284,405.9154,23.427315,3.238044539474556,1810888.0,33169098752.0
MELI,2025-12-02 16:55:10,0.7491428571428571,2141.46,3.7252626,0.3961412253774574,519595.0,108566396928.0
MSTR,2025-12-02 16:55:10,0.8897142857142857,181.17,5.687121,1.0619650250841,14017246.0,52059873280.0
NXPI,2025-12-02 16:55:10,0.8542857142857142,209.78,5.1581492,0.6444392541250671,2560322.0,52888600576.0
ONDS,2025-12-02 16:55:10,0.7148571428571427,8.2313,8.588162,0.6436080576871401,73982520.0,3066624256.0
PSTG,2025-12-02 16:55:10,0.8042857142857143,91.835,3.7097638,0.8615738606824918,2985296.0,30180339712.0
RGC,2025-12-02 16:55:10,0.7848571428571429,12.5,4.6025124,1.2233652011889449,180328.0,6181111296.0
SAIA,2025-12-02 16:55:10,0.8537142857142858,305.42,4.1853633,0.7018884838580444,504214.0,8137195520.0
SHOP,2025-12-02 16:55:10,0.7737142857142858,156.61,4.910237,0.4551597471049718,8478933.0,203881627648.0
SITM,2025-12-02 16:55:10,0.7908571428571428,304.445,6.0377636,0.3869437892859964,354452.0,7946206720.0
SNOW,2025-12-02 16:55:10,0.8091428571428572,260.725,3.462304,0.7231920812635739,4392620.0,88333631488.0
SPR,2025-12-02 16:55:10,0.7805714285714286,37.1,3.4867506,1.4436174855856476,1088325.0,4360111104.0
STRL,2025-12-02 16:55:10,0.7062857142857143,336.0,4.83639,0.3187651483396569,646523.0,10321709056.0
TDC,2025-12-02 16:55:10,0.708,30.95,5.200546,0.402786697064983,1443501.0,2924775168.0
TER,2025-12-02 16:55:10,0.7242857142857143,188.11,4.7208123,0.3758887836445908,3742615.0,29923323904.0
TLRY,2025-12-02 16:55:10,0.646,8.08,3.2719843,0.9793847501343836,6827470.0,9372800000.0
TMC,2025-12-02 16:55:10,0.7928571428571427,6.975,10.978521,0.9478195889101309,9498507.0,3730475776.0
TSEM,2025-12-02 16:55:10,0.8099999999999999,115.6,3.3434632,1.4227502614114085,1405830.0,12961511424.0
UNFI,2025-12-02 16:55:10,0.8868571428571428,37.31,8.5855665,0.960955580298614,1052596.0,2273360640.0
UPWK,2025-12-02 16:55:10,0.6674285714285714,20.8,4.627767,0.4284395990358067,3754849.0,2758216704.0
VERA,2025-12-02 16:55:10,0.926,39.18,18.727272,1.1269667678447477,1506914.0,2504701440.0
WF,2025-12-02 16:55:10,0.7071428571428572,59.3254,4.833718,0.3694905667999838,49506.0,14515390464.0
AMKR,2025-12-02 17:22:09,0.8298578199052133,40.231,6.6004167,0.7937934421163784,3048453.0,9944839168.0
APLD,2025-12-02 17:22:09,0.6990521327014219,29.61,4.962785,0.578539107382463,30705200.0,8281499136.0
APP,2025-12-02 17:22:09,0.8265402843601894,658.73,5.635105,0.4994259868975709,6938866.0,222815371264.0
ARWR,2025-12-02 17:22:09,0.7334123222748814,58.55,4.0888877,0.5818859032181636,2342485.0,8094979584.0
ASAN,2025-12-02 17:22:09,0.7360189573459716,13.54,6.029753,0.6596600438165747,3971100.0,3198783488.0
ATAT,2025-12-02 17:22:09,0.7135071090047393,41.75,3.2649016,1.0985062010148643,1249231.0,5769263616.0
BA,2025-12-02 17:22:09,0.9464454976303318,204.04,9.431069,1.561415894426246,8214087.0,155089879040.0
BE,2025-12-02 17:22:09,0.804739336492891,105.43,6.570302,0.5529399291506695,15091180.0,24935327744.0
BETA,2025-12-02 17:22:09,0.6985781990521327,28.4,8.307928,0.3867165952783773,2160952.0,6724751360.0
BKNG,2025-12-02 17:22:09,0.8872037914691943,5176.22,5.8140063,0.6796302458578714,258442.0,167760707584.0
BLCO,2025-12-02 17:22:09,0.7338862559241706,17.275,4.317634,0.7893491712927038,502590.0,6118628352.0
BMNR,2025-12-02 17:22:09,0.8082938388625592,31.82,9.951621,0.7315545012786198,45592912.0,12221037568.0
CAI,2025-12-02 17:22:09,0.7364928909952606,26.95,3.4549005,5.132550409387599,1068303.0,7603859456.0
CAMT,2025-12-02 17:22:09,0.7822274881516587,110.015,4.378556,0.5746196084231544,540890.0,5034974720.0
COIN,2025-12-02 17:22:09,0.7604265402843602,271.435,4.462362,0.4813954233408677,9801298.0,73190768640.0
CRCL,2025-12-02 17:22:09,0.7165876777251183,78.66,3.5817766,0.7046987410480633,13752471.0,20014063616.0
CRDO,2025-12-02 17:22:09,0.9627962085308056,194.5,13.656281,1.873857468505956,6293809.0,33647644672.0
CSAN,2025-12-02 17:22:09,0.7459715639810427,5.415,10.285135,0.7014702015419755,2277987.0,7813468160.0
CTRI,2025-12-02 17:22:09,0.8272511848341233,23.95,7.931502,0.8305093884896586,2318211.0,2384926208.0
EL,2025-12-02 17:22:09,0.7971563981042654,99.56,5.120894,0.5740564157658822,3427198.0,35877466112.0
FLY,2025-12-02 17:22:09,0.7734597156398104,18.22,8.387864,0.5788960931902865,2001582.0,2901555200.0
FMX,2025-12-02 17:22:09,0.7855450236966823,100.33,4.1956596,0.6328567128236002,531520.0,34667749376.0
GEV,2025-12-02 17:22:09,0.683649289099526,595.67,3.2535894,0.4322731816857145,2981869.0,162155626496.0
GTLB,2025-12-02 17:22:09,0.7665876777251184,43.34,5.321989,0.5905377225974733,4672279.0,7228071936.0
IESC,2025-12-02 17:22:09,0.7440758293838862,417.97,3.3964999,0.5320926723862373,156422.0,8298620416.0
INSP,2025-12-02 17:22:09,0.9251184834123222,139.15,10.139305,0.8202928818078837,1242071.0,4115265792.0
INTC,2025-12-02 17:22:09,0.8009478672985781,42.8849,7.184558,0.8340624237467212,110900969.0,204560957440.0
KB,2025-12-02 17:22:09,0.7947867298578198,90.15,4.8499627,0.5610299579103738,125209.0,33045282816.0
LOGI,2025-12-02 17:22:09,0.743127962085308,116.3,2.993274,0.9093588297933524,573779.0,17079546880.0
MDB,2025-12-02 17:22:09,0.9869668246445495,406.465,23.594429,3.459907514987122,1810888.0,33214007296.0
MELI,2025-12-02 17:22:09,0.7630331753554502,2146.87,3.9873128,0.4548311665816645,519595.0,108840681472.0
MSTR,2025-12-02 17:22:09,0.9045023696682464,184.07,7.3795414,1.1677567761884182,14017246.0,52893204480.0
NXPI,2025-12-02 17:22:09,0.878436018957346,211.22,5.8799915,0.7883508402458753,2560322.0,53251645440.0
ONDS,2025-12-02 17:22:09,0.7208530805687203,8.2769,9.193935,0.734622002602777,73982520.0,3083612928.0
PSTG,2025-12-02 17:22:09,0.8319905213270142,92.565,4.5341606,1.0134666713116556,2985296.0,30420244480.0
RGC,2025-12-02 17:22:09,0.8518957345971565,13.0,8.7866125,1.29709751120181,180328.0,6428355584.0
SAIA,2025-12-02 17:22:09,0.8883886255924172,309.31,5.5125375,0.7881117938018382,504214.0,8240835072.0
SHOP,2025-12-02 17:22:09,0.7988151658767771,158.41,6.116027,0.4815661357390134,8478933.0,206224949248.0
SITM,2025-12-02 17:22:09,0.7850710900473933,301.525,5.020727,0.4353988692404049,354452.0,7869992448.0
SNOW,2025-12-02 17:22:09,0.7796208530805687,260.84,3.507935,0.7777749953330814,4392620.0,88372592640.0
SPR,2025-12-02 17:22:09,0.7959715639810426,37.335,4.1422615,1.5731780488365148,1088325.0,4387729408.0
STRL,2025-12-02 17:22:09,0.7061611374407583,335.815,4.7751994,0.3540925844865534,646523.0,10316025856.0
TDC,2025-12-02 17:22:09,0.7360189573459714,31.15,5.880352,0.4806058326249861,1443501.0,2943674880.0
TER,2025-12-02 17:22:09,0.7417061611374407,189.155,5.303744,0.3991703661744529,3742615.0,30089553920.0
TMC,2025-12-02 17:22:09,0.7900473933649288,7.015,11.614957,1.013718998154131,9498507.0,3751869184.0
TSEM,2025-12-02 17:22:09,0.7999999999999999,115.77,3.4954371,1.4669995660926285,1405830.0,12980572160.0
UNFI,2025-12-02 17:22:09,0.8919431279620853,37.395,8.832945,1.0191725980338135,1052596.0,2278539776.0
UPWK,2025-12-02 17:22:09,0.6893364928909952,20.94,5.3319993,0.4801601875335067,3754849.0,2776781824.0
VERA,2025-12-02 17:22:09,0.9322274881516588,38.8,17.575756,1.3162456517093877,1506914.0,2480408832.0
WF,2025-12-02 17:22:09,0.7040284360189574,59.26,4.718145,0.4009009009009009,49506.0,14499388416.0
AMKR,2025-12-02 17:22:10,0.8298578199052133,40.231,6.6004167,0.7937934421163784,3048453.0,9944839168.0
APLD,2025-12-02 17:22:10,0.6990521327014219,29.61,4.962785,0.578539107382463,30705200.0,8281499136.0
APP,2025-12-02 17:22:10,0.8265402843601894,658.73,5.635105,0.4994259868975709,6938866.0,222815371264.0
ARWR,2025-12-02 17:22:10,0.7334123222748814,58.55,4.0888877,0.5818859032181636,2342485.0,8094979584.0
ASAN,2025-12-02 17:22:10,0.7360189573459716,13.54,6.029753,0.6596600438165747,3971100.0,3198783488.0
ATAT,2025-12-02 17:22:10,0.7135071090047393,41.75,3.2649016,1.0985062010148643,1249231.0,5769263616.0
BA,2025-12-02 17:22:10,0.9464454976303318,204.04,9.431069,1.561415894426246,8214087.0,155089879040.0
BE,2025-12-02 17:22:10,0.804739336492891,105.43,6.570302,0.5529399291506695,15091180.0,24935327744.0
BETA,2025-12-02 17:22:10,0.6985781990521327,28.4,8.307928,0.3867165952783773,2160952.0,6724751360.0
BKNG,2025-12-02 17:22:10,0.8872037914691943,5176.22,5.8140063,0.6796302458578714,258442.0,167760707584.0
BLCO,2025-12-02 17:22:10,0.7338862559241706,17.275,4.317634,0.7893491712927038,502590.0,6118628352.0
BMNR,2025-12-02 17:22:10,0.8082938388625592,31.82,9.951621,0.7315545012786198,45592912.0,12221037568.0
CAI,2025-12-02 17:22:10,0.7364928909952606,26.95,3.4549005,5.132550409387599,1068303.0,7603859456.0
CAMT,2025-12-02 17:22:10,0.7822274881516587,110.015,4.378556,0.5746196084231544,540890.0,5034974720.0
COIN,2025-12-02 17:22:10,0.7604265402843602,271.435,4.462362,0.4813954233408677,9801298.0,73190768640.0
CRCL,2025-12-02 17:22:10,0.7165876777251183,78.66,3.5817766,0.7046987410480633,13752471.0,20014063616.0
CRDO,2025-12-02 17:22:10,0.9627962085308056,194.5,13.656281,1.873857468505956,6293809.0,33647644672.0
CSAN,2025-12-02 17:22:10,0.7459715639810427,5.415,10.285135,0.7014702015419755,2277987.0,7813468160.0
CTRI,2025-12-02 17:22:10,0.8272511848341233,23.95,7.931502,0.8305093884896586,2318211.0,2384926208.0
EL,2025-12-02 17:22:10,0.7971563981042654,99.56,5.120894,0.5740564157658822,3427198.0,35877466112.0
FLY,2025-12-02 17:22:10,0.7734597156398104,18.22,8.387864,0.5788960931902865,2001582.0,2901555200.0
FMX,2025-12-02 17:22:10,0.7855450236966823,100.33,4.1956596,0.6328567128236002,531520.0,34667749376.0
GEV,2025-12-02 17:22:10,0.683649289099526,595.67,3.2535894,0.4322731816857145,2981869.0,162155626496.0
GTLB,2025-12-02 17:22:10,0.7665876777251184,43.34,5.321989,0.5905377225974733,4672279.0,7228071936.0
IESC,2025-12-02 17:22:10,0.7440758293838862,417.97,3.3964999,0.5320926723862373,156422.0,8298620416.0
INSP,2025-12-02 17:22:10,0.9251184834123222,139.15,10.139305,0.8202928818078837,1242071.0,4115265792.0
INTC,2025-12-02 17:22:10,0.8009478672985781,42.8849,7.184558,0.8340624237467212,110900969.0,204560957440.0
KB,2025-12-02 17:22:10,0.7947867298578198,90.15,4.8499627,0.5610299579103738,125209.0,33045282816.0
LOGI,2025-12-02 17:22:10,0.743127962085308,116.3,2.993274,0.9093588297933524,573779.0,17079546880.0
MDB,2025-12-02 17:22:10,0.9869668246445495,406.465,23.594429,3.459907514987122,1810888.0,33214007296.0
MELI,2025-12-02 17:22:10,0.7630331753554502,2146.87,3.9873128,0.4548311665816645,519595.0,108840681472.0
MSTR,2025-12-02 17:22:10,0.9045023696682464,184.07,7.3795414,1.1677567761884182,14017246.0,52893204480.0
NXPI,2025-12-02 17:22:10,0.878436018957346,211.22,5.8799915,0.7883508402458753,2560322.0,53251645440.0
ONDS,2025-12-02 17:22:10,0.7208530805687203,8.2769,9.193935,0.734622002602777,73982520.0,3083612928.0
PSTG,2025-12-02 17:22:10,0.8319905213270142,92.565,4.5341606,1.0134666713116556,2985296.0,30420244480.0
RGC,2025-12-02 17:22:10,0.8518957345971565,13.0,8.7866125,1.29709751120181,180328.0,6428355584.0
SAIA,2025-12-02 17:22:10,0.8883886255924172,309.31,5.5125375,0.7881117938018382,504214.0,8240835072.0
SHOP,2025-12-02 17:22:10,0.7988151658767771,158.41,6.116027,0.4815661357390134,8478933.0,206224949248.0
SITM,2025-12-02 17:22:10,0.7850710900473933,301.525,5.020727,0.4353988692404049,354452.0,7869992448.0
SNOW,2025-12-02 17:22:10,0.7796208530805687,260.84,3.507935,0.7777749953330814,4392620.0,88372592640.0
SPR,2025-12-02 17:22:10,0.7959715639810426,37.335,4.1422615,1.5731780488365148,1088325.0,4387729408.0
STRL,2025-12-02 17:22:10,0.7061611374407583,335.815,4.7751994,0.3540925844865534,646523.0,10316025856.0
TDC,2025-12-02 17:22:10,0.7360189573459714,31.15,5.880352,0.4806058326249861,1443501.0,2943674880.0
TER,2025-12-02 17:22:10,0.7417061611374407,189.155,5.303744,0.3991703661744529,3742615.0,30089553920.0
TMC,2025-12-02 17:22:10,0.7900473933649288,7.015,11.614957,1.013718998154131,9498507.0,3751869184.0
TSEM,2025-12-02 17:22:10,0.7999999999999999,115.77,3.4954371,1.4669995660926285,1405830.0,12980572160.0
UNFI,2025-12-02 17:22:10,0.8919431279620853,37.395,8.832945,1.0191725980338135,1052596.0,2278539776.0
UPWK,2025-12-02 17:22:10,0.6893364928909952,20.94,5.3319993,0.4801601875335067,3754849.0,2776781824.0
VERA,2025-12-02 17:22:10,0.9322274881516588,38.8,17.575756,1.3162456517093877,1506914.0,2480408832.0
WF,2025-12-02 17:22:10,0.7040284360189574,59.26,4.718145,0.4009009009009009,49506.0,14499388416.0
AMKR,2025-12-02 17:46:41,0.8231308411214954,40.15,6.385797,0.834284799536027,3048453.0,9924816896.0
APLD,2025-12-02 17:46:41,0.7210280373831777,29.81,5.6717486,0.6216777614215182,30705200.0,8337436160.0
APP,2025-12-02 17:46:41,0.8098130841121496,658.595,5.613455,0.5119035300580815,6938866.0,222769692672.0
ASAN,2025-12-02 17:46:41,0.7373831775700933,13.515,5.8339844,0.7663473596736421,3971100.0,3192877312.0
ATAT,2025-12-02 17:46:41,0.7210280373831777,41.77,3.3143709,1.183009387375113,1249231.0,5772027392.0
BA,2025-12-02 17:46:41,0.944392523364486,203.585,9.184275,1.6632600799090635,8214087.0,154744045568.0
BE,2025-12-02 17:46:41,0.8123831775700935,106.2603,7.4090652,0.5866509444589488,15091180.0,25131704320.0
BETA,2025-12-02 17:46:41,0.7100467289719626,28.66,9.305876,0.4092723947593468,2160952.0,6786316288.0
BKNG,2025-12-02 17:46:41,0.8838785046728971,5163.0,5.5437546,0.7626740235720201,258442.0,167332249600.0
BLCO,2025-12-02 17:46:41,0.7343457943925233,17.26,4.227058,0.8545852484132195,502590.0,6113315840.0
BLKB,2025-12-02 17:46:41,0.7021028037383177,59.59,3.833422,0.5287094651190619,334280.0,2890653184.0
BMNR,2025-12-02 17:46:41,0.8228971962616822,32.34,11.748444,0.8167109615634992,45592912.0,12420753408.0
CAMT,2025-12-02 17:46:41,0.7693925233644859,109.83,4.2030363,0.6081107064282941,540890.0,5026507776.0
CEPU,2025-12-02 17:46:41,0.6920560747663551,17.03,4.1590233,0.6254831106972452,485396.0,2907656192.0
CLH,2025-12-02 17:46:41,0.7245327102803739,235.75,3.1548119,0.640883314830928,566593.0,12643887104.0
COIN,2025-12-02 17:46:41,0.7271028037383176,269.98,3.9024072,0.5138089873402482,9801298.0,72798437376.0
CRDO,2025-12-02 17:46:41,0.9642523364485982,195.4999,14.24057,1.9359251289640345,6293809.0,33820620800.0
CSAN,2025-12-02 17:46:41,0.7453271028037383,5.405,10.081474,0.7457408668267203,2277987.0,7799039488.0
CTRI,2025-12-02 17:46:41,0.8242990654205608,23.96,7.976559,0.863769087455801,2318211.0,2385922048.0
EL,2025-12-02 17:46:41,0.7768691588785046,99.4,4.951961,0.6107225202629086,3427198.0,35819810816.0
ENLT,2025-12-02 17:46:41,0.7894859813084111,41.32,4.0806017,0.9712438619422756,28307.0,5450744320.0
FLY,2025-12-02 17:46:41,0.7733644859813084,18.24,8.506844,0.6169325063874476,2001582.0,2904740352.0
FMX,2025-12-02 17:46:41,0.7649532710280373,99.97,3.8217885,0.7068953190848887,531520.0,34543357952.0
GEV,2025-12-02 17:46:41,0.7065420560747663,598.64,3.7684155,0.4490197255479701,2981869.0,162964144128.0
GTLB,2025-12-02 17:46:41,0.7684579439252336,43.41,5.4947686,0.6398147456519613,4672279.0,7239746048.0
INSP,2025-12-02 17:46:41,0.9394859813084112,140.64,11.32494,0.998751279113674,1242071.0,4159331840.0
INTC,2025-12-02 17:46:41,0.791588785046729,42.845,7.0857363,0.8687992527820023,110900969.0,204370657280.0
KB,2025-12-02 17:46:41,0.7899532710280375,89.905,4.5650096,0.6227906939596994,125209.0,32955475968.0
MDB,2025-12-02 17:46:41,0.9871495327102804,405.18,23.203697,3.544489222966854,1810888.0,33109004288.0
MELI,2025-12-02 17:46:41,0.7745327102803738,2151.47,4.2101145,0.4909516065397088,519595.0,109073883136.0
MSTR,2025-12-02 17:46:41,0.9042056074766356,183.04,6.7770877,1.2642109584150838,14017246.0,52597223424.0
NXPI,2025-12-02 17:46:41,0.8855140186915889,211.575,6.0579433,0.8627535911498632,2560322.0,53341143040.0
ONDS,2025-12-02 17:46:41,0.7315420560747664,8.34,10.026388,0.7981186231558481,73982520.0,3107121152.0
PSTG,2025-12-02 17:46:41,0.8605140186915887,93.39,5.465834,1.1513796286867366,2985296.0,30691368960.0
RGC,2025-12-02 17:46:41,0.7997663551401869,12.615,5.5072465,1.3421321148130074,180328.0,6237977088.0
SAIA,2025-12-02 17:46:41,0.8799065420560748,307.9,5.0315537,0.9103178412340792,504214.0,8203268608.0
SHOP,2025-12-02 17:46:41,0.7796728971962615,157.9959,5.838623,0.508037155146762,8478933.0,205685833728.0
SITM,2025-12-02 17:46:41,0.7551401869158878,300.275,4.585354,0.4626239942220667,354452.0,7837366272.0
SNOW,2025-12-02 17:46:41,0.797429906542056,261.66,3.8333347,0.8164776374919752,4392620.0,88650407936.0
SPR,2025-12-02 17:46:41,0.7630841121495328,37.17,3.6820078,1.603987779385753,1088325.0,4368337920.0
STRL,2025-12-02 17:46:41,0.6948598130841122,335.7091,4.74216,0.3766625471947634,646523.0,10312772608.0
TDC,2025-12-02 17:46:41,0.7212616822429906,31.035,5.4885287,0.5178707877583736,1443501.0,2932807424.0
TER,2025-12-02 17:46:41,0.7158878504672898,189.2,5.3276134,0.4147827120876713,3742615.0,30096711680.0
TMC,2025-12-02 17:46:41,0.7908878504672897,7.0341,11.918858,1.0536781201508827,9498507.0,3762084608.0
TSEM,2025-12-02 17:46:41,0.8462616822429905,116.5,4.1480417,1.519630396278355,1405830.0,13062422528.0
UAL,2025-12-02 17:46:41,0.7051401869158878,104.66,3.500792,0.6137310967708242,6127260.0,33882419200.0
UNFI,2025-12-02 17:46:41,0.8794392523364486,37.075,7.9016294,1.110903898551771,1052596.0,2259041536.0
UPWK,2025-12-02 17:46:41,0.727803738317757,21.1696,6.4869237,0.54492710625647,3754849.0,2807228160.0
VERA,2025-12-02 17:46:41,0.933644859813084,39.2512,18.943035,1.4645367950659427,1506914.0,2509253376.0
WF,2025-12-02 17:46:41,0.7088785046728971,59.6658,5.4352326,0.4262109643275562,49506.0,14598677504.0
AMKR,2025-12-02 18:31:49,0.8284753363228698,40.14,6.359294,0.9341561113128528,3048453.0,9922344960.0
APP,2025-12-02 18:31:49,0.815695067264574,663.045,6.3270664,0.5523581230708303,6938866.0,224274907136.0
ARWR,2025-12-02 18:31:49,0.7934977578475336,59.1911,5.2223296,0.7110777657060771,2342485.0,8183616512.0
ASAN,2025-12-02 18:31:49,0.7280269058295964,13.425,5.1292067,0.90188159452041,3971100.0,3171614976.0
ATAT,2025-12-02 18:31:49,0.7251121076233185,41.74,3.2401717,1.2732280899209194,1249231.0,5767881728.0
BA,2025-12-02 18:31:49,0.9477578475336322,204.18,9.502351,1.8308553342568687,8214087.0,155196293120.0
BE,2025-12-02 18:31:49,0.837219730941704,108.863,10.040431,0.6739697624705292,15091180.0,25747269632.0
BELFB,2025-12-02 18:31:49,0.7071748878923767,160.72,3.8444123,0.4964782844261911,149501.0,2034805760.0
BKNG,2025-12-02 18:31:49,0.8728699551569506,5129.295,4.852418,0.8387723357658585,258442.0,166239862784.0
BLKB,2025-12-02 18:31:49,0.7291479820627803,59.69,4.0076656,0.6056090702405169,334280.0,2895504128.0
BMNR,2025-12-02 18:31:49,0.8156950672645741,32.4101,11.990665,0.8814542707866521,45592912.0,12447675392.0
CAMT,2025-12-02 18:31:49,0.8118834080717489,110.595,4.9288425,0.687661077113646,540890.0,5061519360.0
CLH,2025-12-02 18:31:49,0.8403587443946187,238.3,4.2705917,0.9502323537353974,566593.0,12780650496.0
CRDO,2025-12-02 18:31:49,0.9636771300448432,198.51,15.996722,2.0551362457932867,6293809.0,34341355520.0
CSAN,2025-12-02 18:31:49,0.7419282511210763,5.355,9.05392,0.8354433102559409,2277987.0,7726892544.0
CTRI,2025-12-02 18:31:49,0.8533632286995515,24.27,9.373591,1.0797136239971254,2318211.0,2416791808.0
EL,2025-12-02 18:31:49,0.804708520179372,99.575,5.136731,0.6935479070657721,3427198.0,35882872832.0
FLY,2025-12-02 18:31:49,0.7594170403587445,17.995,7.0493836,0.6850381348353453,2001582.0,2865724160.0
FMX,2025-12-02 18:31:49,0.8163677130044844,100.56,4.4345174,0.8816262793497893,531520.0,34747219968.0
FROG,2025-12-02 18:31:49,0.6899103139013453,61.79,3.4661748,0.6443161982620053,1274112.0,7310550016.0
GEV,2025-12-02 18:31:49,0.7473094170403588,603.675,4.6402946,0.5032152653252038,2981869.0,164334780416.0
GTLB,2025-12-02 18:31:49,0.7663677130044843,43.26,5.127574,0.7484850540817447,4672279.0,7214729728.0
INSP,2025-12-02 18:31:49,0.9385650224215246,140.31,11.057466,1.15714560600803,1242071.0,4149572096.0
INTC,2025-12-02 18:31:49,0.784304932735426,42.965,7.385566,0.9309213339695886,110900969.0,204943048704.0
KB,2025-12-02 18:31:49,0.8105381165919282,90.14,4.83833,0.7063230278973556,125209.0,33041616896.0
LOGI,2025-12-02 18:31:49,0.7737668161434976,116.71,3.355468,1.043347700072676,573779.0,17139758080.0
MDB,2025-12-02 18:31:49,0.9860986547085202,405.77,23.377766,3.763047190107837,1810888.0,33157216256.0
MELI,2025-12-02 18:31:49,0.7742152466367713,2146.42,3.9655068,0.5635793262059874,519595.0,108817858560.0
MSTR,2025-12-02 18:31:49,0.9139013452914796,184.57,7.6712227,1.4011973536028404,14017246.0,53036879872.0
NSIT,2025-12-02 18:31:49,0.7273542600896861,89.82,3.742201,0.6128719589027818,412680.0,2826705152.0
NXPI,2025-12-02 18:31:49,0.8919282511210762,211.04,5.7897577,1.012130896035733,2560322.0,53206261760.0
ONDS,2025-12-02 18:31:49,0.7307174887892378,8.38,10.561755,0.875118338764346,73982520.0,3122023424.0
PSTG,2025-12-02 18:31:49,0.9051569506726456,94.315,6.510078,1.4880115740616675,2985296.0,30995359744.0
RGC,2025-12-02 18:31:49,0.7271300448430493,12.38,3.598329,1.5392340623752274,180328.0,6121772544.0
SAIA,2025-12-02 18:31:49,0.8690582959641255,306.165,4.4397116,1.0243666379751457,504214.0,8157044224.0
SBS,2025-12-02 18:31:49,0.7082959641255606,27.015,3.7442336,0.8225004236444122,1009101.0,18451281920.0
SHOP,2025-12-02 18:31:49,0.7789237668161435,157.8813,5.761859,0.5615727828017983,8478933.0,205536657408.0
SITM,2025-12-02 18:31:49,0.7894618834080718,301.85,5.1339283,0.5265480234277138,354452.0,7878475264.0
SNOW,2025-12-02 18:31:49,0.7713004484304932,260.48,3.3650837,0.9178048636121496,4392620.0,88250630144.0
SPR,2025-12-02 18:31:49,0.8134529147982063,37.435,4.421208,1.7837419888360555,1088325.0,4399481856.0
STRL,2025-12-02 18:31:49,0.6917040358744395,334.73,4.4366794,0.4314324471055167,646523.0,10282695680.0
TDC,2025-12-02 18:31:49,0.7466367713004485,31.12,5.7783847,0.6017037743652411,1443501.0,2940840192.0
TER,2025-12-02 18:31:49,0.737219730941704,190.155,5.859263,0.4596390491674939,3742615.0,30248628224.0
TMC,2025-12-02 18:31:49,0.7993273542600895,7.1499,13.761339,1.223537235904548,9498507.0,3824018432.0
TSEM,2025-12-02 18:31:49,0.8789237668161435,117.26,4.827464,1.620704494853574,1405830.0,13147636736.0
UAL,2025-12-02 18:31:49,0.7318385650224215,104.93,3.7677982,0.6774034397104088,6127260.0,33969825792.0
UNFI,2025-12-02 18:31:49,0.854932735426009,36.465,6.1263084,1.2236727101376026,1052596.0,2221873408.0
UPWK,2025-12-02 18:31:49,0.7683856502242152,21.18,6.539242,0.7490277238845024,3754849.0,2808607232.0
VERA,2025-12-02 18:31:49,0.9367713004484306,38.59,16.939394,1.7495762863706887,1506914.0,2466983936.0
WF,2025-12-02 18:31:49,0.7334080717488789,59.25,4.700477,0.5391871692320123,49506.0,14496942080.0
AMKR,2025-12-02 18:31:50,0.8284753363228698,40.14,6.359294,0.9341561113128528,3048453.0,9922344960.0
APP,2025-12-02 18:31:50,0.815695067264574,663.045,6.3270664,0.5523581230708303,6938866.0,224274907136.0
ARWR,2025-12-02 18:31:50,0.7934977578475336,59.1911,5.2223296,0.7110777657060771,2342485.0,8183616512.0
ASAN,2025-12-02 18:31:50,0.7280269058295964,13.425,5.1292067,0.90188159452041,3971100.0,3171614976.0
ATAT,2025-12-02 18:31:50,0.7251121076233185,41.74,3.2401717,1.2732280899209194,1249231.0,5767881728.0
BA,2025-12-02 18:31:50,0.9477578475336322,204.18,9.502351,1.8308553342568687,8214087.0,155196293120.0
BE,2025-12-02 18:31:50,0.837219730941704,108.863,10.040431,0.6739697624705292,15091180.0,25747269632.0
BELFB,2025-12-02 18:31:50,0.7071748878923767,160.72,3.8444123,0.4964782844261911,149501.0,2034805760.0
BKNG,2025-12-02 18:31:50,0.8728699551569506,5129.295,4.852418,0.8387723357658585,258442.0,166239862784.0
BLKB,2025-12-02 18:31:50,0.7291479820627803,59.69,4.0076656,0.6056090702405169,334280.0,2895504128.0
BMNR,2025-12-02 18:31:50,0.8156950672645741,32.4101,11.990665,0.8814542707866521,45592912.0,12447675392.0
CAMT,2025-12-02 18:31:50,0.8118834080717489,110.595,4.9288425,0.687661077113646,540890.0,5061519360.0
CLH,2025-12-02 18:31:50,0.8403587443946187,238.3,4.2705917,0.9502323537353974,566593.0,12780650496.0
CRDO,2025-12-02 18:31:50,0.9636771300448432,198.51,15.996722,2.0551362457932867,6293809.0,34341355520.0
CSAN,2025-12-02 18:31:50,0.7419282511210763,5.355,9.05392,0.8354433102559409,2277987.0,7726892544.0
CTRI,2025-12-02 18:31:50,0.8533632286995515,24.27,9.373591,1.0797136239971254,2318211.0,2416791808.0
EL,2025-12-02 18:31:50,0.804708520179372,99.575,5.136731,0.6935479070657721,3427198.0,35882872832.0
FLY,2025-12-02 18:31:50,0.7594170403587445,17.995,7.0493836,0.6850381348353453,2001582.0,2865724160.0
FMX,2025-12-02 18:31:50,0.8163677130044844,100.56,4.4345174,0.8816262793497893,531520.0,34747219968.0
FROG,2025-12-02 18:31:50,0.6899103139013453,61.79,3.4661748,0.6443161982620053,1274112.0,7310550016.0
GEV,2025-12-02 18:31:50,0.7473094170403588,603.675,4.6402946,0.5032152653252038,2981869.0,164334780416.0
GTLB,2025-12-02 18:31:50,0.7663677130044843,43.26,5.127574,0.7484850540817447,4672279.0,7214729728.0
INSP,2025-12-02 18:31:50,0.9385650224215246,140.31,11.057466,1.15714560600803,1242071.0,4149572096.0
INTC,2025-12-02 18:31:50,0.784304932735426,42.965,7.385566,0.9309213339695886,110900969.0,204943048704.0
KB,2025-12-02 18:31:50,0.8105381165919282,90.14,4.83833,0.7063230278973556,125209.0,33041616896.0
LOGI,2025-12-02 18:31:50,0.7737668161434976,116.71,3.355468,1.043347700072676,573779.0,17139758080.0
MDB,2025-12-02 18:31:50,0.9860986547085202,405.77,23.377766,3.763047190107837,1810888.0,33157216256.0
MELI,2025-12-02 18:31:50,0.7742152466367713,2146.42,3.9655068,0.5635793262059874,519595.0,108817858560.0
MSTR,2025-12-02 18:31:50,0.9139013452914796,184.57,7.6712227,1.4011973536028404,14017246.0,53036879872.0
NSIT,2025-12-02 18:31:50,0.7273542600896861,89.82,3.742201,0.6128719589027818,412680.0,2826705152.0
NXPI,2025-12-02 18:31:50,0.8919282511210762,211.04,5.7897577,1.012130896035733,2560322.0,53206261760.0
ONDS,2025-12-02 18:31:50,0.7307174887892378,8.38,10.561755,0.875118338764346,73982520.0,3122023424.0
PSTG,2025-12-02 18:31:50,0.9051569506726456,94.315,6.510078,1.4880115740616675,2985296.0,30995359744.0
RGC,2025-12-02 18:31:50,0.7271300448430493,12.38,3.598329,1.5392340623752274,180328.0,6121772544.0
SAIA,2025-12-02 18:31:50,0.8690582959641255,306.165,4.4397116,1.0243666379751457,504214.0,8157044224.0
SBS,2025-12-02 18:31:50,0.7082959641255606,27.015,3.7442336,0.8225004236444122,1009101.0,18451281920.0
SHOP,2025-12-02 18:31:50,0.7789237668161435,157.8813,5.761859,0.5615727828017983,8478933.0,205536657408.0
SITM,2025-12-02 18:31:50,0.7894618834080718,301.85,5.1339283,0.5265480234277138,354452.0,7878475264.0
SNOW,2025-12-02 18:31:50,0.7713004484304932,260.48,3.3650837,0.9178048636121496,4392620.0,88250630144.0
SPR,2025-12-02 18:31:50,0.8134529147982063,37.435,4.421208,1.7837419888360555,1088325.0,4399481856.0
STRL,2025-12-02 18:31:50,0.6917040358744395,334.73,4.4366794,0.4314324471055167,646523.0,10282695680.0
TDC,2025-12-02 18:31:50,0.7466367713004485,31.12,5.7783847,0.6017037743652411,1443501.0,2940840192.0
TER,2025-12-02 18:31:50,0.737219730941704,190.155,5.859263,0.4596390491674939,3742615.0,30248628224.0
TMC,2025-12-02 18:31:50,0.7993273542600895,7.1499,13.761339,1.223537235904548,9498507.0,3824018432.0
TSEM,2025-12-02 18:31:50,0.8789237668161435,117.26,4.827464,1.620704494853574,1405830.0,13147636736.0
UAL,2025-12-02 18:31:50,0.7318385650224215,104.93,3.7677982,0.6774034397104088,6127260.0,33969825792.0
UNFI,2025-12-02 18:31:50,0.854932735426009,36.465,6.1263084,1.2236727101376026,1052596.0,2221873408.0
UPWK,2025-12-02 18:31:50,0.7683856502242152,21.18,6.539242,0.7490277238845024,3754849.0,2808607232.0
VERA,2025-12-02 18:31:50,0.9367713004484306,38.59,16.939394,1.7495762863706887,1506914.0,2466983936.0
WF,2025-12-02 18:31:50,0.7334080717488789,59.25,4.700477,0.5391871692320123,49506.0,14496942080.0
AMKR,2025-12-02 19:02:04,0.8355371900826447,40.32,6.8362427,0.9794994379116228,3048453.0,9966839808.0
APP,2025-12-02 19:02:04,0.7935950413223141,657.515,5.440271,0.5700592863444833,6938866.0,222404395008.0
ARWR,2025-12-02 19:02:04,0.7681818181818182,58.925,4.7555547,0.7682473953942074,2342485.0,8146826240.0
ASAN,2025-12-02 19:02:04,0.7665289256198347,13.525,5.9122877,1.036620835536753,3971100.0,3195239680.0
ATAT,2025-12-02 19:02:04,0.7357438016528925,41.765,3.3020012,1.421971596926429,1249231.0,5771336192.0
BA,2025-12-02 19:02:04,0.9473140495867768,203.9598,9.385276,1.9476915693734436,8214087.0,155028914176.0
BE,2025-12-02 19:02:04,0.8353305785123966,106.63,7.783278,0.7404668157161998,15091180.0,25219141632.0
BKNG,2025-12-02 19:02:04,0.8770661157024792,5145.2827,5.181572,0.9099372393032092,258442.0,166758023168.0
BLKB,2025-12-02 19:02:04,0.7285123966942149,59.845,4.277752,0.6464939571616609,334280.0,2903023104.0
BMNR,2025-12-02 19:02:04,0.8128099173553719,32.37,11.852102,0.9231394344805176,45592912.0,12432274432.0
CAMT,2025-12-02 19:02:04,0.8553719008264462,111.755,6.0410137,0.7605705411451497,540890.0,5114607616.0
CLH,2025-12-02 19:02:04,0.8539256198347107,238.7,4.445613,1.0786561076469352,566593.0,12802103296.0
CRDO,2025-12-02 19:02:04,0.96198347107438,194.7281,13.789574,2.119681738038126,6293809.0,33687105536.0
CSAN,2025-12-02 19:02:04,0.7419421487603306,5.395,9.887873,0.8654698205038045,2277987.0,7784609792.0
CTRI,2025-12-02 19:02:04,0.8524793388429751,24.13,8.74267,1.134687912360005,2318211.0,2402850560.0
CVNA,2025-12-02 19:02:04,0.7247933884297519,389.79,3.8719816,0.556695550891346,3070188.0,84507811840.0
DASH,2025-12-02 19:02:04,0.7446280991735537,211.87,3.0596328,0.911567859376543,4556850.0,91315658752.0
EL,2025-12-02 19:02:04,0.8084710743801653,99.735,5.3056717,0.7339482574394592,3427198.0,35940532224.0
FLY,2025-12-02 19:02:04,0.7595041322314049,17.955,6.8114247,0.7266142481297294,2001582.0,2859353856.0
FMX,2025-12-02 19:02:04,0.8057851239669421,100.4,4.268357,0.9814870559903672,531520.0,34691936256.0
FROG,2025-12-02 19:02:04,0.7351239669421488,62.26,4.2531767,0.7134631806309022,1274112.0,7366156800.0
GEV,2025-12-02 19:02:04,0.7632231404958677,604.745,4.8266544,0.53973095397551,2981869.0,164626055168.0
GTLB,2025-12-02 19:02:04,0.8057851239669421,43.6,5.9538198,0.9009624639282028,4672279.0,7271433216.0
INSP,2025-12-02 19:02:04,0.9390495867768592,139.61,10.5034075,1.2891815363211925,1242071.0,4128870400.0
INTC,2025-12-02 19:02:04,0.7931818181818182,43.085,7.6855803,0.9828359930741452,110900969.0,205515440128.0
KB,2025-12-02 19:02:04,0.7997933884297521,90.15,4.8499627,0.7290290634059852,125209.0,33045282816.0
LOGI,2025-12-02 19:02:04,0.7832644628099174,116.815,3.4493484,1.1256651079945414,573779.0,17155178496.0
MDB,2025-12-02 19:02:04,0.9867768595041322,407.1,23.787518,3.8746101360216647,1810888.0,33265897472.0
MELI,2025-12-02 19:02:04,0.7716942148760331,2151.37,4.205278,0.6049808023556809,519595.0,109068820480.0
MSTR,2025-12-02 19:02:04,0.9109504132231404,184.44,7.5953827,1.470994516326531,14017246.0,52999520256.0
NSIT,2025-12-02 19:02:04,0.7173553719008265,89.65,3.5458531,0.6705049917611708,412680.0,2821355008.0
NXPI,2025-12-02 19:02:04,0.909710743801653,212.89,6.7171254,1.1023945425614434,2560322.0,53672677376.0
ONDS,2025-12-02 19:02:04,0.7285123966942147,8.34,10.026388,0.9227380197376354,73982520.0,3107121152.0
PSTG,2025-12-02 19:02:04,0.9,93.98,6.1321287,1.6648747728868427,2985296.0,30885267456.0
RGC,2025-12-02 19:02:04,0.8020661157024793,12.57,5.2721076,1.5434818774677257,180328.0,6215725056.0
SAIA,2025-12-02 19:02:04,0.8679752066115702,306.815,4.661439,1.0803508034287028,504214.0,8174361600.0
SBS,2025-12-02 19:02:04,0.7206611570247934,27.03,3.8018422,0.9236409437707424,1009101.0,18461528064.0
SHOP,2025-12-02 19:02:04,0.7861570247933884,158.04,5.8681636,0.5970891620443279,8478933.0,205743243264.0
SITM,2025-12-02 19:02:04,0.8051652892561985,303.095,5.5675583,0.5756886687054947,354452.0,7910970368.0
SNOW,2025-12-02 19:02:04,0.7867768595041322,260.91,3.5357158,0.9669297594601854,4392620.0,88396308480.0
SPR,2025-12-02 19:02:04,0.8167355371900826,37.48,4.5467257,1.8629527025474928,1088325.0,4404770304.0
TDC,2025-12-02 19:02:04,0.7685950413223139,31.205,6.067301,0.6789908701137027,1443501.0,2948872448.0
TER,2025-12-02 19:02:04,0.7363636363636363,189.95,5.7451386,0.484438019940603,3742615.0,30216017920.0
TMC,2025-12-02 19:02:04,0.8004132231404959,7.199,14.5425625,1.2841001222613195,9498507.0,3850278656.0
TSEM,2025-12-02 19:02:04,0.8671487603305785,117.25,4.8185225,1.6655719397082152,1405830.0,13146515456.0
UAL,2025-12-02 19:02:04,0.7477272727272727,105.4,4.2325935,0.7308271560207988,6127260.0,34121984000.0
UNFI,2025-12-02 19:02:04,0.8425619834710744,36.32,5.7043047,1.2799934637790755,1052596.0,2213038080.0
UPWK,2025-12-02 19:02:04,0.7652892561983472,21.02,5.734413,0.8717157467583916,3754849.0,2787390208.0
VERA,2025-12-02 19:02:04,0.9369834710743804,38.775,17.500004,1.850211093665597,1506914.0,2478810880.0
WF,2025-12-02 19:02:04,0.7896694214876032,59.5,5.1422515,0.682725326223084,49506.0,14558110720.0
AMKR,2025-12-02 19:33:25,0.8307984790874525,40.4,7.0482244,1.0465724746289349,3048453.0,9986615296.0
APP,2025-12-02 19:33:25,0.7545627376425855,652.814,4.6864123,0.5949100328497481,6938866.0,220814295040.0
ARWR,2025-12-02 19:33:25,0.7446768060836502,58.6301,4.2312894,0.8166033080254516,2342485.0,8106054144.0
ASAN,2025-12-02 19:33:25,0.7671102661596958,13.53,5.9514427,1.155592656946438,3971100.0,3196420864.0
ATAT,2025-12-02 19:33:25,0.7904942965779468,42.1,4.1305914,1.652230852420409,1249231.0,5817628160.0
BA,2025-12-02 19:33:25,0.9492395437262358,204.77,9.819798,2.064219797038916,8214087.0,155644755968.0
BE,2025-12-02 19:33:25,0.8450570342205324,108.6275,9.802388,0.7918576943618723,15091180.0,25691572224.0
BKNG,2025-12-02 19:33:25,0.8882129277566538,5160.0,5.4824276,0.963183228732172,258442.0,167235010560.0
BLKB,2025-12-02 19:33:25,0.746958174904943,60.1,4.7220755,0.6932661242072514,334280.0,2915392768.0
BMNR,2025-12-02 19:33:25,0.8134980988593156,32.57,12.543189,0.9832825988390476,45592912.0,12509088768.0
CAMT,2025-12-02 19:33:25,0.8699619771863117,112.22,6.470588,0.9083492022407512,540890.0,5135889408.0
CLH,2025-12-02 19:33:25,0.8899239543726236,240.125,5.07058,1.246432624476476,566593.0,12878529536.0
COIN,2025-12-02 19:33:25,0.7245247148288974,270.14,3.963985,0.6416223647112862,9801298.0,72841584640.0
CRDO,2025-12-02 19:33:25,0.959315589353612,193.25,12.925842,2.1802890745492918,6293809.0,33431400448.0
CSAN,2025-12-02 19:33:25,0.734980988593156,5.37,9.368636,0.9046557333294702,2277987.0,7748536320.0
CTRI,2025-12-02 19:33:25,0.8463878326996197,24.14,8.787737,1.1896268286191378,2318211.0,2403846144.0
DASH,2025-12-02 19:33:25,0.7557034220532319,212.14,3.190505,1.0047982707352667,4556850.0,91432026112.0
EL,2025-12-02 19:33:25,0.7969581749049429,99.555,5.116033,0.7753123688797671,3427198.0,35875663872.0
FLY,2025-12-02 19:33:25,0.7577946768060836,18.02,7.1981025,0.7543987705724772,2001582.0,2869705216.0
FMX,2025-12-02 19:33:25,0.8209125475285172,100.54,4.41375,1.0467790487658035,531520.0,34740310016.0
GEV,2025-12-02 19:33:25,0.7857414448669202,607.84,5.363148,0.5913130321955794,2981869.0,165468602368.0
GTLB,2025-12-02 19:33:25,0.7950570342205323,43.42,5.516395,0.9717977030053214,4672279.0,7241413632.0
INSP,2025-12-02 19:33:25,0.9328897338403042,138.71,9.791048,1.3767417482575472,1242071.0,4102253568.0
INTC,2025-12-02 19:33:25,0.7863117870722434,43.1152,7.7610645,1.0272478322529357,110900969.0,205659504640.0
JBHT,2025-12-02 19:33:25,0.7638783269961977,185.26,3.0768368,1.0981104461228863,1377468.0,17933033472.0
KB,2025-12-02 19:33:25,0.8121673003802281,90.315,5.041869,0.7814134766670128,125209.0,33105766400.0
KBR,2025-12-02 19:33:25,0.7408745247148288,43.82,4.907827,0.7097197694494465,1266707.0,5645840384.0
LOGI,2025-12-02 19:33:25,0.8053231939163498,117.16,3.7548757,1.1847226893978344,573779.0,17205843968.0
MDB,2025-12-02 19:33:25,0.9870722433460076,408.25,24.1372,4.038716364568101,1810888.0,33359867904.0
MELI,2025-12-02 19:33:25,0.7726235741444867,2147.18,4.0023193,0.6513207401918802,519595.0,108856385536.0
MSTR,2025-12-02 19:33:25,0.9230038022813688,187.92,9.625482,1.6028196979634943,14017246.0,53999513600.0
NXPI,2025-12-02 19:33:25,0.914638783269962,213.65,7.098094,1.1876275718444789,2560322.0,53864280064.0
ONDS,2025-12-02 19:33:25,0.7290874524714829,8.3746,10.482857,0.9798591478095096,73982520.0,3120011776.0
PI,2025-12-02 19:33:25,0.7247148288973384,169.8375,4.5025163,0.5539112461576511,566060.0,5113659392.0
PSTG,2025-12-02 19:33:25,0.882509505703422,93.3462,5.4163704,1.7804539315364372,2985296.0,30676975616.0
RGC,2025-12-02 19:33:25,0.8058935361216729,12.6,5.439336,1.5578057761412538,180328.0,6230560256.0
SAIA,2025-12-02 19:33:25,0.8819391634980988,307.75,4.9803877,1.1493135851047374,504214.0,8199272448.0
SHOP,2025-12-02 19:33:25,0.7844106463878326,158.45,6.1428175,0.628540996844768,8478933.0,206277017600.0
SITM,2025-12-02 19:33:25,0.800190114068441,303.67,5.767834,0.5966308555178134,354452.0,7925978624.0
SNOW,2025-12-02 19:33:25,0.7870722433460076,260.77,3.4801543,1.0359880891131032,4392620.0,88348868608.0
SPR,2025-12-02 19:33:25,0.8112167300380227,37.41,4.3514686,2.0002094962442287,1088325.0,4396543488.0
TDC,2025-12-02 19:33:25,0.726615969581749,30.86,4.8946314,0.7534251794768414,1443501.0,2916270080.0
TER,2025-12-02 19:33:25,0.7334600760456274,190.595,6.104212,0.5095244902294251,3742615.0,30318620672.0
TMC,2025-12-02 19:33:25,0.8079847908745248,7.3459,16.879877,1.4245473525470898,9498507.0,3928846080.0
TSEM,2025-12-02 19:33:25,0.8754752851711026,117.39,4.9436784,1.706211277323716,1405830.0,13162212352.0
UAL,2025-12-02 19:33:25,0.7425855513307985,105.335,4.168311,0.7715729379853311,6127260.0,34100940800.0
UNFI,2025-12-02 19:33:25,0.8009505703422054,35.93,4.569266,1.3834804616396037,1052596.0,2189274880.0
UPWK,2025-12-02 19:33:25,0.7724334600760456,21.09,6.0865245,0.923540200950824,3754849.0,2796672768.0
VERA,2025-12-02 19:33:25,0.9363117870722432,38.62,17.0303,1.987297881630936,1506914.0,2468901888.0
WF,2025-12-02 19:33:25,0.7948669201520913,59.59,5.30129,0.7365167858441402,49506.0,14580130816.0
AMKR,2025-12-02 19:44:21,0.8336501901140684,40.38,6.995229,1.0628344934299463,3048453.0,9981671424.0
APP,2025-12-02 19:44:21,0.7496197718631179,651.735,4.5133753,0.6047113462055616,6938866.0,220449308672.0
ARWR,2025-12-02 19:44:21,0.744106463878327,58.64,4.248888,0.8284697660817465,2342485.0,8107422720.0
ASAN,2025-12-02 19:44:21,0.7743346007604562,13.53,5.9514427,1.2151129409987158,3971100.0,3196420864.0
ATAT,2025-12-02 19:44:21,0.8051330798479087,42.21,4.402668,1.6796861429151213,1249231.0,5832828928.0
BA,2025-12-02 19:44:21,0.9492395437262358,204.71,9.7876215,2.1010809844112925,8214087.0,155599159296.0
BE,2025-12-02 19:44:21,0.8410646387832699,107.4238,8.585664,0.8102578459736084,15091180.0,25406883840.0
BELFB,2025-12-02 19:44:21,0.7505703422053231,162.27,4.8459,0.5860696583969338,149501.0,2054429568.0
BKNG,2025-12-02 19:44:21,0.8882129277566538,5162.05,5.52433,0.9833386214315012,258442.0,167301447680.0
BLKB,2025-12-02 19:44:21,0.7570342205323194,60.14,4.7917757,0.7258914682302262,334280.0,2917333248.0
BMNR,2025-12-02 19:44:21,0.8182509505703421,32.57,12.543189,1.0003856959169444,45592912.0,12509088768.0
CAMT,2025-12-02 19:44:21,0.8745247148288973,112.36,6.6034145,0.9926602451515096,540890.0,5142296576.0
CLH,2025-12-02 19:44:21,0.8906844106463877,240.11,5.0625744,1.2678801185330564,566593.0,12877725696.0
COIN,2025-12-02 19:44:21,0.7203422053231939,269.83,3.84393,0.64969017368924,9801298.0,72757985280.0
CRDO,2025-12-02 19:44:21,0.9591254752851712,191.69,12.0142565,2.2118292754038134,6293809.0,33161527296.0
CSAN,2025-12-02 19:44:21,0.7376425855513309,5.355,9.06314,0.917562303911304,2277987.0,7726892544.0
CTRI,2025-12-02 19:44:21,0.8448669201520912,24.095,8.584943,1.2036169270182913,2318211.0,2399365120.0
DASH,2025-12-02 19:44:21,0.7899239543726235,213.04,3.626813,1.040619287446372,4556850.0,91819925504.0
EL,2025-12-02 19:44:21,0.761787072243346,98.65,4.1600704,0.8143991097100314,3427198.0,35549540352.0
FLY,2025-12-02 19:44:21,0.7507604562737643,17.99,7.0196333,0.7647755625300388,2001582.0,2864927488.0
FMX,2025-12-02 19:44:21,0.8460076045627376,100.99,4.8810854,1.1277110927152318,531520.0,34895802368.0
GEV,2025-12-02 19:44:21,0.7870722433460076,607.24,5.2591376,0.6082000919557499,2981869.0,165305253888.0
GTLB,2025-12-02 19:44:21,0.7838403041825095,43.24,5.0789795,0.9989097397651124,4672279.0,7211394560.0
INSP,2025-12-02 19:44:21,0.9330798479087452,137.73,9.015356,1.4336603946151227,1242071.0,4073270528.0
INTC,2025-12-02 19:44:21,0.782699619771863,42.9611,7.3759146,1.0387837368670785,110900969.0,204924452864.0
KB,2025-12-02 19:44:21,0.8106463878326996,90.315,5.041869,0.805189722783506,125209.0,33105766400.0
KBR,2025-12-02 19:44:21,0.7612167300380228,43.835,4.943736,0.7973043489930979,1266707.0,5647772672.0
LOGI,2025-12-02 19:44:21,0.8134980988593155,117.285,3.8660872,1.207963344772116,573779.0,17224202240.0
MDB,2025-12-02 19:44:21,0.9878326996197718,405.21,23.216347,4.079405794284351,1810888.0,33111455744.0
MELI,2025-12-02 19:44:21,0.7519011406844106,2137.23,3.5203764,0.6800719791375975,519595.0,108351954944.0
MSTR,2025-12-02 19:44:21,0.9230038022813688,186.8401,8.995359,1.657766297316891,14017246.0,53689200640.0
NXPI,2025-12-02 19:44:21,0.9180608365019012,214.295,7.420119,1.2144995824743918,2560322.0,54026895360.0
ONDS,2025-12-02 19:44:21,0.73212927756654,8.39,10.678978,0.9883569524260596,73982520.0,3125748992.0
PI,2025-12-02 19:44:21,0.7287072243346009,170.015,4.611737,0.5786224075186376,566060.0,5119004160.0
PSTG,2025-12-02 19:44:21,0.8941064638783269,93.76,5.88368,1.8338931884811425,2985296.0,30812966912.0
RGC,2025-12-02 19:44:21,0.8486692015209125,12.91,7.98005,1.6422241692915132,180328.0,6383851520.0
SAIA,2025-12-02 19:44:21,0.9020912547528516,309.02,5.413609,1.1769903255363794,504214.0,8233108480.0
SHOP,2025-12-02 19:44:21,0.7779467680608365,158.13,5.9284606,0.6396119653262975,8478933.0,205860438016.0
SITM,2025-12-02 19:44:21,0.7859315589353613,302.53,5.3707685,0.6001489623418685,354452.0,7896223744.0
SNOW,2025-12-02 19:44:21,0.7834600760456274,260.4763,3.3636062,1.0571378812644845,4392620.0,88249368576.0
SPR,2025-12-02 19:44:21,0.8123574144486693,37.445,4.449097,2.0510270369604666,1088325.0,4400656896.0
TDC,2025-12-02 19:44:21,0.7271863117870723,30.785,4.6397,0.7809991125742206,1443501.0,2909182464.0
TER,2025-12-02 19:44:21,0.732319391634981,190.8,6.218336,0.5205966950915336,3742615.0,30351230976.0
TMC,2025-12-02 19:44:21,0.8064638783269962,7.295,16.070011,1.4544561582151805,9498507.0,3901623040.0
TSEM,2025-12-02 19:44:21,0.8684410646387833,117.21,4.782763,1.7543508105531964,1405830.0,13142030336.0
UAL,2025-12-02 19:44:21,0.7328897338403041,105.14,3.9754713,0.7820554375038761,6127260.0,34037811200.0
UNFI,2025-12-02 19:44:21,0.7347908745247148,35.515,3.3614633,1.4271429874329753,1052596.0,2163988224.0
UPWK,2025-12-02 19:44:21,0.7644486692015209,21.03,5.784716,0.9355950132748349,3754849.0,2788716288.0
VERA,2025-12-02 19:44:21,0.9363117870722434,38.517,16.718176,2.0427144482034145,1506914.0,2462317056.0
WF,2025-12-02 19:44:21,0.7895437262357415,59.5497,5.2300787,0.7554033854482285,49506.0,14570271744.0
AMKR,2025-12-02 19:44:22,0.8336501901140684,40.38,6.995229,1.0628344934299463,3048453.0,9981671424.0
APP,2025-12-02 19:44:22,0.7496197718631179,651.735,4.5133753,0.6047113462055616,6938866.0,220449308672.0
ARWR,2025-12-02 19:44:22,0.744106463878327,58.64,4.248888,0.8284697660817465,2342485.0,8107422720.0
ASAN,2025-12-02 19:44:22,0.7743346007604562,13.53,5.9514427,1.2151129409987158,3971100.0,3196420864.0
ATAT,2025-12-02 19:44:22,0.8051330798479087,42.21,4.402668,1.6796861429151213,1249231.0,5832828928.0
BA,2025-12-02 19:44:22,0.9492395437262358,204.71,9.7876215,2.1010809844112925,8214087.0,155599159296.0
BE,2025-12-02 19:44:22,0.8410646387832699,107.4238,8.585664,0.8102578459736084,15091180.0,25406883840.0
BELFB,2025-12-02 19:44:22,0.7505703422053231,162.27,4.8459,0.5860696583969338,149501.0,2054429568.0
BKNG,2025-12-02 19:44:22,0.8882129277566538,5162.05,5.52433,0.9833386214315012,258442.0,167301447680.0
BLKB,2025-12-02 19:44:22,0.7570342205323194,60.14,4.7917757,0.7258914682302262,334280.0,2917333248.0
BMNR,2025-12-02 19:44:22,0.8182509505703421,32.57,12.543189,1.0003856959169444,45592912.0,12509088768.0
CAMT,2025-12-02 19:44:22,0.8745247148288973,112.36,6.6034145,0.9926602451515096,540890.0,5142296576.0
CLH,2025-12-02 19:44:22,0.8906844106463877,240.11,5.0625744,1.2678801185330564,566593.0,12877725696.0
COIN,2025-12-02 19:44:22,0.7203422053231939,269.83,3.84393,0.64969017368924,9801298.0,72757985280.0
CRDO,2025-12-02 19:44:22,0.9591254752851712,191.69,12.0142565,2.2118292754038134,6293809.0,33161527296.0
CSAN,2025-12-02 19:44:22,0.7376425855513309,5.355,9.06314,0.917562303911304,2277987.0,7726892544.0
CTRI,2025-12-02 19:44:22,0.8448669201520912,24.095,8.584943,1.2036169270182913,2318211.0,2399365120.0
DASH,2025-12-02 19:44:22,0.7899239543726235,213.04,3.626813,1.040619287446372,4556850.0,91819925504.0
EL,2025-12-02 19:44:22,0.761787072243346,98.65,4.1600704,0.8143991097100314,3427198.0,35549540352.0
FLY,2025-12-02 19:44:22,0.7507604562737643,17.99,7.0196333,0.7647755625300388,2001582.0,2864927488.0
FMX,2025-12-02 19:44:22,0.8460076045627376,100.99,4.8810854,1.1277110927152318,531520.0,34895802368.0
GEV,2025-12-02 19:44:22,0.7870722433460076,607.24,5.2591376,0.6082000919557499,2981869.0,165305253888.0
GTLB,2025-12-02 19:44:22,0.7838403041825095,43.24,5.0789795,0.9989097397651124,4672279.0,7211394560.0
INSP,2025-12-02 19:44:22,0.9330798479087452,137.73,9.015356,1.4336603946151227,1242071.0,4073270528.0
INTC,2025-12-02 19:44:22,0.782699619771863,42.9611,7.3759146,1.0387837368670785,110900969.0,204924452864.0
KB,2025-12-02 19:44:22,0.8106463878326996,90.315,5.041869,0.805189722783506,125209.0,33105766400.0
KBR,2025-12-02 19:44:22,0.7612167300380228,43.835,4.943736,0.7973043489930979,1266707.0,5647772672.0
LOGI,2025-12-02 19:44:22,0.8134980988593155,117.285,3.8660872,1.207963344772116,573779.0,17224202240.0
MDB,2025-12-02 19:44:22,0.9878326996197718,405.21,23.216347,4.079405794284351,1810888.0,33111455744.0
MELI,2025-12-02 19:44:22,0.7519011406844106,2137.23,3.5203764,0.6800719791375975,519595.0,108351954944.0
MSTR,2025-12-02 19:44:22,0.9230038022813688,186.8401,8.995359,1.657766297316891,14017246.0,53689200640.0
NXPI,2025-12-02 19:44:22,0.9180608365019012,214.295,7.420119,1.2144995824743918,2560322.0,54026895360.0
ONDS,2025-12-02 19:44:22,0.73212927756654,8.39,10.678978,0.9883569524260596,73982520.0,3125748992.0
PI,2025-12-02 19:44:22,0.7287072243346009,170.015,4.611737,0.5786224075186376,566060.0,5119004160.0
PSTG,2025-12-02 19:44:22,0.8941064638783269,93.76,5.88368,1.8338931884811425,2985296.0,30812966912.0
RGC,2025-12-02 19:44:22,0.8486692015209125,12.91,7.98005,1.6422241692915132,180328.0,6383851520.0
SAIA,2025-12-02 19:44:22,0.9020912547528516,309.02,5.413609,1.1769903255363794,504214.0,8233108480.0
SHOP,2025-12-02 19:44:22,0.7779467680608365,158.13,5.9284606,0.6396119653262975,8478933.0,205860438016.0
SITM,2025-12-02 19:44:22,0.7859315589353613,302.53,5.3707685,0.6001489623418685,354452.0,7896223744.0
SNOW,2025-12-02 19:44:22,0.7834600760456274,260.4763,3.3636062,1.0571378812644845,4392620.0,88249368576.0
SPR,2025-12-02 19:44:22,0.8123574144486693,37.445,4.449097,2.0510270369604666,1088325.0,4400656896.0
TDC,2025-12-02 19:44:22,0.7271863117870723,30.785,4.6397,0.7809991125742206,1443501.0,2909182464.0
TER,2025-12-02 19:44:22,0.732319391634981,190.8,6.218336,0.5205966950915336,3742615.0,30351230976.0
TMC,2025-12-02 19:44:22,0.8064638783269962,7.295,16.070011,1.4544561582151805,9498507.0,3901623040.0
TSEM,2025-12-02 19:44:22,0.8684410646387833,117.21,4.782763,1.7543508105531964,1405830.0,13142030336.0
UAL,2025-12-02 19:44:22,0.7328897338403041,105.14,3.9754713,0.7820554375038761,6127260.0,34037811200.0
UNFI,2025-12-02 19:44:22,0.7347908745247148,35.515,3.3614633,1.4271429874329753,1052596.0,2163988224.0
UPWK,2025-12-02 19:44:22,0.7644486692015209,21.03,5.784716,0.9355950132748349,3754849.0,2788716288.0
VERA,2025-12-02 19:44:22,0.9363117870722434,38.517,16.718176,2.0427144482034145,1506914.0,2462317056.0
WF,2025-12-02 19:44:22,0.7895437262357415,59.5497,5.2300787,0.7554033854482285,49506.0,14570271744.0
AMKR,2025-12-02 19:54:22,0.8323321554770318,40.47,7.233702,1.0854830302451768,3048453.0,10003918848.0
APP,2025-12-02 19:54:22,0.7545936395759717,652.82,4.6873713,0.6118759174770056,6938866.0,220816310272.0
ARWR,2025-12-02 19:54:22,0.7257950530035335,58.427,3.870219,0.8372587231081522,2342485.0,8077973504.0
ASAN,2025-12-02 19:54:22,0.7863957597173145,13.6,6.4996076,1.3097572461030949,3971100.0,3212958208.0
ATAT,2025-12-02 19:54:22,0.8019434628975265,42.13,4.2048,1.699929796810998,1249231.0,5821774336.0
BA,2025-12-02 19:54:22,0.9469964664310954,204.79,9.830519,2.1346533096131077,8214087.0,155659943936.0
BE,2025-12-02 19:54:22,0.8397526501766783,107.39,8.551499,0.8242419081874314,15091180.0,25398890496.0
BELFB,2025-12-02 19:54:22,0.7439929328621908,161.7708,4.523353,0.6129591106414004,149501.0,2048109440.0
BKNG,2025-12-02 19:54:22,0.8886925795053003,5165.98,5.604947,0.9984561332910286,258442.0,167428816896.0
BLKB,2025-12-02 19:54:22,0.7584805653710247,60.14,4.7917757,0.7350305133421084,334280.0,2917333248.0
BMNR,2025-12-02 19:54:22,0.8146643109540637,32.685,12.94057,1.0168366960197672,45592912.0,12553256960.0
CAMT,2025-12-02 19:54:22,0.8765017667844524,112.275,6.5227704,1.0091386418680324,540890.0,5138406400.0
CLH,2025-12-02 19:54:22,0.893286219081272,240.49,5.2288494,1.2866272615440006,566593.0,12898106368.0
COIN,2025-12-02 19:54:22,0.7250883392226148,270.0,3.9101,0.6580702882414146,9801298.0,72803827712.0
CRDO,2025-12-02 19:54:22,0.9565371024734982,190.8,11.494184,2.2448534742633592,6293809.0,33007560704.0
CSAN,2025-12-02 19:54:22,0.7363957597173145,5.355,9.06314,0.925572007215142,2277987.0,7726892544.0
CTRI,2025-12-02 19:54:22,0.848939929328622,24.17,8.922936,1.2276665066294656,2318211.0,2406833664.0
DASH,2025-12-02 19:54:22,0.8376325088339223,214.715,4.443523,1.134363650328626,4556850.0,92541845504.0
EL,2025-12-02 19:54:22,0.7915194346289752,99.26,4.804142,0.8284105557951422,3427198.0,35769360384.0
FLY,2025-12-02 19:54:22,0.7540636042402827,18.04,7.317082,0.7811750905034118,2001582.0,2872890368.0
FMX,2025-12-02 19:54:22,0.8572438162544169,101.315,5.218612,1.1481919777242624,531520.0,35008102400.0
GEV,2025-12-02 19:54:22,0.7924028268551236,608.86,5.539948,0.6247641999028126,2981869.0,165746262016.0
GTLB,2025-12-02 19:54:22,0.7720848056537102,43.12,4.787357,1.0637753010896824,4672279.0,7191380992.0
INSP,2025-12-02 19:54:22,0.934982332155477,137.86,9.118257,1.4562476702217506,1242071.0,4077115136.0
INTC,2025-12-02 19:54:22,0.7842756183745583,43.1605,7.8742847,1.0560057955850684,110900969.0,205875576832.0
JBHT,2025-12-02 19:54:22,0.7807420494699646,185.635,3.2854831,1.183884489512642,1377468.0,17969334272.0
KB,2025-12-02 19:54:22,0.7992932862190812,90.28,5.0011578,0.7936490188404987,125209.0,33092935680.0
KBR,2025-12-02 19:54:22,0.7895759717314488,44.01,5.362695,0.8635753966781584,1266707.0,5670320128.0
LOGI,2025-12-02 19:54:22,0.8196113074204947,117.36,3.9319894,1.2218031681187356,573779.0,17235216384.0
MDB,2025-12-02 19:54:22,0.9876325088339224,404.14,22.88747,4.14121911460013,1810888.0,33024022528.0
MELI,2025-12-02 19:54:22,0.7261484098939929,2127.2,3.0345547,0.7128898468999895,519595.0,107843452928.0
MSTR,2025-12-02 19:54:22,0.9231448763250883,186.88,9.019841,1.70822984771759,14017246.0,53700665344.0
NXPI,2025-12-02 19:54:22,0.9249116607773852,215.33,7.9402456,1.2462506669083029,2560322.0,54287835136.0
ONDS,2025-12-02 19:54:22,0.7411660777385158,8.49,12.005275,1.0148148373426589,73982520.0,3163004416.0
PI,2025-12-02 19:54:22,0.7307420494699646,170.25,4.756335,0.5811451082924072,566060.0,5126079488.0
PSTG,2025-12-02 19:54:22,0.8952296819787986,93.88,6.0170164,1.8779933380140528,2985296.0,30852401152.0
RGC,2025-12-02 19:54:22,0.8683745583038869,13.15,10.04184,1.6968246750366,180328.0,6502529024.0
SAIA,2025-12-02 19:54:22,0.917137809187279,311.5,6.2595963,1.2172053929482325,504214.0,8299182592.0
SHOP,2025-12-02 19:54:22,0.7809187279151943,158.37,6.089226,0.6525916645408095,8478933.0,206172864512.0
SITM,2025-12-02 19:54:22,0.7862190812720848,303.25,5.6215444,0.6038194170155621,354452.0,7915016192.0
SNOW,2025-12-02 19:54:22,0.7759717314487633,260.295,3.291672,1.091085957811056,4392620.0,88187953152.0
SPR,2025-12-02 19:54:22,0.827208480565371,37.555,4.755933,2.0920239818069053,1088325.0,4413584384.0
TER,2025-12-02 19:54:22,0.7360424028268551,190.89,6.268438,0.5292101912700078,3742615.0,30365546496.0
TMC,2025-12-02 19:54:22,0.8038869257950529,7.275,15.751794,1.47685083561027,9498507.0,3890926336.0
TSEM,2025-12-02 19:54:22,0.8604240282685511,117.06,4.6486654,1.828444406507188,1405830.0,13125212160.0
UAL,2025-12-02 19:54:22,0.7457597173144876,105.33,4.163369,0.7911205008437703,6127260.0,34099322880.0
UNFI,2025-12-02 19:54:22,0.7913427561837455,35.809,4.2171054,1.4500872129477975,1052596.0,2181902080.0
UPWK,2025-12-02 19:54:22,0.7581272084805653,20.995,5.6086607,0.9474290444169658,3754849.0,2784075264.0
VERA,2025-12-02 19:54:22,0.932155477031802,38.545,16.803024,2.0799912934646567,1506914.0,2464107008.0
WF,2025-12-02 19:54:22,0.7754416961130741,59.37,4.9125266,0.7725528218801762,49506.0,14526302208.0
AMKR,2025-12-02 19:54:23,0.8323321554770318,40.47,7.233702,1.0854830302451768,3048453.0,10003918848.0
APP,2025-12-02 19:54:23,0.7545936395759717,652.82,4.6873713,0.6118759174770056,6938866.0,220816310272.0
ARWR,2025-12-02 19:54:23,0.7257950530035335,58.427,3.870219,0.8372587231081522,2342485.0,8077973504.0
ASAN,2025-12-02 19:54:23,0.7863957597173145,13.6,6.4996076,1.3097572461030949,3971100.0,3212958208.0
ATAT,2025-12-02 19:54:23,0.8019434628975265,42.13,4.2048,1.699929796810998,1249231.0,5821774336.0
BA,2025-12-02 19:54:23,0.9469964664310954,204.79,9.830519,2.1346533096131077,8214087.0,155659943936.0
BE,2025-12-02 19:54:23,0.8397526501766783,107.39,8.551499,0.8242419081874314,15091180.0,25398890496.0
BELFB,2025-12-02 19:54:23,0.7439929328621908,161.7708,4.523353,0.6129591106414004,149501.0,2048109440.0
BKNG,2025-12-02 19:54:23,0.8886925795053003,5165.98,5.604947,0.9984561332910286,258442.0,167428816896.0
BLKB,2025-12-02 19:54:23,0.7584805653710247,60.14,4.7917757,0.7350305133421084,334280.0,2917333248.0
BMNR,2025-12-02 19:54:23,0.8146643109540637,32.685,12.94057,1.0168366960197672,45592912.0,12553256960.0
CAMT,2025-12-02 19:54:23,0.8765017667844524,112.275,6.5227704,1.0091386418680324,540890.0,5138406400.0
CLH,2025-12-02 19:54:23,0.893286219081272,240.49,5.2288494,1.2866272615440006,566593.0,12898106368.0
COIN,2025-12-02 19:54:23,0.7250883392226148,270.0,3.9101,0.6580702882414146,9801298.0,72803827712.0
CRDO,2025-12-02 19:54:23,0.9565371024734982,190.8,11.494184,2.2448534742633592,6293809.0,33007560704.0
CSAN,2025-12-02 19:54:23,0.7363957597173145,5.355,9.06314,0.925572007215142,2277987.0,7726892544.0
CTRI,2025-12-02 19:54:23,0.848939929328622,24.17,8.922936,1.2276665066294656,2318211.0,2406833664.0
DASH,2025-12-02 19:54:23,0.8376325088339223,214.715,4.443523,1.134363650328626,4556850.0,92541845504.0
EL,2025-12-02 19:54:23,0.7915194346289752,99.26,4.804142,0.8284105557951422,3427198.0,35769360384.0
FLY,2025-12-02 19:54:23,0.7540636042402827,18.04,7.317082,0.7811750905034118,2001582.0,2872890368.0
FMX,2025-12-02 19:54:23,0.8572438162544169,101.315,5.218612,1.1481919777242624,531520.0,35008102400.0
GEV,2025-12-02 19:54:23,0.7924028268551236,608.86,5.539948,0.6247641999028126,2981869.0,165746262016.0
GTLB,2025-12-02 19:54:23,0.7720848056537102,43.12,4.787357,1.0637753010896824,4672279.0,7191380992.0
INSP,2025-12-02 19:54:23,0.934982332155477,137.86,9.118257,1.4562476702217506,1242071.0,4077115136.0
INTC,2025-12-02 19:54:23,0.7842756183745583,43.1605,7.8742847,1.0560057955850684,110900969.0,205875576832.0
JBHT,2025-12-02 19:54:23,0.7807420494699646,185.635,3.2854831,1.183884489512642,1377468.0,17969334272.0
KB,2025-12-02 19:54:23,0.7992932862190812,90.28,5.0011578,0.7936490188404987,125209.0,33092935680.0
KBR,2025-12-02 19:54:23,0.7895759717314488,44.01,5.362695,0.8635753966781584,1266707.0,5670320128.0
LOGI,2025-12-02 19:54:23,0.8196113074204947,117.36,3.9319894,1.2218031681187356,573779.0,17235216384.0
MDB,2025-12-02 19:54:23,0.9876325088339224,404.14,22.88747,4.14121911460013,1810888.0,33024022528.0
MELI,2025-12-02 19:54:23,0.7261484098939929,2127.2,3.0345547,0.7128898468999895,519595.0,107843452928.0
MSTR,2025-12-02 19:54:23,0.9231448763250883,186.88,9.019841,1.70822984771759,14017246.0,53700665344.0
NXPI,2025-12-02 19:54:23,0.9249116607773852,215.33,7.9402456,1.2462506669083029,2560322.0,54287835136.0
ONDS,2025-12-02 19:54:23,0.7411660777385158,8.49,12.005275,1.0148148373426589,73982520.0,3163004416.0
PI,2025-12-02 19:54:23,0.7307420494699646,170.25,4.756335,0.5811451082924072,566060.0,5126079488.0
PSTG,2025-12-02 19:54:23,0.8952296819787986,93.88,6.0170164,1.8779933380140528,2985296.0,30852401152.0
RGC,2025-12-02 19:54:23,0.8683745583038869,13.15,10.04184,1.6968246750366,180328.0,6502529024.0
SAIA,2025-12-02 19:54:23,0.917137809187279,311.5,6.2595963,1.2172053929482325,504214.0,8299182592.0
SHOP,2025-12-02 19:54:23,0.7809187279151943,158.37,6.089226,0.6525916645408095,8478933.0,206172864512.0
SITM,2025-12-02 19:54:23,0.7862190812720848,303.25,5.6215444,0.6038194170155621,354452.0,7915016192.0
SNOW,2025-12-02 19:54:23,0.7759717314487633,260.295,3.291672,1.091085957811056,4392620.0,88187953152.0
SPR,2025-12-02 19:54:23,0.827208480565371,37.555,4.755933,2.0920239818069053,1088325.0,4413584384.0
TER,2025-12-02 19:54:23,0.7360424028268551,190.89,6.268438,0.5292101912700078,3742615.0,30365546496.0
TMC,2025-12-02 19:54:23,0.8038869257950529,7.275,15.751794,1.47685083561027,9498507.0,3890926336.0
TSEM,2025-12-02 19:54:23,0.8604240282685511,117.06,4.6486654,1.828444406507188,1405830.0,13125212160.0
UAL,2025-12-02 19:54:23,0.7457597173144876,105.33,4.163369,0.7911205008437703,6127260.0,34099322880.0
UNFI,2025-12-02 19:54:23,0.7913427561837455,35.809,4.2171054,1.4500872129477975,1052596.0,2181902080.0
UPWK,2025-12-02 19:54:23,0.7581272084805653,20.995,5.6086607,0.9474290444169658,3754849.0,2784075264.0
VERA,2025-12-02 19:54:23,0.932155477031802,38.545,16.803024,2.0799912934646567,1506914.0,2464107008.0
WF,2025-12-02 19:54:23,0.7754416961130741,59.37,4.9125266,0.7725528218801762,49506.0,14526302208.0
AMAT,2025-12-02 20:24:09,0.7484745762711864,266.82,4.7379813,0.6867497011136421,8392822.0,212560134144.0
AMKR,2025-12-02 20:24:09,0.8415254237288134,40.555,7.4589257,1.151177662899838,3048453.0,10024930304.0
APP,2025-12-02 20:24:09,0.7525423728813561,655.5899,5.131557,0.6313842924766093,6938866.0,221753229312.0
ASAN,2025-12-02 20:24:09,0.7859322033898305,13.581,6.3508215,1.5388318098259928,3971100.0,3208469504.0
ATAT,2025-12-02 20:24:09,0.8335593220338983,42.5,5.11996,1.8396549557287645,1249231.0,5872903168.0
BA,2025-12-02 20:24:09,0.9494915254237288,205.585,10.256891,2.258568237711629,8214087.0,156264235008.0
BE,2025-12-02 20:24:09,0.833728813559322,107.04,8.197716,0.8681385418502728,15091180.0,25316110336.0
BELFB,2025-12-02 20:24:09,0.7642372881355932,161.6,4.413001,0.7292927806502967,149501.0,2045947008.0
BKNG,2025-12-02 20:24:09,0.8801694915254238,5159.34,5.4689326,1.0515976505366775,258442.0,167213613056.0
BLKB,2025-12-02 20:24:09,0.788813559322034,60.525,5.462628,0.8392006700969248,334280.0,2936009216.0
BMNR,2025-12-02 20:24:09,0.8079661016949152,32.2474,11.429413,1.0645314780507988,45592912.0,12385187840.0
CAMT,2025-12-02 20:24:09,0.8945762711864406,113.47,7.6565466,1.1112148495997338,540890.0,5193097216.0
CLH,2025-12-02 20:24:09,0.8755932203389831,239.485,4.789099,1.4798965041926038,566593.0,12844205056.0
CRDO,2025-12-02 20:24:09,0.9561016949152544,190.32,11.213698,2.334062091811175,6293809.0,32924524544.0
CSAN,2025-12-02 20:24:09,0.7393220338983051,5.385,9.674143,0.9958897921717728,2277987.0,7770180608.0
CTRI,2025-12-02 20:24:09,0.8640677966101694,24.39,9.914371,1.4225120146526784,2318211.0,2428741120.0
DASH,2025-12-02 20:24:09,0.867457627118644,215.81,4.976163,1.3483450190372737,4556850.0,93013794816.0
EL,2025-12-02 20:24:09,0.7977966101694914,99.52,5.0786586,0.8987166775890976,3427198.0,35863052288.0
FLY,2025-12-02 20:24:09,0.7462711864406778,17.93,6.662706,0.8104314487240593,2001582.0,2855372544.0
FMX,2025-12-02 20:24:09,0.8761016949152542,101.73,5.6496024,1.2723867399157134,531520.0,35151503360.0
GEV,2025-12-02 20:24:09,0.7733898305084745,606.87,5.1950026,0.6752224862996999,2981869.0,165204541440.0
GNRC,2025-12-02 20:24:09,0.7659322033898305,156.215,4.687706,0.7499191896478425,1138468.0,9167331328.0
GTLB,2025-12-02 20:24:09,0.7947457627118644,43.315,5.261232,1.182210009290969,4672279.0,7223902208.0
INSP,2025-12-02 20:24:09,0.9259322033898304,136.375,7.942856,1.582556069661074,1242071.0,4033197312.0
INTC,2025-12-02 20:24:09,0.7930508474576271,43.335,8.310424,1.1159755421073012,110900969.0,206707933184.0
JBHT,2025-12-02 20:24:09,0.794915254237288,186.0692,3.52707,1.250389845716924,1377468.0,18011365376.0
KB,2025-12-02 20:24:09,0.7976271186440678,90.275,4.9953456,0.8506097804470925,125209.0,33091102720.0
KBR,2025-12-02 20:24:09,0.8091525423728813,44.1,5.5781612,1.0443677977622292,1266707.0,5681915904.0
LOGI,2025-12-02 20:24:09,0.8149152542372882,117.36,3.9319894,1.2908698296730972,573779.0,17235216384.0
MCHP,2025-12-02 20:24:09,0.7574576271186441,57.065,6.8032904,0.7077191613377294,7724492.0,30840598528.0
MDB,2025-12-02 20:24:09,0.988135593220339,403.11,22.574266,4.3231635529088495,1810888.0,32939855872.0
MELI,2025-12-02 20:24:09,0.7467796610169491,2130.67,3.2026289,0.7836449542432087,519595.0,108019376128.0
MSTR,2025-12-02 20:24:09,0.9120338983050847,184.37,7.554543,1.830200169134508,14017246.0,52979404800.0
NXPI,2025-12-02 20:24:09,0.9247457627118644,215.6915,8.121455,1.3465614871879397,2560322.0,54378975232.0
ONDS,2025-12-02 20:24:09,0.7438983050847457,8.51,12.269134,1.0690318199488202,73982520.0,3170455808.0
PSTG,2025-12-02 20:24:09,0.9054237288135594,94.34,6.538671,2.089473204667142,2985296.0,31003574272.0
RGC,2025-12-02 20:24:09,0.863728813559322,13.051,9.2133875,1.7887682445321855,180328.0,6453574656.0
SAIA,2025-12-02 20:24:09,0.9293220338983053,314.88,7.412591,1.3314802841650568,504214.0,8389234688.0
SHOP,2025-12-02 20:24:09,0.7686440677966101,157.875,5.7576375,0.6846484103601244,8478933.0,205528449024.0
SITM,2025-12-02 20:24:09,0.7940677966101695,305.04,6.245002,0.6567828648166748,354452.0,7961736192.0
SNOW,2025-12-02 20:24:09,0.7713559322033898,259.97,3.1621969,1.183425609317446,4392620.0,88077836288.0
SPR,2025-12-02 20:24:09,0.818135593220339,37.5,4.6025147,2.244839547010314,1088325.0,4407120384.0
TDC,2025-12-02 20:24:09,0.7388135593220339,30.82,4.7586665,0.8966588869699432,1443501.0,2912489984.0
TER,2025-12-02 20:24:09,0.7398305084745762,191.23,6.457713,0.5772704379157354,3742615.0,30419632128.0
TMC,2025-12-02 20:24:09,0.8196610169491526,7.5499,20.1257,1.8211149394320605,9498507.0,4037952512.0
TSEM,2025-12-02 20:24:09,0.868135593220339,117.275,4.8408737,1.921711017690617,1405830.0,13149319168.0
UNFI,2025-12-02 20:24:09,0.7991525423728812,35.94,4.5983644,1.539645790027703,1052596.0,2189884160.0
UPWK,2025-12-02 20:24:09,0.7649152542372881,21.07,5.9859185,1.0054920983506928,3754849.0,2794020608.0
VERA,2025-12-02 20:24:09,0.9305084745762712,38.0701,15.363936,2.1939486924934006,1506914.0,2433747712.0
WF,2025-12-02 20:24:09,0.7838983050847457,59.483,5.1122136,0.8330707389003353,49506.0,14553951232.0
AMAT,2025-12-02 20:45:59,0.7557453416149069,266.57,4.639846,0.7320326822134439,8392822.0,212360986624.0
AMKR,2025-12-02 20:45:59,0.8636645962732918,40.83,8.187599,1.2458030351788267,3048453.0,10092908544.0
ARWR,2025-12-02 20:45:59,0.7486024844720496,58.305,3.6484692,0.9863815563386744,2342485.0,8061106688.0
ASAN,2025-12-02 20:45:59,0.7855590062111801,13.515,5.8339844,1.6727249376746998,3971100.0,3192877312.0
ATAT,2025-12-02 20:45:59,0.8728260869565216,42.725,5.676473,2.0026608369468897,1249231.0,5903994368.0
BA,2025-12-02 20:45:59,0.9501552795031056,205.09,9.991413,2.3782583505628807,8214087.0,155887976448.0
BE,2025-12-02 20:45:59,0.8343167701863354,106.17,7.3183036,0.91283411900196,15091180.0,25110345728.0
BELFB,2025-12-02 20:45:59,0.8144409937888197,162.07,4.716678,0.8967766101898984,149501.0,2051897600.0
BKNG,2025-12-02 20:45:59,0.8858695652173912,5143.28,5.1406274,1.1273786768404517,258442.0,166693109760.0
BLKB,2025-12-02 20:45:59,0.7984472049689441,60.26,5.0008693,0.9119091779346656,334280.0,2923154176.0
BMNR,2025-12-02 20:45:59,0.8066770186335404,32.0,10.573598,1.1166576067788785,45592912.0,12290169856.0
CAMT,2025-12-02 20:45:59,0.9032608695652176,112.105,6.3614817,1.2113812420270296,540890.0,5130626048.0
CLH,2025-12-02 20:45:59,0.9169254658385092,240.93,5.4213705,1.711387186216561,566593.0,12921703424.0
CRDO,2025-12-02 20:45:59,0.9571428571428572,189.135,10.521235,2.399748705434181,6293809.0,32719521792.0
CRWD,2025-12-02 20:45:59,0.8068322981366459,520.2986,3.2072241,1.1890155329839327,2567826.0,130571599872.0
CTRI,2025-12-02 20:45:59,0.8757763975155279,24.45,10.184769,1.502412851979393,2318211.0,2434715904.0
DASH,2025-12-02 20:45:59,0.9021739130434784,216.93,5.5190806,1.4754007702689358,4556850.0,93496508416.0
EL,2025-12-02 20:45:59,0.8277950310559006,99.73,5.300395,0.9904817288058642,3427198.0,35938729984.0
FMX,2025-12-02 20:45:59,0.8892857142857142,101.58,5.493822,1.380619732089103,531520.0,35099672576.0
GEV,2025-12-02 20:45:59,0.7881987577639752,606.71,5.166288,0.7222795501747394,2981869.0,165160992768.0
GNRC,2025-12-02 20:45:59,0.770807453416149,155.19,4.000805,0.8356879596088779,1138468.0,9107180544.0
GTLB,2025-12-02 20:45:59,0.8097826086956522,43.19,4.9574656,1.3378976298290406,4672279.0,7203055104.0
INSP,2025-12-02 20:45:59,0.8858695652173912,132.7,5.0340357,1.7075714673315776,1242071.0,3924511744.0
INTC,2025-12-02 20:45:59,0.8043478260869565,43.62,9.022746,1.177172103879453,110900969.0,208067395584.0
JBHT,2025-12-02 20:45:59,0.8145962732919255,185.75,3.349471,1.3326226090188664,1377468.0,17980467200.0
KB,2025-12-02 20:45:59,0.8190993788819875,90.37,5.105838,0.9013010246867238,125209.0,33125926912.0
KBR,2025-12-02 20:45:59,0.8054347826086956,43.81,4.88389,1.1327181423959922,1266707.0,5644552192.0
LOGI,2025-12-02 20:45:59,0.8399068322981366,117.37,3.9408472,1.3787834688965612,573779.0,17236684800.0
MCHP,2025-12-02 20:45:59,0.7860248447204968,57.21,7.0746746,0.8164328476228598,7724492.0,30918963200.0
MDB,2025-12-02 20:45:59,0.9903726708074534,401.915,22.210909,4.52411358405379,1810888.0,32842209280.0
MELI,2025-12-02 20:45:59,0.7593167701863354,2130.09,3.1745434,0.8438784052964328,519595.0,107989975040.0
MSTR,2025-12-02 20:45:59,0.9059006211180124,182.1502,6.259602,1.944767324480144,14017246.0,52341542912.0
NXPI,2025-12-02 20:45:59,0.936335403726708,217.18,8.867606,1.4810777706866558,2560322.0,54754246656.0
PI,2025-12-02 20:45:59,0.7600931677018633,170.5025,4.911702,0.7075221707946154,566060.0,5133682176.0
PSTG,2025-12-02 20:45:59,0.9305900621118012,95.05,7.3404856,2.386649096103033,2985296.0,31236907008.0
RGC,2025-12-02 20:45:59,0.8209627329192546,12.5987,5.42845,2.003687724590746,180328.0,6229917184.0
SAIA,2025-12-02 20:45:59,0.9397515527950312,314.55,7.3000154,1.4774798002435474,504214.0,8380442112.0
SHOP,2025-12-02 20:45:59,0.7653726708074534,156.85,5.0703335,0.7483961720183424,8478933.0,204194070528.0
SITM,2025-12-02 20:45:59,0.8161490683229813,306.08,6.6072245,0.7215109521176352,354452.0,7988880384.0
SNOW,2025-12-02 20:45:59,0.787111801242236,259.46,2.960314,1.2649753450104948,4392620.0,87905042432.0
SPR,2025-12-02 20:45:59,0.8315217391304347,37.499,4.599727,2.371865940780557,1088325.0,4407003136.0
SYNA,2025-12-02 20:45:59,0.7486024844720496,70.9111,5.3813367,0.7066596568563023,395636.0,2769093888.0
TDC,2025-12-02 20:45:59,0.756055900621118,30.802,4.6974845,0.9826906943604472,1443501.0,2910789120.0
TMC,2025-12-02 20:45:59,0.8229813664596273,7.525,19.729519,2.001735114792251,9498507.0,4024635136.0
TSEM,2025-12-02 20:45:59,0.8777950310559006,117.19,4.7648864,2.0376766749891524,1405830.0,13139788800.0
UAL,2025-12-02 20:45:59,0.7537267080745342,104.95,3.7875733,0.9004011581032958,6127260.0,33976299520.0
UNFI,2025-12-02 20:45:59,0.8585403726708074,36.3,5.646096,1.6262469171457996,1052596.0,2211819520.0
UPWK,2025-12-02 20:45:59,0.758695652173913,20.895,5.1056404,1.1352587014817372,3754849.0,2770814464.0
VERA,2025-12-02 20:45:59,0.9304347826086956,37.4,13.333338,2.388071250250512,1506914.0,2390909696.0
WF,2025-12-02 20:45:59,0.8110248447204969,59.6,5.318958,0.898355754857997,49506.0,14582577152.0
AMAT,2025-12-02 20:46:00,0.7557453416149069,266.57,4.639846,0.7320326822134439,8392822.0,212360986624.0
AMKR,2025-12-02 20:46:00,0.8636645962732918,40.83,8.187599,1.2458030351788267,3048453.0,10092908544.0
ARWR,2025-12-02 20:46:00,0.7486024844720496,58.305,3.6484692,0.9863815563386744,2342485.0,8061106688.0
ASAN,2025-12-02 20:46:00,0.7855590062111801,13.515,5.8339844,1.6727249376746998,3971100.0,3192877312.0
ATAT,2025-12-02 20:46:00,0.8728260869565216,42.725,5.676473,2.0026608369468897,1249231.0,5903994368.0
BA,2025-12-02 20:46:00,0.9501552795031056,205.09,9.991413,2.3782583505628807,8214087.0,155887976448.0
BE,2025-12-02 20:46:00,0.8343167701863354,106.17,7.3183036,0.91283411900196,15091180.0,25110345728.0
BELFB,2025-12-02 20:46:00,0.8144409937888197,162.07,4.716678,0.8967766101898984,149501.0,2051897600.0
BKNG,2025-12-02 20:46:00,0.8858695652173912,5143.28,5.1406274,1.1273786768404517,258442.0,166693109760.0
BLKB,2025-12-02 20:46:00,0.7984472049689441,60.26,5.0008693,0.9119091779346656,334280.0,2923154176.0
BMNR,2025-12-02 20:46:00,0.8066770186335404,32.0,10.573598,1.1166576067788785,45592912.0,12290169856.0
CAMT,2025-12-02 20:46:00,0.9032608695652176,112.105,6.3614817,1.2113812420270296,540890.0,5130626048.0
CLH,2025-12-02 20:46:00,0.9169254658385092,240.93,5.4213705,1.711387186216561,566593.0,12921703424.0
CRDO,2025-12-02 20:46:00,0.9571428571428572,189.135,10.521235,2.399748705434181,6293809.0,32719521792.0
CRWD,2025-12-02 20:46:00,0.8068322981366459,520.2986,3.2072241,1.1890155329839327,2567826.0,130571599872.0
CTRI,2025-12-02 20:46:00,0.8757763975155279,24.45,10.184769,1.502412851979393,2318211.0,2434715904.0
DASH,2025-12-02 20:46:00,0.9021739130434784,216.93,5.5190806,1.4754007702689358,4556850.0,93496508416.0
EL,2025-12-02 20:46:00,0.8277950310559006,99.73,5.300395,0.9904817288058642,3427198.0,35938729984.0
FMX,2025-12-02 20:46:00,0.8892857142857142,101.58,5.493822,1.380619732089103,531520.0,35099672576.0
GEV,2025-12-02 20:46:00,0.7881987577639752,606.71,5.166288,0.7222795501747394,2981869.0,165160992768.0
GNRC,2025-12-02 20:46:00,0.770807453416149,155.19,4.000805,0.8356879596088779,1138468.0,9107180544.0
GTLB,2025-12-02 20:46:00,0.8097826086956522,43.19,4.9574656,1.3378976298290406,4672279.0,7203055104.0
INSP,2025-12-02 20:46:00,0.8858695652173912,132.7,5.0340357,1.7075714673315776,1242071.0,3924511744.0
INTC,2025-12-02 20:46:00,0.8043478260869565,43.62,9.022746,1.177172103879453,110900969.0,208067395584.0
JBHT,2025-12-02 20:46:00,0.8145962732919255,185.75,3.349471,1.3326226090188664,1377468.0,17980467200.0
KB,2025-12-02 20:46:00,0.8190993788819875,90.37,5.105838,0.9013010246867238,125209.0,33125926912.0
KBR,2025-12-02 20:46:00,0.8054347826086956,43.81,4.88389,1.1327181423959922,1266707.0,5644552192.0
LOGI,2025-12-02 20:46:00,0.8399068322981366,117.37,3.9408472,1.3787834688965612,573779.0,17236684800.0
MCHP,2025-12-02 20:46:00,0.7860248447204968,57.21,7.0746746,0.8164328476228598,7724492.0,30918963200.0
MDB,2025-12-02 20:46:00,0.9903726708074534,401.915,22.210909,4.52411358405379,1810888.0,32842209280.0
MELI,2025-12-02 20:46:00,0.7593167701863354,2130.09,3.1745434,0.8438784052964328,519595.0,107989975040.0
MSTR,2025-12-02 20:46:00,0.9059006211180124,182.1502,6.259602,1.944767324480144,14017246.0,52341542912.0
NXPI,2025-12-02 20:46:00,0.936335403726708,217.18,8.867606,1.4810777706866558,2560322.0,54754246656.0
PI,2025-12-02 20:46:00,0.7600931677018633,170.5025,4.911702,0.7075221707946154,566060.0,5133682176.0
PSTG,2025-12-02 20:46:00,0.9305900621118012,95.05,7.3404856,2.386649096103033,2985296.0,31236907008.0
RGC,2025-12-02 20:46:00,0.8209627329192546,12.5987,5.42845,2.003687724590746,180328.0,6229917184.0
SAIA,2025-12-02 20:46:00,0.9397515527950312,314.55,7.3000154,1.4774798002435474,504214.0,8380442112.0
SHOP,2025-12-02 20:46:00,0.7653726708074534,156.85,5.0703335,0.7483961720183424,8478933.0,204194070528.0
SITM,2025-12-02 20:46:00,0.8161490683229813,306.08,6.6072245,0.7215109521176352,354452.0,7988880384.0
SNOW,2025-12-02 20:46:00,0.787111801242236,259.46,2.960314,1.2649753450104948,4392620.0,87905042432.0
SPR,2025-12-02 20:46:00,0.8315217391304347,37.499,4.599727,2.371865940780557,1088325.0,4407003136.0
SYNA,2025-12-02 20:46:00,0.7486024844720496,70.9111,5.3813367,0.7066596568563023,395636.0,2769093888.0
TDC,2025-12-02 20:46:00,0.756055900621118,30.802,4.6974845,0.9826906943604472,1443501.0,2910789120.0
TMC,2025-12-02 20:46:00,0.8229813664596273,7.525,19.729519,2.001735114792251,9498507.0,4024635136.0
TSEM,2025-12-02 20:46:00,0.8777950310559006,117.19,4.7648864,2.0376766749891524,1405830.0,13139788800.0
UAL,2025-12-02 20:46:00,0.7537267080745342,104.95,3.7875733,0.9004011581032958,6127260.0,33976299520.0
UNFI,2025-12-02 20:46:00,0.8585403726708074,36.3,5.646096,1.6262469171457996,1052596.0,2211819520.0
UPWK,2025-12-02 20:46:00,0.758695652173913,20.895,5.1056404,1.1352587014817372,3754849.0,2770814464.0
VERA,2025-12-02 20:46:00,0.9304347826086956,37.4,13.333338,2.388071250250512,1506914.0,2390909696.0
WF,2025-12-02 20:46:00,0.8110248447204969,59.6,5.318958,0.898355754857997,49506.0,14582577152.0
AMAT,2025-12-02 20:57:00,0.7561538461538461,265.37,4.168791,0.7950237715037922,8392822.0,211404996608.0
AMKR,2025-12-02 20:57:00,0.8618461538461539,40.62,7.631153,1.3471885576061038,3048453.0,10040996864.0
ASAN,2025-12-02 20:57:00,0.7772307692307693,13.435,5.2075176,1.8418881418246835,3971100.0,3173977600.0
ATAT,2025-12-02 20:57:00,0.8784615384615384,42.635,5.453866,2.162644859117329,1249231.0,5891557888.0
BA,2025-12-02 20:57:00,0.9547692307692308,205.535,10.230075,2.508455900211429,8214087.0,156226224128.0
BE,2025-12-02 20:57:00,0.8221538461538461,105.83,6.97463,0.9501632741773672,15091180.0,25029933056.0
BELFB,2025-12-02 20:57:00,0.8353846153846154,161.71,4.4840746,1.0330967685834878,149501.0,2047339776.0
BKNG,2025-12-02 20:57:00,0.8976923076923077,5142.055,5.1155934,1.2300748330379736,258442.0,166653427712.0
BLKB,2025-12-02 20:57:00,0.8056923076923077,60.13,4.774354,0.9914143831518488,334280.0,2916848128.0
BMNR,2025-12-02 20:57:00,0.8024615384615384,31.865,10.107116,1.1580242560510283,45592912.0,12238320640.0
CAMT,2025-12-02 20:57:00,0.8958461538461537,111.355,5.6547356,1.3601342232246851,540890.0,5096301568.0
CLH,2025-12-02 20:57:00,0.9106153846153846,239.6325,4.8536425,1.945149340002436,566593.0,12852116480.0
CRDO,2025-12-02 20:57:00,0.9556923076923076,188.75,10.296263,2.470061134680128,6293809.0,32652918784.0
CTRI,2025-12-02 20:57:00,0.8726153846153847,24.4,9.959436,1.6443270263146883,2318211.0,2429736960.0
DASH,2025-12-02 20:57:00,0.9223076923076924,217.795,5.940857,1.7326975871490171,4556850.0,93869326336.0
EL,2025-12-02 20:57:00,0.8470769230769231,99.77,5.3426223,1.102024452628649,3427198.0,35953139712.0
ENTG,2025-12-02 20:57:00,0.7763076923076924,80.175,5.0924134,0.8576788364740926,2462515.0,12154530816.0
FLY,2025-12-02 20:57:00,0.7483076923076922,17.905,6.513987,0.9220821330327712,2001582.0,2851391488.0
FMX,2025-12-02 20:57:00,0.8981538461538462,101.48,5.3899703,1.5565717188440698,531520.0,35065118720.0
FROG,2025-12-02 20:57:00,0.768,61.66,3.249579,1.1747059913100262,1274112.0,7295169024.0
GEV,2025-12-02 20:57:00,0.7732307692307692,602.54,4.444436,0.777983875213834,2981869.0,164025810944.0
GNRC,2025-12-02 20:57:00,0.8112307692307692,155.55,4.2420597,0.958960638331512,1138468.0,9128306688.0
GTLB,2025-12-02 20:57:00,0.8367692307692307,43.355,5.35844,1.4969630452291056,4672279.0,7230573568.0
INSP,2025-12-02 20:57:00,0.927846153846154,134.18,6.2054744,1.879026239240752,1242071.0,3968281600.0
INTC,2025-12-02 20:57:00,0.8043076923076923,43.455,8.610357,1.2298325815349729,110900969.0,207280357376.0
JBHT,2025-12-02 20:57:00,0.8449230769230769,186.16,3.577593,1.4442876349940617,1377468.0,18020153344.0
KB,2025-12-02 20:57:00,0.8309230769230769,90.34,5.0709386,0.9889145348976512,125209.0,33114927104.0
KBR,2025-12-02 20:57:00,0.8092307692307693,43.635,4.464922,1.2689161739849864,1266707.0,5622004224.0
LOGI,2025-12-02 20:57:00,0.8487692307692307,117.2,3.790293,1.4967365483923252,573779.0,17211717632.0
MCHP,2025-12-02 20:57:00,0.8075384615384615,56.815,6.3353887,0.9835703111609152,7724492.0,30705487872.0
MDB,2025-12-02 20:57:00,0.991076923076923,402.14,22.279325,4.775398036764283,1810888.0,32860594176.0
MSTR,2025-12-02 20:57:00,0.9098461538461536,181.918,6.12414,2.037815488149384,14017246.0,52274814976.0
NXPI,2025-12-02 20:57:00,0.9373846153846151,214.91,7.729709,1.6804456626939892,2560322.0,54181949440.0
OKTA,2025-12-02 20:57:00,0.767846153846154,82.2599,2.008809,2.8139305343705847,2277558.0,14501260288.0
PSTG,2025-12-02 20:57:00,0.9464615384615384,95.8864,8.285031,2.7819887877115037,2985296.0,31511777280.0
RGC,2025-12-02 20:57:00,0.808,12.5508,5.0276194,2.0238343463022934,180328.0,6206231552.0
SAIA,2025-12-02 20:57:00,0.944153846153846,314.795,7.383599,1.646921743545399,504214.0,8386970112.0
SHOP,2025-12-02 20:57:00,0.7770769230769231,157.02,5.184891,0.8068010444238679,8478933.0,204415385600.0
SITM,2025-12-02 20:57:00,0.8227692307692307,306.24,6.6629534,0.787965648381163,354452.0,7993056768.0
SNOW,2025-12-02 20:57:00,0.8215384615384616,260.03,3.1871397,1.3543705123593663,4392620.0,88098160640.0
SPR,2025-12-02 20:57:00,0.8610769230769231,37.64,4.993029,2.5445441389290884,1088325.0,4423574016.0
SYNA,2025-12-02 20:57:00,0.7881538461538462,70.83,5.2608128,0.8540653530012435,395636.0,2765926912.0
TDC,2025-12-02 20:57:00,0.7609230769230768,30.715,4.4017677,1.0809448694528094,1443501.0,2902567424.0
TER,2025-12-02 20:57:00,0.7496923076923077,190.23,5.9010134,0.6817260124271398,3742615.0,30260557824.0
TMC,2025-12-02 20:57:00,0.8243076923076923,7.495,19.252188,2.15004494916938,9498507.0,4008590080.0
TSEM,2025-12-02 20:57:00,0.8766153846153846,116.48,4.130165,2.253507180811336,1405830.0,13060180992.0
TXN,2025-12-02 20:57:00,0.7635384615384615,175.52,4.3767843,0.840875755486046,7972682.0,159571755008.0
UNFI,2025-12-02 20:57:00,0.8506153846153846,36.125,5.136785,1.7078869765798084,1052596.0,2201156608.0
VERA,2025-12-02 20:57:00,0.9330769230769232,37.16,12.606061,2.561970357963361,1506914.0,2375566848.0
WF,2025-12-02 20:57:00,0.7824615384615385,59.125,4.47959,0.931301256413364,49506.0,14466358272.0
AMAT,2025-12-02 20:57:01,0.7561538461538461,265.37,4.168791,0.7950237715037922,8392822.0,211404996608.0
AMKR,2025-12-02 20:57:01,0.8618461538461539,40.62,7.631153,1.3471885576061038,3048453.0,10040996864.0
ASAN,2025-12-02 20:57:01,0.7772307692307693,13.435,5.2075176,1.8418881418246835,3971100.0,3173977600.0
ATAT,2025-12-02 20:57:01,0.8784615384615384,42.635,5.453866,2.162644859117329,1249231.0,5891557888.0
BA,2025-12-02 20:57:01,0.9547692307692308,205.535,10.230075,2.508455900211429,8214087.0,156226224128.0
BE,2025-12-02 20:57:01,0.8221538461538461,105.83,6.97463,0.9501632741773672,15091180.0,25029933056.0
BELFB,2025-12-02 20:57:01,0.8353846153846154,161.71,4.4840746,1.0330967685834878,149501.0,2047339776.0
BKNG,2025-12-02 20:57:01,0.8976923076923077,5142.055,5.1155934,1.2300748330379736,258442.0,166653427712.0
BLKB,2025-12-02 20:57:01,0.8056923076923077,60.13,4.774354,0.9914143831518488,334280.0,2916848128.0
BMNR,2025-12-02 20:57:01,0.8024615384615384,31.865,10.107116,1.1580242560510283,45592912.0,12238320640.0
CAMT,2025-12-02 20:57:01,0.8958461538461537,111.355,5.6547356,1.3601342232246851,540890.0,5096301568.0
CLH,2025-12-02 20:57:01,0.9106153846153846,239.6325,4.8536425,1.945149340002436,566593.0,12852116480.0
CRDO,2025-12-02 20:57:01,0.9556923076923076,188.75,10.296263,2.470061134680128,6293809.0,32652918784.0
CTRI,2025-12-02 20:57:01,0.8726153846153847,24.4,9.959436,1.6443270263146883,2318211.0,2429736960.0
DASH,2025-12-02 20:57:01,0.9223076923076924,217.795,5.940857,1.7326975871490171,4556850.0,93869326336.0
EL,2025-12-02 20:57:01,0.8470769230769231,99.77,5.3426223,1.102024452628649,3427198.0,35953139712.0
ENTG,2025-12-02 20:57:01,0.7763076923076924,80.175,5.0924134,0.8576788364740926,2462515.0,12154530816.0
FLY,2025-12-02 20:57:01,0.7483076923076922,17.905,6.513987,0.9220821330327712,2001582.0,2851391488.0
FMX,2025-12-02 20:57:01,0.8981538461538462,101.48,5.3899703,1.5565717188440698,531520.0,35065118720.0
FROG,2025-12-02 20:57:01,0.768,61.66,3.249579,1.1747059913100262,1274112.0,7295169024.0
GEV,2025-12-02 20:57:01,0.7732307692307692,602.54,4.444436,0.777983875213834,2981869.0,164025810944.0
GNRC,2025-12-02 20:57:01,0.8112307692307692,155.55,4.2420597,0.958960638331512,1138468.0,9128306688.0
GTLB,2025-12-02 20:57:01,0.8367692307692307,43.355,5.35844,1.4969630452291056,4672279.0,7230573568.0
INSP,2025-12-02 20:57:01,0.927846153846154,134.18,6.2054744,1.879026239240752,1242071.0,3968281600.0
INTC,2025-12-02 20:57:01,0.8043076923076923,43.455,8.610357,1.2298325815349729,110900969.0,207280357376.0
JBHT,2025-12-02 20:57:01,0.8449230769230769,186.16,3.577593,1.4442876349940617,1377468.0,18020153344.0
KB,2025-12-02 20:57:01,0.8309230769230769,90.34,5.0709386,0.9889145348976512,125209.0,33114927104.0
KBR,2025-12-02 20:57:01,0.8092307692307693,43.635,4.464922,1.2689161739849864,1266707.0,5622004224.0
LOGI,2025-12-02 20:57:01,0.8487692307692307,117.2,3.790293,1.4967365483923252,573779.0,17211717632.0
MCHP,2025-12-02 20:57:01,0.8075384615384615,56.815,6.3353887,0.9835703111609152,7724492.0,30705487872.0
MDB,2025-12-02 20:57:01,0.991076923076923,402.14,22.279325,4.775398036764283,1810888.0,32860594176.0
MSTR,2025-12-02 20:57:01,0.9098461538461536,181.918,6.12414,2.037815488149384,14017246.0,52274814976.0
NXPI,2025-12-02 20:57:01,0.9373846153846151,214.91,7.729709,1.6804456626939892,2560322.0,54181949440.0
OKTA,2025-12-02 20:57:01,0.767846153846154,82.2599,2.008809,2.8139305343705847,2277558.0,14501260288.0
PSTG,2025-12-02 20:57:01,0.9464615384615384,95.8864,8.285031,2.7819887877115037,2985296.0,31511777280.0
RGC,2025-12-02 20:57:01,0.808,12.5508,5.0276194,2.0238343463022934,180328.0,6206231552.0
SAIA,2025-12-02 20:57:01,0.944153846153846,314.795,7.383599,1.646921743545399,504214.0,8386970112.0
SHOP,2025-12-02 20:57:01,0.7770769230769231,157.02,5.184891,0.8068010444238679,8478933.0,204415385600.0
SITM,2025-12-02 20:57:01,0.8227692307692307,306.24,6.6629534,0.787965648381163,354452.0,7993056768.0
SNOW,2025-12-02 20:57:01,0.8215384615384616,260.03,3.1871397,1.3543705123593663,4392620.0,88098160640.0
SPR,2025-12-02 20:57:01,0.8610769230769231,37.64,4.993029,2.5445441389290884,1088325.0,4423574016.0
SYNA,2025-12-02 20:57:01,0.7881538461538462,70.83,5.2608128,0.8540653530012435,395636.0,2765926912.0
TDC,2025-12-02 20:57:01,0.7609230769230768,30.715,4.4017677,1.0809448694528094,1443501.0,2902567424.0
TER,2025-12-02 20:57:01,0.7496923076923077,190.23,5.9010134,0.6817260124271398,3742615.0,30260557824.0
TMC,2025-12-02 20:57:01,0.8243076923076923,7.495,19.252188,2.15004494916938,9498507.0,4008590080.0
TSEM,2025-12-02 20:57:01,0.8766153846153846,116.48,4.130165,2.253507180811336,1405830.0,13060180992.0
TXN,2025-12-02 20:57:01,0.7635384615384615,175.52,4.3767843,0.840875755486046,7972682.0,159571755008.0
UNFI,2025-12-02 20:57:01,0.8506153846153846,36.125,5.136785,1.7078869765798084,1052596.0,2201156608.0
VERA,2025-12-02 20:57:01,0.9330769230769232,37.16,12.606061,2.561970357963361,1506914.0,2375566848.0
WF,2025-12-02 20:57:01,0.7824615384615385,59.125,4.47959,0.931301256413364,49506.0,14466358272.0
AMAT,2025-12-02 21:21:07,0.8034375,265.33,4.1530857,1.088428183035456,8392822.0,211373129728.0
AMKR,2025-12-02 21:21:07,0.87390625,40.65,7.7106514,1.650735635419014,3048453.0,10048413696.0
ASAN,2025-12-02 21:21:07,0.7628125,13.39,4.85513,1.9966560902520711,3971100.0,3163346432.0
ATAT,2025-12-02 21:21:07,0.8884375,42.69,5.5899043,2.6053019817791907,1249231.0,5899158016.0
BA,2025-12-02 21:21:07,0.95703125,205.38,10.1469,2.744243030296611,8214087.0,156108423168.0
BE,2025-12-02 21:21:07,0.78453125,105.0,6.13565,0.9822144457888649,15091180.0,24833628160.0
BELFB,2025-12-02 21:21:07,0.8400000000000001,161.55,4.380693,1.247429783078374,149501.0,2045314048.0
BKNG,2025-12-02 21:21:07,0.9070312499999998,5135.07,4.9727964,1.6307140480262496,258442.0,166427033600.0
BLKB,2025-12-02 21:21:07,0.8378125,60.33,5.122848,1.274425631207371,334280.0,2926550016.0
BMNR,2025-12-02 21:21:07,0.78078125,31.6,9.19143,1.1915505199580143,45592912.0,12136543232.0
CAMT,2025-12-02 21:21:07,0.9040625,110.9,5.2182164,2.017254894710569,540890.0,5075478016.0
CLH,2025-12-02 21:21:07,0.9065625,239.55,4.81754,2.0515431712004912,566593.0,12847691776.0
CRDO,2025-12-02 21:21:07,0.9546874999999998,188.44,10.115115,2.66423162825564,6293809.0,32599291904.0
CTRI,2025-12-02 21:21:07,0.87765625,24.46,10.2298,1.7442402783870838,2318211.0,2435711744.0
DASH,2025-12-02 21:21:07,0.9253125,216.98,5.5452833,2.2162803252246617,4556850.0,93518061568.0
EL,2025-12-02 21:21:07,0.8353124999999999,99.64,5.20536,1.1938472769883737,3427198.0,35906293760.0
ENTG,2025-12-02 21:21:07,0.7934375,79.82,4.627079,1.1177958306852953,2462515.0,12100712448.0
FMX,2025-12-02 21:21:07,0.9021875,101.75,5.67037,1.685050421432872,531520.0,35158413312.0
FROG,2025-12-02 21:21:07,0.7651562500000001,61.63,3.1982582,1.3244212439722725,1274112.0,7291619840.0
GNRC,2025-12-02 21:21:07,0.7996874999999999,155.31,4.08122,1.0841033740078772,1138468.0,9114221568.0
GPN,2025-12-02 21:21:07,0.7481249999999999,78.69,3.21354,1.1468777911450962,2245942.0,19090753536.0
GTLB,2025-12-02 21:21:07,0.845,43.37,5.3948903,1.8587933212036356,4672279.0,7233074688.0
INSP,2025-12-02 21:21:07,0.9240625,133.93,6.0076,2.025130608475683,1242071.0,3960887808.0
INTC,2025-12-02 21:21:07,0.8048437500000001,43.47,8.647845,1.4000323026934056,110900969.0,207351906304.0
JBHT,2025-12-02 21:21:07,0.8462500000000001,185.73,3.338341,1.8885142885351964,1377468.0,17978529792.0
KB,2025-12-02 21:21:07,0.80734375,90.21,4.91974,1.051737494908513,125209.0,33067276288.0
KBR,2025-12-02 21:21:07,0.8229687499999999,43.68,4.57266,1.602075302339057,1266707.0,5627802624.0
LOGI,2025-12-02 21:21:07,0.8392187500000001,117.07,3.6751695,1.6392862060131166,573779.0,17192626176.0
LSCC,2025-12-02 21:21:07,0.7767187500000001,71.41,4.0810423,1.1187578852743914,2167014.0,9775713280.0
MCHP,2025-12-02 21:21:07,0.84828125,56.71,6.1388707,1.4810601137265726,7724492.0,30648739840.0
MDB,2025-12-02 21:21:07,0.99125,401.99,22.233707,5.0662244158666905,1810888.0,32848334848.0
MSTR,2025-12-02 21:21:07,0.9103125,181.33,5.7811246,2.2120380850846164,14017246.0,52105850880.0
NTAP,2025-12-02 21:21:07,0.80015625,115.83,3.170932,1.5038631195572498,2083161.0,23121797120.0
NXPI,2025-12-02 21:21:07,0.950625,215.35,7.950273,2.4048096294138004,2560322.0,54292877312.0
OKTA,2025-12-02 21:21:07,0.7559374999999999,81.87,1.5253018,3.652379434464457,2277558.0,14432526336.0
PSTG,2025-12-02 21:21:07,0.940625,94.72,6.9678125,3.1994703372797875,2985296.0,31128457216.0
SAIA,2025-12-02 21:21:07,0.944375,314.5,7.2829633,1.918092317944365,504214.0,8379110400.0
SHOP,2025-12-02 21:21:07,0.77546875,156.83,5.057612,0.9312928879140808,8478933.0,204168036352.0
SITM,2025-12-02 21:21:07,0.86703125,307.9,7.241131,1.053778790922325,354452.0,8036383744.0
SNOW,2025-12-02 21:21:07,0.8062499999999999,259.68,3.04762,1.4131636699737289,4392620.0,87979581440.0
SPR,2025-12-02 21:21:07,0.85421875,37.54,4.71409,2.62082098637815,1088325.0,4411821568.0
SYNA,2025-12-02 21:21:07,0.85,70.91,5.3797035,1.2699577389317454,395636.0,2769050880.0
TDC,2025-12-02 21:21:07,0.7623437499999999,30.71,4.38477,1.191907037127096,1443501.0,2902094848.0
TER,2025-12-02 21:21:07,0.8085937499999999,189.94,5.739574,0.9332640413187036,3742615.0,30214428672.0
TMC,2025-12-02 21:21:07,0.82359375,7.4,17.740656,2.3196490774813348,9498507.0,3957780736.0
TSEM,2025-12-02 21:21:07,0.88234375,116.46,4.112282,2.666020784874416,1405830.0,13057937408.0
TXN,2025-12-02 21:21:07,0.79609375,175.26,4.222164,1.1087689186650114,7972682.0,159335366656.0
UNFI,2025-12-02 21:21:07,0.8285937499999999,35.95,4.62747,1.8125444140011933,1052596.0,2190493440.0
VERA,2025-12-02 21:21:07,0.93859375,37.25,12.878788,2.830036750604215,1506914.0,2381320448.0
WF,2025-12-02 21:21:07,0.77203125,59.38,4.9302,0.9694582474851532,49506.0,14528749568.0
AMAT,2025-12-02 21:21:08,0.8034375,265.33,4.1530857,1.088428183035456,8392822.0,211373129728.0
AMKR,2025-12-02 21:21:08,0.87390625,40.65,7.7106514,1.650735635419014,3048453.0,10048413696.0
ASAN,2025-12-02 21:21:08,0.7628125,13.39,4.85513,1.9966560902520711,3971100.0,3163346432.0
ATAT,2025-12-02 21:21:08,0.8884375,42.69,5.5899043,2.6053019817791907,1249231.0,5899158016.0
BA,2025-12-02 21:21:08,0.95703125,205.38,10.1469,2.744243030296611,8214087.0,156108423168.0
BE,2025-12-02 21:21:08,0.78453125,105.0,6.13565,0.9822144457888649,15091180.0,24833628160.0
BELFB,2025-12-02 21:21:08,0.8400000000000001,161.55,4.380693,1.247429783078374,149501.0,2045314048.0
BKNG,2025-12-02 21:21:08,0.9070312499999998,5135.07,4.9727964,1.6307140480262496,258442.0,166427033600.0
BLKB,2025-12-02 21:21:08,0.8378125,60.33,5.122848,1.274425631207371,334280.0,2926550016.0
BMNR,2025-12-02 21:21:08,0.78078125,31.6,9.19143,1.1915505199580143,45592912.0,12136543232.0
CAMT,2025-12-02 21:21:08,0.9040625,110.9,5.2182164,2.017254894710569,540890.0,5075478016.0
CLH,2025-12-02 21:21:08,0.9065625,239.55,4.81754,2.0515431712004912,566593.0,12847691776.0
CRDO,2025-12-02 21:21:08,0.9546874999999998,188.44,10.115115,2.66423162825564,6293809.0,32599291904.0
CTRI,2025-12-02 21:21:08,0.87765625,24.46,10.2298,1.7442402783870838,2318211.0,2435711744.0
DASH,2025-12-02 21:21:08,0.9253125,216.98,5.5452833,2.2162803252246617,4556850.0,93518061568.0
EL,2025-12-02 21:21:08,0.8353124999999999,99.64,5.20536,1.1938472769883737,3427198.0,35906293760.0
ENTG,2025-12-02 21:21:08,0.7934375,79.82,4.627079,1.1177958306852953,2462515.0,12100712448.0
FMX,2025-12-02 21:21:08,0.9021875,101.75,5.67037,1.685050421432872,531520.0,35158413312.0
FROG,2025-12-02 21:21:08,0.7651562500000001,61.63,3.1982582,1.3244212439722725,1274112.0,7291619840.0
GNRC,2025-12-02 21:21:08,0.7996874999999999,155.31,4.08122,1.0841033740078772,1138468.0,9114221568.0
GPN,2025-12-02 21:21:08,0.7481249999999999,78.69,3.21354,1.1468777911450962,2245942.0,19090753536.0
GTLB,2025-12-02 21:21:08,0.845,43.37,5.3948903,1.8587933212036356,4672279.0,7233074688.0
INSP,2025-12-02 21:21:08,0.9240625,133.93,6.0076,2.025130608475683,1242071.0,3960887808.0
INTC,2025-12-02 21:21:08,0.8048437500000001,43.47,8.647845,1.4000323026934056,110900969.0,207351906304.0
JBHT,2025-12-02 21:21:08,0.8462500000000001,185.73,3.338341,1.8885142885351964,1377468.0,17978529792.0
KB,2025-12-02 21:21:08,0.80734375,90.21,4.91974,1.051737494908513,125209.0,33067276288.0
KBR,2025-12-02 21:21:08,0.8229687499999999,43.68,4.57266,1.602075302339057,1266707.0,5627802624.0
LOGI,2025-12-02 21:21:08,0.8392187500000001,117.07,3.6751695,1.6392862060131166,573779.0,17192626176.0
LSCC,2025-12-02 21:21:08,0.7767187500000001,71.41,4.0810423,1.1187578852743914,2167014.0,9775713280.0
MCHP,2025-12-02 21:21:08,0.84828125,56.71,6.1388707,1.4810601137265726,7724492.0,30648739840.0
MDB,2025-12-02 21:21:08,0.99125,401.99,22.233707,5.0662244158666905,1810888.0,32848334848.0
MSTR,2025-12-02 21:21:08,0.9103125,181.33,5.7811246,2.2120380850846164,14017246.0,52105850880.0
NTAP,2025-12-02 21:21:08,0.80015625,115.83,3.170932,1.5038631195572498,2083161.0,23121797120.0
NXPI,2025-12-02 21:21:08,0.950625,215.35,7.950273,2.4048096294138004,2560322.0,54292877312.0
OKTA,2025-12-02 21:21:08,0.7559374999999999,81.87,1.5253018,3.652379434464457,2277558.0,14432526336.0
PSTG,2025-12-02 21:21:08,0.940625,94.72,6.9678125,3.1994703372797875,2985296.0,31128457216.0
SAIA,2025-12-02 21:21:08,0.944375,314.5,7.2829633,1.918092317944365,504214.0,8379110400.0
SHOP,2025-12-02 21:21:08,0.77546875,156.83,5.057612,0.9312928879140808,8478933.0,204168036352.0
SITM,2025-12-02 21:21:08,0.86703125,307.9,7.241131,1.053778790922325,354452.0,8036383744.0
SNOW,2025-12-02 21:21:08,0.8062499999999999,259.68,3.04762,1.4131636699737289,4392620.0,87979581440.0
SPR,2025-12-02 21:21:08,0.85421875,37.54,4.71409,2.62082098637815,1088325.0,4411821568.0
SYNA,2025-12-02 21:21:08,0.85,70.91,5.3797035,1.2699577389317454,395636.0,2769050880.0
TDC,2025-12-02 21:21:08,0.7623437499999999,30.71,4.38477,1.191907037127096,1443501.0,2902094848.0
TER,2025-12-02 21:21:08,0.8085937499999999,189.94,5.739574,0.9332640413187036,3742615.0,30214428672.0
TMC,2025-12-02 21:21:08,0.82359375,7.4,17.740656,2.3196490774813348,9498507.0,3957780736.0
TSEM,2025-12-02 21:21:08,0.88234375,116.46,4.112282,2.666020784874416,1405830.0,13057937408.0
TXN,2025-12-02 21:21:08,0.79609375,175.26,4.222164,1.1087689186650114,7972682.0,159335366656.0
UNFI,2025-12-02 21:21:08,0.8285937499999999,35.95,4.62747,1.8125444140011933,1052596.0,2190493440.0
VERA,2025-12-02 21:21:08,0.93859375,37.25,12.878788,2.830036750604215,1506914.0,2381320448.0
WF,2025-12-02 21:21:08,0.77203125,59.38,4.9302,0.9694582474851532,49506.0,14528749568.0
AMAT,2025-12-02 21:39:01,0.8043478260869564,265.33,4.1530857,1.088428183035456,8392822.0,211373129728.0
AMKR,2025-12-02 21:39:01,0.8751552795031057,40.65,7.7106514,1.650735635419014,3048453.0,10048413696.0
ASAN,2025-12-02 21:39:01,0.7639751552795031,13.39,4.85513,1.9966560902520711,3971100.0,3163346432.0
ATAT,2025-12-02 21:39:01,0.8888198757763974,42.69,5.5899043,2.6053019817791907,1249231.0,5899158016.0
BA,2025-12-02 21:39:01,0.9559006211180124,205.38,10.1469,2.744243030296611,8214087.0,156108423168.0
BE,2025-12-02 21:39:01,0.784472049689441,105.0,6.13565,0.9822144457888649,15091180.0,24833628160.0
BELFB,2025-12-02 21:39:01,0.8420807453416148,161.55,4.380693,1.247429783078374,149501.0,2045314048.0
BKNG,2025-12-02 21:39:01,0.908695652173913,5135.07,4.9727964,1.6307140480262496,258442.0,166427033600.0
BLKB,2025-12-02 21:39:01,0.8389751552795032,60.33,5.122848,1.274425631207371,334280.0,2926550016.0
BMNR,2025-12-02 21:39:01,0.7913043478260869,31.91,10.2626,1.1915505199580143,45592912.0,12255603712.0
CAMT,2025-12-02 21:39:01,0.9043478260869564,110.9,5.2182164,2.017254894710569,540890.0,5075478016.0
CLH,2025-12-02 21:39:01,0.9071428571428573,239.55,4.81754,2.0515431712004912,566593.0,12847691776.0
CRDO,2025-12-02 21:39:01,0.9535714285714284,188.44,10.115115,2.66423162825564,6293809.0,32599291904.0
CTRI,2025-12-02 21:39:01,0.8781055900621119,24.46,10.2298,1.7442402783870838,2318211.0,2435711744.0
DASH,2025-12-02 21:39:01,0.9254658385093169,216.98,5.5452833,2.2162803252246617,4556850.0,93518061568.0
EL,2025-12-02 21:39:01,0.836024844720497,99.64,5.20536,1.1938472769883737,3427198.0,35906293760.0
ENTG,2025-12-02 21:39:01,0.7944099378881988,79.82,4.627079,1.1177958306852953,2462515.0,12100712448.0
FMX,2025-12-02 21:39:01,0.9035714285714286,101.75,5.67037,1.685050421432872,531520.0,35158413312.0
FROG,2025-12-02 21:39:01,0.7663043478260869,61.63,3.1982582,1.3244212439722725,1274112.0,7291619840.0
GNRC,2025-12-02 21:39:01,0.8006211180124223,155.31,4.08122,1.0841033740078772,1138468.0,9114221568.0
GPN,2025-12-02 21:39:01,0.7482919254658387,78.69,3.21354,1.1468777911450962,2245942.0,19090753536.0
GTLB,2025-12-02 21:39:01,0.8467391304347824,43.37,5.3948903,1.8587933212036356,4672279.0,7233074688.0
INSP,2025-12-02 21:39:01,0.924223602484472,133.93,6.0076,2.025130608475683,1242071.0,3960887808.0
INTC,2025-12-02 21:39:01,0.8054347826086957,43.47,8.647845,1.4000323026934056,110900969.0,207351906304.0
JBHT,2025-12-02 21:39:01,0.8468944099378882,185.73,3.338341,1.8885142885351964,1377468.0,17978529792.0
KB,2025-12-02 21:39:01,0.8074534161490683,90.21,4.91974,1.051737494908513,125209.0,33067276288.0
KBR,2025-12-02 21:39:01,0.8237577639751552,43.68,4.57266,1.602075302339057,1266707.0,5627802624.0
LOGI,2025-12-02 21:39:01,0.8409937888198757,117.07,3.6751695,1.6392862060131166,573779.0,17192626176.0
LSCC,2025-12-02 21:39:01,0.7771739130434783,71.41,4.0810423,1.1187578852743914,2167014.0,9775713280.0
MCHP,2025-12-02 21:39:01,0.8489130434782609,56.71,6.1388707,1.4810601137265726,7724492.0,30648739840.0
MDB,2025-12-02 21:39:01,0.990993788819876,401.99,22.233707,5.0662244158666905,1810888.0,32848334848.0
MSTR,2025-12-02 21:39:01,0.9108695652173912,181.33,5.7811246,2.2120380850846164,14017246.0,52105850880.0
NTAP,2025-12-02 21:39:01,0.7999999999999999,115.83,3.170932,1.5038631195572498,2083161.0,23121797120.0
NXPI,2025-12-02 21:39:01,0.9506211180124224,215.35,7.950273,2.4048096294138004,2560322.0,54292877312.0
OKTA,2025-12-02 21:39:01,0.7549689440993789,81.87,1.5253018,3.652379434464457,2277558.0,14432526336.0
PSTG,2025-12-02 21:39:01,0.9374223602484472,94.72,6.96781,2.980568761020683,2985296.0,31128457216.0
SAIA,2025-12-02 21:39:01,0.9447204968944098,314.5,7.2829633,1.918092317944365,504214.0,8379110400.0
SHOP,2025-12-02 21:39:01,0.7746894409937888,156.83,5.057612,0.9312928879140808,8478933.0,204168036352.0
SITM,2025-12-02 21:39:01,0.8667701863354036,307.9,7.241131,1.053778790922325,354452.0,8036383744.0
SNOW,2025-12-02 21:39:01,0.8049689440993788,259.68,3.04762,1.4131636699737289,4392620.0,87979581440.0
SPR,2025-12-02 21:39:01,0.8548136645962733,37.54,4.71409,2.62082098637815,1088325.0,4411821568.0
SYNA,2025-12-02 21:39:01,0.8517080745341614,70.91,5.3797035,1.2699577389317454,395636.0,2769050880.0
TDC,2025-12-02 21:39:01,0.7635093167701863,30.71,4.38477,1.191907037127096,1443501.0,2902094848.0
TER,2025-12-02 21:39:01,0.8072981366459628,189.94,5.739574,0.9332640413187036,3742615.0,30214428672.0
TMC,2025-12-02 21:39:01,0.8246894409937888,7.4,17.740656,2.3196490774813348,9498507.0,3957780736.0
TSEM,2025-12-02 21:39:01,0.8827639751552795,116.46,4.112282,2.666020784874416,1405830.0,13057937408.0
TXN,2025-12-02 21:39:01,0.7970496894409937,175.26,4.222164,1.1087689186650114,7972682.0,159335366656.0
UNFI,2025-12-02 21:39:01,0.8304347826086956,35.95,4.62747,1.8125444140011933,1052596.0,2190493440.0
VERA,2025-12-02 21:39:01,0.9386645962732918,37.25,12.878788,2.830036750604215,1506914.0,2381320448.0
WF,2025-12-02 21:39:01,0.7717391304347826,59.38,4.9302,0.9694582474851532,49506.0,14528749568.0
AMAT,2025-12-02 21:39:02,0.8043478260869564,265.33,4.1530857,1.088428183035456,8392822.0,211373129728.0
AMKR,2025-12-02 21:39:02,0.8751552795031057,40.65,7.7106514,1.650735635419014,3048453.0,10048413696.0
ASAN,2025-12-02 21:39:02,0.7639751552795031,13.39,4.85513,1.9966560902520711,3971100.0,3163346432.0
ATAT,2025-12-02 21:39:02,0.8888198757763974,42.69,5.5899043,2.6053019817791907,1249231.0,5899158016.0
BA,2025-12-02 21:39:02,0.9559006211180124,205.38,10.1469,2.744243030296611,8214087.0,156108423168.0
BE,2025-12-02 21:39:02,0.784472049689441,105.0,6.13565,0.9822144457888649,15091180.0,24833628160.0
BELFB,2025-12-02 21:39:02,0.8420807453416148,161.55,4.380693,1.247429783078374,149501.0,2045314048.0
BKNG,2025-12-02 21:39:02,0.908695652173913,5135.07,4.9727964,1.6307140480262496,258442.0,166427033600.0
BLKB,2025-12-02 21:39:02,0.8389751552795032,60.33,5.122848,1.274425631207371,334280.0,2926550016.0
BMNR,2025-12-02 21:39:02,0.7913043478260869,31.91,10.2626,1.1915505199580143,45592912.0,12255603712.0
CAMT,2025-12-02 21:39:02,0.9043478260869564,110.9,5.2182164,2.017254894710569,540890.0,5075478016.0
CLH,2025-12-02 21:39:02,0.9071428571428573,239.55,4.81754,2.0515431712004912,566593.0,12847691776.0
CRDO,2025-12-02 21:39:02,0.9535714285714284,188.44,10.115115,2.66423162825564,6293809.0,32599291904.0
CTRI,2025-12-02 21:39:02,0.8781055900621119,24.46,10.2298,1.7442402783870838,2318211.0,2435711744.0
DASH,2025-12-02 21:39:02,0.9254658385093169,216.98,5.5452833,2.2162803252246617,4556850.0,93518061568.0
EL,2025-12-02 21:39:02,0.836024844720497,99.64,5.20536,1.1938472769883737,3427198.0,35906293760.0
ENTG,2025-12-02 21:39:02,0.7944099378881988,79.82,4.627079,1.1177958306852953,2462515.0,12100712448.0
FMX,2025-12-02 21:39:02,0.9035714285714286,101.75,5.67037,1.685050421432872,531520.0,35158413312.0
FROG,2025-12-02 21:39:02,0.7663043478260869,61.63,3.1982582,1.3244212439722725,1274112.0,7291619840.0
GNRC,2025-12-02 21:39:02,0.8006211180124223,155.31,4.08122,1.0841033740078772,1138468.0,9114221568.0
GPN,2025-12-02 21:39:02,0.7482919254658387,78.69,3.21354,1.1468777911450962,2245942.0,19090753536.0
GTLB,2025-12-02 21:39:02,0.8467391304347824,43.37,5.3948903,1.8587933212036356,4672279.0,7233074688.0
INSP,2025-12-02 21:39:02,0.924223602484472,133.93,6.0076,2.025130608475683,1242071.0,3960887808.0
INTC,2025-12-02 21:39:02,0.8054347826086957,43.47,8.647845,1.4000323026934056,110900969.0,207351906304.0
JBHT,2025-12-02 21:39:02,0.8468944099378882,185.73,3.338341,1.8885142885351964,1377468.0,17978529792.0
KB,2025-12-02 21:39:02,0.8074534161490683,90.21,4.91974,1.051737494908513,125209.0,33067276288.0
KBR,2025-12-02 21:39:02,0.8237577639751552,43.68,4.57266,1.602075302339057,1266707.0,5627802624.0
LOGI,2025-12-02 21:39:02,0.8409937888198757,117.07,3.6751695,1.6392862060131166,573779.0,17192626176.0
LSCC,2025-12-02 21:39:02,0.7771739130434783,71.41,4.0810423,1.1187578852743914,2167014.0,9775713280.0
MCHP,2025-12-02 21:39:02,0.8489130434782609,56.71,6.1388707,1.4810601137265726,7724492.0,30648739840.0
MDB,2025-12-02 21:39:02,0.990993788819876,401.99,22.233707,5.0662244158666905,1810888.0,32848334848.0
MSTR,2025-12-02 21:39:02,0.9108695652173912,181.33,5.7811246,2.2120380850846164,14017246.0,52105850880.0
NTAP,2025-12-02 21:39:02,0.7999999999999999,115.83,3.170932,1.5038631195572498,2083161.0,23121797120.0
NXPI,2025-12-02 21:39:02,0.9506211180124224,215.35,7.950273,2.4048096294138004,2560322.0,54292877312.0
OKTA,2025-12-02 21:39:02,0.7549689440993789,81.87,1.5253018,3.652379434464457,2277558.0,14432526336.0
PSTG,2025-12-02 21:39:02,0.9374223602484472,94.72,6.96781,2.980568761020683,2985296.0,31128457216.0
SAIA,2025-12-02 21:39:02,0.9447204968944098,314.5,7.2829633,1.918092317944365,504214.0,8379110400.0
SHOP,2025-12-02 21:39:02,0.7746894409937888,156.83,5.057612,0.9312928879140808,8478933.0,204168036352.0
SITM,2025-12-02 21:39:02,0.8667701863354036,307.9,7.241131,1.053778790922325,354452.0,8036383744.0
SNOW,2025-12-02 21:39:02,0.8049689440993788,259.68,3.04762,1.4131636699737289,4392620.0,87979581440.0
SPR,2025-12-02 21:39:02,0.8548136645962733,37.54,4.71409,2.62082098637815,1088325.0,4411821568.0
SYNA,2025-12-02 21:39:02,0.8517080745341614,70.91,5.3797035,1.2699577389317454,395636.0,2769050880.0
TDC,2025-12-02 21:39:02,0.7635093167701863,30.71,4.38477,1.191907037127096,1443501.0,2902094848.0
TER,2025-12-02 21:39:02,0.8072981366459628,189.94,5.739574,0.9332640413187036,3742615.0,30214428672.0
TMC,2025-12-02 21:39:02,0.8246894409937888,7.4,17.740656,2.3196490774813348,9498507.0,3957780736.0
TSEM,2025-12-02 21:39:02,0.8827639751552795,116.46,4.112282,2.666020784874416,1405830.0,13057937408.0
TXN,2025-12-02 21:39:02,0.7970496894409937,175.26,4.222164,1.1087689186650114,7972682.0,159335366656.0
UNFI,2025-12-02 21:39:02,0.8304347826086956,35.95,4.62747,1.8125444140011933,1052596.0,2190493440.0
VERA,2025-12-02 21:39:02,0.9386645962732918,37.25,12.878788,2.830036750604215,1506914.0,2381320448.0
WF,2025-12-02 21:39:02,0.7717391304347826,59.38,4.9302,0.9694582474851532,49506.0,14528749568.0
AMAT,2025-12-02 21:50:38,0.8043478260869564,265.33,4.1530857,1.088428183035456,8392822.0,211373129728.0
AMKR,2025-12-02 21:50:38,0.8751552795031057,40.65,7.7106514,1.650735635419014,3048453.0,10048413696.0
ASAN,2025-12-02 21:50:38,0.7639751552795031,13.39,4.85513,1.9966560902520711,3971100.0,3163346432.0
ATAT,2025-12-02 21:50:38,0.8888198757763974,42.69,5.5899043,2.6053019817791907,1249231.0,5899158016.0
BA,2025-12-02 21:50:38,0.9559006211180124,205.38,10.1469,2.744243030296611,8214087.0,156108423168.0
BE,2025-12-02 21:50:38,0.784472049689441,105.0,6.13565,0.9822144457888649,15091180.0,24833628160.0
BELFB,2025-12-02 21:50:38,0.8420807453416148,161.55,4.380693,1.247429783078374,149501.0,2045314048.0
BKNG,2025-12-02 21:50:38,0.908695652173913,5135.07,4.9727964,1.6307140480262496,258442.0,166427033600.0
BLKB,2025-12-02 21:50:38,0.8389751552795032,60.33,5.122848,1.274425631207371,334280.0,2926550016.0
BMNR,2025-12-02 21:50:38,0.7913043478260869,31.91,10.2626,1.1915505199580143,45592912.0,12255603712.0
CAMT,2025-12-02 21:50:38,0.9043478260869564,110.9,5.2182164,2.017254894710569,540890.0,5075478016.0
CLH,2025-12-02 21:50:38,0.9071428571428573,239.55,4.81754,2.0515431712004912,566593.0,12847691776.0
CRDO,2025-12-02 21:50:38,0.9535714285714284,188.44,10.115115,2.66423162825564,6293809.0,32599291904.0
CTRI,2025-12-02 21:50:38,0.8781055900621119,24.46,10.2298,1.7442402783870838,2318211.0,2435711744.0
DASH,2025-12-02 21:50:38,0.9254658385093169,216.98,5.5452833,2.2162803252246617,4556850.0,93518061568.0
EL,2025-12-02 21:50:38,0.836024844720497,99.64,5.20536,1.1938472769883737,3427198.0,35906293760.0
ENTG,2025-12-02 21:50:38,0.7944099378881988,79.82,4.627079,1.1177958306852953,2462515.0,12100712448.0
FMX,2025-12-02 21:50:38,0.9035714285714286,101.75,5.67037,1.685050421432872,531520.0,35158413312.0
FROG,2025-12-02 21:50:38,0.7663043478260869,61.63,3.1982582,1.3244212439722725,1274112.0,7291619840.0
GNRC,2025-12-02 21:50:38,0.8006211180124223,155.31,4.08122,1.0841033740078772,1138468.0,9114221568.0
GPN,2025-12-02 21:50:38,0.7482919254658387,78.69,3.21354,1.1468777911450962,2245942.0,19090753536.0
GTLB,2025-12-02 21:50:38,0.8467391304347824,43.37,5.3948903,1.8587933212036356,4672279.0,7233074688.0
INSP,2025-12-02 21:50:38,0.924223602484472,133.93,6.0076,2.025130608475683,1242071.0,3960887808.0
INTC,2025-12-02 21:50:38,0.8054347826086957,43.47,8.647845,1.4000323026934056,110900969.0,207351906304.0
JBHT,2025-12-02 21:50:38,0.8468944099378882,185.73,3.338341,1.8885142885351964,1377468.0,17978529792.0
KB,2025-12-02 21:50:38,0.8074534161490683,90.21,4.91974,1.051737494908513,125209.0,33067276288.0
KBR,2025-12-02 21:50:38,0.8237577639751552,43.68,4.57266,1.602075302339057,1266707.0,5627802624.0
LOGI,2025-12-02 21:50:38,0.8409937888198757,117.07,3.6751695,1.6392862060131166,573779.0,17192626176.0
LSCC,2025-12-02 21:50:38,0.7771739130434783,71.41,4.0810423,1.1187578852743914,2167014.0,9775713280.0
MCHP,2025-12-02 21:50:38,0.8489130434782609,56.71,6.1388707,1.4810601137265726,7724492.0,30648739840.0
MDB,2025-12-02 21:50:38,0.990993788819876,401.99,22.233707,5.0662244158666905,1810888.0,32848334848.0
MSTR,2025-12-02 21:50:38,0.9108695652173912,181.33,5.7811246,2.2120380850846164,14017246.0,52105850880.0
NTAP,2025-12-02 21:50:38,0.7999999999999999,115.83,3.170932,1.5038631195572498,2083161.0,23121797120.0
NXPI,2025-12-02 21:50:38,0.9506211180124224,215.35,7.950273,2.4048096294138004,2560322.0,54292877312.0
OKTA,2025-12-02 21:50:38,0.7549689440993789,81.87,1.5253018,3.652379434464457,2277558.0,14432526336.0
PSTG,2025-12-02 21:50:38,0.9374223602484472,94.72,6.96781,2.980568761020683,2985296.0,31128457216.0
SAIA,2025-12-02 21:50:38,0.9447204968944098,314.5,7.2829633,1.918092317944365,504214.0,8379110400.0
SHOP,2025-12-02 21:50:38,0.7746894409937888,156.83,5.057612,0.9312928879140808,8478933.0,204168036352.0
SITM,2025-12-02 21:50:38,0.8667701863354036,307.9,7.241131,1.053778790922325,354452.0,8036383744.0
SNOW,2025-12-02 21:50:38,0.8049689440993788,259.68,3.04762,1.4131636699737289,4392620.0,87979581440.0
SPR,2025-12-02 21:50:38,0.8548136645962733,37.54,4.71409,2.62082098637815,1088325.0,4411821568.0
SYNA,2025-12-02 21:50:38,0.8517080745341614,70.91,5.3797035,1.2699577389317454,395636.0,2769050880.0
TDC,2025-12-02 21:50:38,0.7635093167701863,30.71,4.38477,1.191907037127096,1443501.0,2902094848.0
TER,2025-12-02 21:50:38,0.8072981366459628,189.94,5.739574,0.9332640413187036,3742615.0,30214428672.0
TMC,2025-12-02 21:50:38,0.8246894409937888,7.4,17.740656,2.3196490774813348,9498507.0,3957780736.0
TSEM,2025-12-02 21:50:38,0.8827639751552795,116.46,4.112282,2.666020784874416,1405830.0,13057937408.0
TXN,2025-12-02 21:50:38,0.7970496894409937,175.26,4.222164,1.1087689186650114,7972682.0,159335366656.0
UNFI,2025-12-02 21:50:38,0.8304347826086956,35.95,4.62747,1.8125444140011933,1052596.0,2190493440.0
VERA,2025-12-02 21:50:38,0.9386645962732918,37.25,12.878788,2.830036750604215,1506914.0,2381320448.0
WF,2025-12-02 21:50:38,0.7717391304347826,59.38,4.9302,0.9694582474851532,49506.0,14528749568.0
AMAT,2025-12-02 21:50:39,0.8043478260869564,265.33,4.1530857,1.088428183035456,8392822.0,211373129728.0
AMKR,2025-12-02 21:50:39,0.8751552795031057,40.65,7.7106514,1.650735635419014,3048453.0,10048413696.0
ASAN,2025-12-02 21:50:39,0.7639751552795031,13.39,4.85513,1.9966560902520711,3971100.0,3163346432.0
ATAT,2025-12-02 21:50:39,0.8888198757763974,42.69,5.5899043,2.6053019817791907,1249231.0,5899158016.0
BA,2025-12-02 21:50:39,0.9559006211180124,205.38,10.1469,2.744243030296611,8214087.0,156108423168.0
BE,2025-12-02 21:50:39,0.784472049689441,105.0,6.13565,0.9822144457888649,15091180.0,24833628160.0
BELFB,2025-12-02 21:50:39,0.8420807453416148,161.55,4.380693,1.247429783078374,149501.0,2045314048.0
BKNG,2025-12-02 21:50:39,0.908695652173913,5135.07,4.9727964,1.6307140480262496,258442.0,166427033600.0
BLKB,2025-12-02 21:50:39,0.8389751552795032,60.33,5.122848,1.274425631207371,334280.0,2926550016.0
BMNR,2025-12-02 21:50:39,0.7913043478260869,31.91,10.2626,1.1915505199580143,45592912.0,12255603712.0
CAMT,2025-12-02 21:50:39,0.9043478260869564,110.9,5.2182164,2.017254894710569,540890.0,5075478016.0
CLH,2025-12-02 21:50:39,0.9071428571428573,239.55,4.81754,2.0515431712004912,566593.0,12847691776.0
CRDO,2025-12-02 21:50:39,0.9535714285714284,188.44,10.115115,2.66423162825564,6293809.0,32599291904.0
CTRI,2025-12-02 21:50:39,0.8781055900621119,24.46,10.2298,1.7442402783870838,2318211.0,2435711744.0
DASH,2025-12-02 21:50:39,0.9254658385093169,216.98,5.5452833,2.2162803252246617,4556850.0,93518061568.0
EL,2025-12-02 21:50:39,0.836024844720497,99.64,5.20536,1.1938472769883737,3427198.0,35906293760.0
ENTG,2025-12-02 21:50:39,0.7944099378881988,79.82,4.627079,1.1177958306852953,2462515.0,12100712448.0
FMX,2025-12-02 21:50:39,0.9035714285714286,101.75,5.67037,1.685050421432872,531520.0,35158413312.0
FROG,2025-12-02 21:50:39,0.7663043478260869,61.63,3.1982582,1.3244212439722725,1274112.0,7291619840.0
GNRC,2025-12-02 21:50:39,0.8006211180124223,155.31,4.08122,1.0841033740078772,1138468.0,9114221568.0
GPN,2025-12-02 21:50:39,0.7482919254658387,78.69,3.21354,1.1468777911450962,2245942.0,19090753536.0
GTLB,2025-12-02 21:50:39,0.8467391304347824,43.37,5.3948903,1.8587933212036356,4672279.0,7233074688.0
INSP,2025-12-02 21:50:39,0.924223602484472,133.93,6.0076,2.025130608475683,1242071.0,3960887808.0
INTC,2025-12-02 21:50:39,0.8054347826086957,43.47,8.647845,1.4000323026934056,110900969.0,207351906304.0
JBHT,2025-12-02 21:50:39,0.8468944099378882,185.73,3.338341,1.8885142885351964,1377468.0,17978529792.0
KB,2025-12-02 21:50:39,0.8074534161490683,90.21,4.91974,1.051737494908513,125209.0,33067276288.0
KBR,2025-12-02 21:50:39,0.8237577639751552,43.68,4.57266,1.602075302339057,1266707.0,5627802624.0
LOGI,2025-12-02 21:50:39,0.8409937888198757,117.07,3.6751695,1.6392862060131166,573779.0,17192626176.0
LSCC,2025-12-02 21:50:39,0.7771739130434783,71.41,4.0810423,1.1187578852743914,2167014.0,9775713280.0
MCHP,2025-12-02 21:50:39,0.8489130434782609,56.71,6.1388707,1.4810601137265726,7724492.0,30648739840.0
MDB,2025-12-02 21:50:39,0.990993788819876,401.99,22.233707,5.0662244158666905,1810888.0,32848334848.0
MSTR,2025-12-02 21:50:39,0.9108695652173912,181.33,5.7811246,2.2120380850846164,14017246.0,52105850880.0
NTAP,2025-12-02 21:50:39,0.7999999999999999,115.83,3.170932,1.5038631195572498,2083161.0,23121797120.0
NXPI,2025-12-02 21:50:39,0.9506211180124224,215.35,7.950273,2.4048096294138004,2560322.0,54292877312.0
OKTA,2025-12-02 21:50:39,0.7549689440993789,81.87,1.5253018,3.652379434464457,2277558.0,14432526336.0
PSTG,2025-12-02 21:50:39,0.9374223602484472,94.72,6.96781,2.980568761020683,2985296.0,31128457216.0
SAIA,2025-12-02 21:50:39,0.9447204968944098,314.5,7.2829633,1.918092317944365,504214.0,8379110400.0
SHOP,2025-12-02 21:50:39,0.7746894409937888,156.83,5.057612,0.9312928879140808,8478933.0,204168036352.0
SITM,2025-12-02 21:50:39,0.8667701863354036,307.9,7.241131,1.053778790922325,354452.0,8036383744.0
SNOW,2025-12-02 21:50:39,0.8049689440993788,259.68,3.04762,1.4131636699737289,4392620.0,87979581440.0
SPR,2025-12-02 21:50:39,0.8548136645962733,37.54,4.71409,2.62082098637815,1088325.0,4411821568.0
SYNA,2025-12-02 21:50:39,0.8517080745341614,70.91,5.3797035,1.2699577389317454,395636.0,2769050880.0
TDC,2025-12-02 21:50:39,0.7635093167701863,30.71,4.38477,1.191907037127096,1443501.0,2902094848.0
TER,2025-12-02 21:50:39,0.8072981366459628,189.94,5.739574,0.9332640413187036,3742615.0,30214428672.0
TMC,2025-12-02 21:50:39,0.8246894409937888,7.4,17.740656,2.3196490774813348,9498507.0,3957780736.0
TSEM,2025-12-02 21:50:39,0.8827639751552795,116.46,4.112282,2.666020784874416,1405830.0,13057937408.0
TXN,2025-12-02 21:50:39,0.7970496894409937,175.26,4.222164,1.1087689186650114,7972682.0,159335366656.0
UNFI,2025-12-02 21:50:39,0.8304347826086956,35.95,4.62747,1.8125444140011933,1052596.0,2190493440.0
VERA,2025-12-02 21:50:39,0.9386645962732918,37.25,12.878788,2.830036750604215,1506914.0,2381320448.0
WF,2025-12-02 21:50:39,0.7717391304347826,59.38,4.9302,0.9694582474851532,49506.0,14528749568.0
AMAT,2025-12-02 22:17:39,0.7926791277258567,265.33,4.1530857,1.088809818676007,8392822.0,211373129728.0
AMKR,2025-12-02 22:17:39,0.8742990654205607,40.65,7.7106514,1.6741763773297471,3048453.0,10048413696.0
ASAN,2025-12-02 22:17:39,0.771651090342679,13.39,4.85513,2.296205837173579,3971100.0,3163346432.0
ATAT,2025-12-02 22:17:39,0.8890965732087226,42.69,5.5899043,2.6053019817791907,1249231.0,5899158016.0
BA,2025-12-02 22:17:39,0.956386292834891,205.38,10.1469,2.7471953973703958,8214087.0,156108423168.0
BE,2025-12-02 22:17:39,0.7880062305295948,105.0,6.13565,1.0348519466337291,15091180.0,24833628160.0
BELFB,2025-12-02 22:17:39,0.8334890965732087,161.55,4.380693,1.247429783078374,149501.0,2045314048.0
BKNG,2025-12-02 22:17:39,0.9105919003115264,5135.07,4.9727964,1.6733503068386717,258442.0,166427033600.0
BLKB,2025-12-02 22:17:39,0.8303738317757008,60.33,5.122848,1.274425631207371,334280.0,2926550016.0
BMNR,2025-12-02 22:17:39,0.8068535825545171,31.91,10.2626,1.3163514539277508,45592912.0,12255603712.0
CAMT,2025-12-02 22:17:39,0.903582554517134,110.9,5.2182164,2.017254894710569,540890.0,5075478016.0
CLH,2025-12-02 22:17:39,0.9063862928348908,239.55,4.81754,2.0515431712004912,566593.0,12847691776.0
CRDO,2025-12-02 22:17:39,0.9537383177570092,188.44,10.115115,2.66423162825564,6293809.0,32599291904.0
CTRI,2025-12-02 22:17:39,0.8775700934579439,24.46,10.2298,1.7442402783870838,2318211.0,2435711744.0
DASH,2025-12-02 22:17:39,0.92398753894081,216.98,5.5452833,2.2162803252246617,4556850.0,93518061568.0
EL,2025-12-02 22:17:39,0.8571651090342678,99.64,5.20536,1.4001604225959516,3427198.0,35906293760.0
ENTG,2025-12-02 22:17:39,0.7848909657320872,79.82,4.627079,1.1177958306852953,2462515.0,12100712448.0
FMX,2025-12-02 22:17:39,0.902803738317757,101.75,5.67037,1.685050421432872,531520.0,35158413312.0
FROG,2025-12-02 22:17:39,0.7638629283489096,61.63,3.1982582,1.3244212439722725,1274112.0,7291619840.0
GEV,2025-12-02 22:17:39,0.7783489096573208,601.58,4.27804,0.9679788079221456,2981869.0,163764486144.0
GNRC,2025-12-02 22:17:39,0.7886292834890966,155.31,4.08122,1.0841033740078772,1138468.0,9114221568.0
GTLB,2025-12-02 22:17:39,0.8518691588785046,43.37,5.3948903,1.9977392189122267,4672279.0,7233074688.0
INSP,2025-12-02 22:17:39,0.9235202492211838,133.93,6.0076,2.025130608475683,1242071.0,3960887808.0
INTC,2025-12-02 22:17:39,0.8046728971962618,43.47,8.647845,1.4270443119392402,110900969.0,207351906304.0
JBHT,2025-12-02 22:17:39,0.8459501557632398,185.73,3.338341,1.8885142885351964,1377468.0,17978529792.0
KB,2025-12-02 22:17:39,0.794392523364486,90.21,4.91974,1.051737494908513,125209.0,33067276288.0
KBR,2025-12-02 22:17:39,0.8222741433021806,43.68,4.57266,1.60207688123615,1266707.0,5627802624.0
LOGI,2025-12-02 22:17:39,0.8378504672897197,117.07,3.6751695,1.6392862060131166,573779.0,17192626176.0
LSCC,2025-12-02 22:17:39,0.7795950155763239,71.41,4.0810423,1.182073119970614,2167014.0,9775713280.0
MCHP,2025-12-02 22:17:39,0.850778816199377,56.71,6.1388707,1.5455193687817916,7724492.0,30648739840.0
MDB,2025-12-02 22:17:39,0.9909657320872274,401.99,22.233707,5.227017352812543,1810888.0,32848334848.0
MSTR,2025-12-02 22:17:39,0.911214953271028,181.33,5.7811246,2.2195496176638407,14017246.0,52105850880.0
NTAP,2025-12-02 22:17:39,0.7970404984423675,115.83,3.170932,1.5038631195572498,2083161.0,23121797120.0
NXPI,2025-12-02 22:17:39,0.950467289719626,215.35,7.950273,2.405093968649256,2560322.0,54292877312.0
OKTA,2025-12-02 22:17:39,0.7562305295950156,81.87,1.5253018,3.652379434464457,2277558.0,14432526336.0
PI,2025-12-02 22:17:39,0.8503115264797508,168.05,3.4026575,1.778602974949652,566060.0,5059839488.0
PSTG,2025-12-02 22:17:39,0.9381619937694704,94.72,6.96781,2.980568761020683,2985296.0,31128457216.0
SAIA,2025-12-02 22:17:39,0.9434579439252336,314.5,7.2829633,1.918092317944365,504214.0,8379110400.0
SHOP,2025-12-02 22:17:39,0.7626168224299065,156.83,5.057612,0.9362681601564724,8478933.0,204168036352.0
SITM,2025-12-02 22:17:39,0.857632398753894,307.9,7.241131,1.0792773069414194,354452.0,8036383744.0
SNOW,2025-12-02 22:17:39,0.806386292834891,259.68,3.04762,1.501458127495663,4392620.0,87979581440.0
SPR,2025-12-02 22:17:39,0.855607476635514,37.54,4.71409,2.62082098637815,1088325.0,4411821568.0
SYNA,2025-12-02 22:17:39,0.8431464174454829,70.91,5.3797035,1.2699577389317454,395636.0,2769050880.0
TER,2025-12-02 22:17:39,0.7912772585669782,189.94,5.739574,0.9332640413187036,3742615.0,30214428672.0
TMC,2025-12-02 22:17:39,0.8250778816199377,7.4,17.740656,2.3196490774813348,9498507.0,3957780736.0
TSEM,2025-12-02 22:17:39,0.8830218068535826,116.46,4.112282,2.666020784874416,1405830.0,13057937408.0
TXN,2025-12-02 22:17:39,0.7875389408099688,175.26,4.222164,1.1087689186650114,7972682.0,159335366656.0
UNFI,2025-12-02 22:17:39,0.8311526479750779,35.95,4.62747,1.8125444140011933,1052596.0,2190493440.0
VERA,2025-12-02 22:17:39,0.9397196261682244,37.25,12.878788,2.857539315448659,1506914.0,2381320448.0
WF,2025-12-02 22:17:39,0.7596573208722742,59.38,4.9302,0.9694582474851532,49506.0,14528749568.0
AMAT,2025-12-02 22:41:33,0.7909090909090909,265.33,4.1530857,1.088809818676007,8392822.0,211373129728.0
AMKR,2025-12-02 22:41:33,0.8741379310344827,40.65,7.7106514,1.6741763773297471,3048453.0,10048413696.0
ASAN,2025-12-02 22:41:33,0.7717868338557994,13.39,4.85513,2.296205837173579,3971100.0,3163346432.0
ATAT,2025-12-02 22:41:33,0.8887147335423198,42.69,5.5899043,2.6053019817791907,1249231.0,5899158016.0
BA,2025-12-02 22:41:33,0.9567398119122256,205.38,10.1469,2.7471953973703958,8214087.0,156108423168.0
BE,2025-12-02 22:41:33,0.7884012539184952,105.0,6.13565,1.0348519466337291,15091180.0,24833628160.0
BELFB,2025-12-02 22:41:33,0.8313479623824452,161.55,4.380693,1.247429783078374,149501.0,2045314048.0
BKNG,2025-12-02 22:41:33,0.9100313479623824,5135.07,4.9727964,1.6733503068386717,258442.0,166427033600.0
BLKB,2025-12-02 22:41:33,0.8285266457680251,60.33,5.122848,1.274425631207371,334280.0,2926550016.0
BMNR,2025-12-02 22:41:33,0.8062695924764891,31.91,10.2626,1.3163514539277508,45592912.0,12255603712.0
CAMT,2025-12-02 22:41:33,0.9032915360501568,110.9,5.2182164,2.017254894710569,540890.0,5075478016.0
CLH,2025-12-02 22:41:33,0.9057993730407524,239.55,4.81754,2.0515431712004912,566593.0,12847691776.0
CRDO,2025-12-02 22:41:33,0.9540752351097178,188.44,10.115115,2.66423162825564,6293809.0,32599291904.0
CTRI,2025-12-02 22:41:33,0.8774294670846395,24.46,10.2298,1.7442402783870838,2318211.0,2435711744.0
DASH,2025-12-02 22:41:33,0.9238244514106582,216.98,5.5452833,2.2162803252246617,4556850.0,93518061568.0
EL,2025-12-02 22:41:33,0.8568965517241379,99.64,5.20536,1.4001604225959516,3427198.0,35906293760.0
ENTG,2025-12-02 22:41:33,0.7830721003134795,79.82,4.627079,1.1177958306852953,2462515.0,12100712448.0
FMX,2025-12-02 22:41:33,0.9025078369905956,101.75,5.67037,1.685050421432872,531520.0,35158413312.0
FROG,2025-12-02 22:41:33,0.7637931034482758,61.63,3.1982582,1.3244212439722725,1274112.0,7291619840.0
GEV,2025-12-02 22:41:33,0.7783699059561129,601.58,4.27804,0.9679788079221456,2981869.0,163764486144.0
GNRC,2025-12-02 22:41:33,0.7865203761755486,155.31,4.08122,1.0841033740078772,1138468.0,9114221568.0
GTLB,2025-12-02 22:41:33,0.8515673981191222,43.37,5.3948903,1.9977392189122267,4672279.0,7233074688.0
INSP,2025-12-02 22:41:33,0.9233542319749216,133.93,6.0076,2.025130608475683,1242071.0,3960887808.0
INTC,2025-12-02 22:41:33,0.8040752351097178,43.47,8.647845,1.4270443119392402,110900969.0,207351906304.0
JBHT,2025-12-02 22:41:33,0.8452978056426331,185.73,3.338341,1.8885142885351964,1377468.0,17978529792.0
KB,2025-12-02 22:41:33,0.793103448275862,90.21,4.91974,1.051737494908513,125209.0,33067276288.0
KBR,2025-12-02 22:41:33,0.8214733542319749,43.68,4.57266,1.60207688123615,1266707.0,5627802624.0
LOGI,2025-12-02 22:41:33,0.8371473354231974,117.07,3.6751695,1.6392862060131166,573779.0,17192626176.0
LSCC,2025-12-02 22:41:33,0.7774294670846396,71.41,4.0810423,1.182073119970614,2167014.0,9775713280.0
MCHP,2025-12-02 22:41:33,0.8504702194357366,56.71,6.1388707,1.5455193687817916,7724492.0,30648739840.0
MDB,2025-12-02 22:41:33,0.9912225705329152,401.99,22.233707,5.227017352812543,1810888.0,32848334848.0
MSTR,2025-12-02 22:41:33,0.9112852664576804,181.33,5.7811246,2.2195496176638407,14017246.0,52105850880.0
NTAP,2025-12-02 22:41:33,0.7971786833855801,115.83,3.170932,1.5038631195572498,2083161.0,23121797120.0
NXPI,2025-12-02 22:41:33,0.9504702194357366,215.35,7.950273,2.405093968649256,2560322.0,54292877312.0
OKTA,2025-12-02 22:41:33,0.7578369905956113,81.87,1.5253018,3.652379434464457,2277558.0,14432526336.0
PI,2025-12-02 22:41:33,0.8496865203761755,168.05,3.4026575,1.778602974949652,566060.0,5059839488.0
PSTG,2025-12-02 22:41:33,0.9384012539184952,94.72,6.96781,2.980568761020683,2985296.0,31128457216.0
SAIA,2025-12-02 22:41:33,0.943103448275862,314.5,7.2829633,1.918092317944365,504214.0,8379110400.0
SHOP,2025-12-02 22:41:33,0.7628526645768025,156.83,5.057612,0.9362681601564724,8478933.0,204168036352.0
SITM,2025-12-02 22:41:33,0.8556426332288402,307.9,7.241131,1.0792773069414194,354452.0,8036383744.0
SNOW,2025-12-02 22:41:33,0.8076802507836991,259.68,3.04762,1.501458127495663,4392620.0,87979581440.0
SPR,2025-12-02 22:41:33,0.8550156739811913,37.54,4.71409,2.62082098637815,1088325.0,4411821568.0
SYNA,2025-12-02 22:41:33,0.8413793103448277,70.91,5.3797035,1.2699577389317454,395636.0,2769050880.0
TER,2025-12-02 22:41:33,0.7913793103448277,189.94,5.739574,0.9332640413187036,3742615.0,30214428672.0
TMC,2025-12-02 22:41:33,0.8246081504702194,7.4,17.740656,2.3196490774813348,9498507.0,3957780736.0
TSEM,2025-12-02 22:41:33,0.8826018808777429,116.46,4.112282,2.666020784874416,1405830.0,13057937408.0
TXN,2025-12-02 22:41:33,0.7857366771159875,175.26,4.222164,1.1087689186650114,7972682.0,159335366656.0
UNFI,2025-12-02 22:41:33,0.8304075235109718,35.95,4.62747,1.8125444140011933,1052596.0,2190493440.0
VERA,2025-12-02 22:41:33,0.9399686520376176,37.25,12.878788,2.857539315448659,1506914.0,2381320448.0
WF,2025-12-02 22:41:33,0.7592476489028213,59.38,4.9302,0.9694582474851532,49506.0,14528749568.0
AMAT,2025-12-02 22:41:34,0.7909090909090909,265.33,4.1530857,1.088809818676007,8392822.0,211373129728.0
AMKR,2025-12-02 22:41:34,0.8741379310344827,40.65,7.7106514,1.6741763773297471,3048453.0,10048413696.0
ASAN,2025-12-02 22:41:34,0.7717868338557994,13.39,4.85513,2.296205837173579,3971100.0,3163346432.0
ATAT,2025-12-02 22:41:34,0.8887147335423198,42.69,5.5899043,2.6053019817791907,1249231.0,5899158016.0
BA,2025-12-02 22:41:34,0.9567398119122256,205.38,10.1469,2.7471953973703958,8214087.0,156108423168.0
BE,2025-12-02 22:41:34,0.7884012539184952,105.0,6.13565,1.0348519466337291,15091180.0,24833628160.0
BELFB,2025-12-02 22:41:34,0.8313479623824452,161.55,4.380693,1.247429783078374,149501.0,2045314048.0
BKNG,2025-12-02 22:41:34,0.9100313479623824,5135.07,4.9727964,1.6733503068386717,258442.0,166427033600.0
BLKB,2025-12-02 22:41:34,0.8285266457680251,60.33,5.122848,1.274425631207371,334280.0,2926550016.0
BMNR,2025-12-02 22:41:34,0.8062695924764891,31.91,10.2626,1.3163514539277508,45592912.0,12255603712.0
CAMT,2025-12-02 22:41:34,0.9032915360501568,110.9,5.2182164,2.017254894710569,540890.0,5075478016.0
CLH,2025-12-02 22:41:34,0.9057993730407524,239.55,4.81754,2.0515431712004912,566593.0,12847691776.0
CRDO,2025-12-02 22:41:34,0.9540752351097178,188.44,10.115115,2.66423162825564,6293809.0,32599291904.0
CTRI,2025-12-02 22:41:34,0.8774294670846395,24.46,10.2298,1.7442402783870838,2318211.0,2435711744.0
DASH,2025-12-02 22:41:34,0.9238244514106582,216.98,5.5452833,2.2162803252246617,4556850.0,93518061568.0
EL,2025-12-02 22:41:34,0.8568965517241379,99.64,5.20536,1.4001604225959516,3427198.0,35906293760.0
ENTG,2025-12-02 22:41:34,0.7830721003134795,79.82,4.627079,1.1177958306852953,2462515.0,12100712448.0
FMX,2025-12-02 22:41:34,0.9025078369905956,101.75,5.67037,1.685050421432872,531520.0,35158413312.0
FROG,2025-12-02 22:41:34,0.7637931034482758,61.63,3.1982582,1.3244212439722725,1274112.0,7291619840.0
GEV,2025-12-02 22:41:34,0.7783699059561129,601.58,4.27804,0.9679788079221456,2981869.0,163764486144.0
GNRC,2025-12-02 22:41:34,0.7865203761755486,155.31,4.08122,1.0841033740078772,1138468.0,9114221568.0
GTLB,2025-12-02 22:41:34,0.8515673981191222,43.37,5.3948903,1.9977392189122267,4672279.0,7233074688.0
INSP,2025-12-02 22:41:34,0.9233542319749216,133.93,6.0076,2.025130608475683,1242071.0,3960887808.0
INTC,2025-12-02 22:41:34,0.8040752351097178,43.47,8.647845,1.4270443119392402,110900969.0,207351906304.0
JBHT,2025-12-02 22:41:34,0.8452978056426331,185.73,3.338341,1.8885142885351964,1377468.0,17978529792.0
KB,2025-12-02 22:41:34,0.793103448275862,90.21,4.91974,1.051737494908513,125209.0,33067276288.0
KBR,2025-12-02 22:41:34,0.8214733542319749,43.68,4.57266,1.60207688123615,1266707.0,5627802624.0
LOGI,2025-12-02 22:41:34,0.8371473354231974,117.07,3.6751695,1.6392862060131166,573779.0,17192626176.0
LSCC,2025-12-02 22:41:34,0.7774294670846396,71.41,4.0810423,1.182073119970614,2167014.0,9775713280.0
MCHP,2025-12-02 22:41:34,0.8504702194357366,56.71,6.1388707,1.5455193687817916,7724492.0,30648739840.0
MDB,2025-12-02 22:41:34,0.9912225705329152,401.99,22.233707,5.227017352812543,1810888.0,32848334848.0
MSTR,2025-12-02 22:41:34,0.9112852664576804,181.33,5.7811246,2.2195496176638407,14017246.0,52105850880.0
NTAP,2025-12-02 22:41:34,0.7971786833855801,115.83,3.170932,1.5038631195572498,2083161.0,23121797120.0
NXPI,2025-12-02 22:41:34,0.9504702194357366,215.35,7.950273,2.405093968649256,2560322.0,54292877312.0
OKTA,2025-12-02 22:41:34,0.7578369905956113,81.87,1.5253018,3.652379434464457,2277558.0,14432526336.0
PI,2025-12-02 22:41:34,0.8496865203761755,168.05,3.4026575,1.778602974949652,566060.0,5059839488.0
PSTG,2025-12-02 22:41:34,0.9384012539184952,94.72,6.96781,2.980568761020683,2985296.0,31128457216.0
SAIA,2025-12-02 22:41:34,0.943103448275862,314.5,7.2829633,1.918092317944365,504214.0,8379110400.0
SHOP,2025-12-02 22:41:34,0.7628526645768025,156.83,5.057612,0.9362681601564724,8478933.0,204168036352.0
SITM,2025-12-02 22:41:34,0.8556426332288402,307.9,7.241131,1.0792773069414194,354452.0,8036383744.0
SNOW,2025-12-02 22:41:34,0.8076802507836991,259.68,3.04762,1.501458127495663,4392620.0,87979581440.0
SPR,2025-12-02 22:41:34,0.8550156739811913,37.54,4.71409,2.62082098637815,1088325.0,4411821568.0
SYNA,2025-12-02 22:41:34,0.8413793103448277,70.91,5.3797035,1.2699577389317454,395636.0,2769050880.0
TER,2025-12-02 22:41:34,0.7913793103448277,189.94,5.739574,0.9332640413187036,3742615.0,30214428672.0
TMC,2025-12-02 22:41:34,0.8246081504702194,7.4,17.740656,2.3196490774813348,9498507.0,3957780736.0
TSEM,2025-12-02 22:41:34,0.8826018808777429,116.46,4.112282,2.666020784874416,1405830.0,13057937408.0
TXN,2025-12-02 22:41:34,0.7857366771159875,175.26,4.222164,1.1087689186650114,7972682.0,159335366656.0
UNFI,2025-12-02 22:41:34,0.8304075235109718,35.95,4.62747,1.8125444140011933,1052596.0,2190493440.0
VERA,2025-12-02 22:41:34,0.9399686520376176,37.25,12.878788,2.857539315448659,1506914.0,2381320448.0
WF,2025-12-02 22:41:34,0.7592476489028213,59.38,4.9302,0.9694582474851532,49506.0,14528749568.0
AMAT,2025-12-02 22:51:41,0.7909090909090909,265.33,4.1530857,1.088809818676007,8392822.0,211373129728.0
AMKR,2025-12-02 22:51:41,0.8741379310344827,40.65,7.7106514,1.6741763773297471,3048453.0,10048413696.0
ASAN,2025-12-02 22:51:41,0.7717868338557994,13.39,4.85513,2.296205837173579,3971100.0,3163346432.0
ATAT,2025-12-02 22:51:41,0.8887147335423198,42.69,5.5899043,2.6053019817791907,1249231.0,5899158016.0
BA,2025-12-02 22:51:41,0.9567398119122256,205.38,10.1469,2.7471953973703958,8214087.0,156108423168.0
BE,2025-12-02 22:51:41,0.7884012539184952,105.0,6.13565,1.0348519466337291,15091180.0,24833628160.0
BELFB,2025-12-02 22:51:41,0.8313479623824452,161.55,4.380693,1.247429783078374,149501.0,2045314048.0
BKNG,2025-12-02 22:51:41,0.9100313479623824,5135.07,4.9727964,1.6733503068386717,258442.0,166427033600.0
BLKB,2025-12-02 22:51:41,0.8285266457680251,60.33,5.122848,1.274425631207371,334280.0,2926550016.0
BMNR,2025-12-02 22:51:41,0.8062695924764891,31.91,10.2626,1.3163514539277508,45592912.0,12255603712.0
CAMT,2025-12-02 22:51:41,0.9032915360501568,110.9,5.2182164,2.017254894710569,540890.0,5075478016.0
CLH,2025-12-02 22:51:41,0.9057993730407524,239.55,4.81754,2.0515431712004912,566593.0,12847691776.0
CRDO,2025-12-02 22:51:41,0.9540752351097178,188.44,10.115115,2.66423162825564,6293809.0,32599291904.0
CTRI,2025-12-02 22:51:41,0.8774294670846395,24.46,10.2298,1.7442402783870838,2318211.0,2435711744.0
DASH,2025-12-02 22:51:41,0.9238244514106582,216.98,5.5452833,2.2162803252246617,4556850.0,93518061568.0
EL,2025-12-02 22:51:41,0.8568965517241379,99.64,5.20536,1.4001604225959516,3427198.0,35906293760.0
ENTG,2025-12-02 22:51:41,0.7830721003134795,79.82,4.627079,1.1177958306852953,2462515.0,12100712448.0
FMX,2025-12-02 22:51:41,0.9025078369905956,101.75,5.67037,1.685050421432872,531520.0,35158413312.0
FROG,2025-12-02 22:51:41,0.7637931034482758,61.63,3.1982582,1.3244212439722725,1274112.0,7291619840.0
GEV,2025-12-02 22:51:41,0.7783699059561129,601.58,4.27804,0.9679788079221456,2981869.0,163764486144.0
GNRC,2025-12-02 22:51:41,0.7865203761755486,155.31,4.08122,1.0841033740078772,1138468.0,9114221568.0
GTLB,2025-12-02 22:51:41,0.8515673981191222,43.37,5.3948903,1.9977392189122267,4672279.0,7233074688.0
INSP,2025-12-02 22:51:41,0.9233542319749216,133.93,6.0076,2.025130608475683,1242071.0,3960887808.0
INTC,2025-12-02 22:51:41,0.8040752351097178,43.47,8.647845,1.4270443119392402,110900969.0,207351906304.0
JBHT,2025-12-02 22:51:41,0.8452978056426331,185.73,3.338341,1.8885142885351964,1377468.0,17978529792.0
KB,2025-12-02 22:51:41,0.793103448275862,90.21,4.91974,1.051737494908513,125209.0,33067276288.0
KBR,2025-12-02 22:51:41,0.8214733542319749,43.68,4.57266,1.60207688123615,1266707.0,5627802624.0
LOGI,2025-12-02 22:51:41,0.8371473354231974,117.07,3.6751695,1.6392862060131166,573779.0,17192626176.0
LSCC,2025-12-02 22:51:41,0.7774294670846396,71.41,4.0810423,1.182073119970614,2167014.0,9775713280.0
MCHP,2025-12-02 22:51:41,0.8504702194357366,56.71,6.1388707,1.5455193687817916,7724492.0,30648739840.0
MDB,2025-12-02 22:51:41,0.9912225705329152,401.99,22.233707,5.227017352812543,1810888.0,32848334848.0
MSTR,2025-12-02 22:51:41,0.9112852664576804,181.33,5.7811246,2.2195496176638407,14017246.0,52105850880.0
NTAP,2025-12-02 22:51:41,0.7971786833855801,115.83,3.170932,1.5038631195572498,2083161.0,23121797120.0
NXPI,2025-12-02 22:51:41,0.9504702194357366,215.35,7.950273,2.405093968649256,2560322.0,54292877312.0
OKTA,2025-12-02 22:51:41,0.7578369905956113,81.87,1.5253018,3.652379434464457,2277558.0,14432526336.0
PI,2025-12-02 22:51:41,0.8496865203761755,168.05,3.4026575,1.778602974949652,566060.0,5059839488.0
PSTG,2025-12-02 22:51:41,0.9384012539184952,94.72,6.96781,2.980568761020683,2985296.0,31128457216.0
SAIA,2025-12-02 22:51:41,0.943103448275862,314.5,7.2829633,1.918092317944365,504214.0,8379110400.0
SHOP,2025-12-02 22:51:41,0.7628526645768025,156.83,5.057612,0.9362681601564724,8478933.0,204168036352.0
SITM,2025-12-02 22:51:41,0.8556426332288402,307.9,7.241131,1.0792773069414194,354452.0,8036383744.0
SNOW,2025-12-02 22:51:41,0.8076802507836991,259.68,3.04762,1.501458127495663,4392620.0,87979581440.0
SPR,2025-12-02 22:51:41,0.8550156739811913,37.54,4.71409,2.62082098637815,1088325.0,4411821568.0
SYNA,2025-12-02 22:51:41,0.8413793103448277,70.91,5.3797035,1.2699577389317454,395636.0,2769050880.0
TER,2025-12-02 22:51:41,0.7913793103448277,189.94,5.739574,0.9332640413187036,3742615.0,30214428672.0
TMC,2025-12-02 22:51:41,0.8246081504702194,7.4,17.740656,2.3196490774813348,9498507.0,3957780736.0
TSEM,2025-12-02 22:51:41,0.8826018808777429,116.46,4.112282,2.666020784874416,1405830.0,13057937408.0
TXN,2025-12-02 22:51:41,0.7857366771159875,175.26,4.222164,1.1087689186650114,7972682.0,159335366656.0
UNFI,2025-12-02 22:51:41,0.8304075235109718,35.95,4.62747,1.8125444140011933,1052596.0,2190493440.0
VERA,2025-12-02 22:51:41,0.9399686520376176,37.25,12.878788,2.857539315448659,1506914.0,2381320448.0
WF,2025-12-02 22:51:41,0.7592476489028213,59.38,4.9302,0.9694582474851532,49506.0,14528749568.0
AMAT,2025-12-03 14:21:38,0.7795665634674922,265.33,4.1530924,1.0919073340883094,8422342.0,211373129728.0
AMKR,2025-12-03 14:21:38,0.8640866873065014,40.65,7.7106514,1.6566532932940703,3091965.0,10048413696.0
AMR,2025-12-03 14:21:38,0.7712074303405573,162.0,5.30421,0.948650273720714,286058.0,2114719488.0
ASAN,2025-12-03 14:21:38,0.7676470588235293,13.39,4.85513,2.3370277789454104,3972901.0,3163346432.0
ATAT,2025-12-03 14:21:38,0.8879256965944272,42.69,5.5899043,2.5399307397123514,1282120.0,5899158016.0
BA,2025-12-03 14:21:38,0.9543343653250774,205.38,10.1469,2.668395473536315,8477523.0,156108423168.0
BE,2025-12-03 14:21:38,0.7763157894736842,105.0,6.13565,1.0463855132009194,15222576.0,24833628160.0
BELFB,2025-12-03 14:21:38,0.8388544891640868,161.55,4.380693,1.342427694829206,150093.0,2045314048.0
BKNG,2025-12-03 14:21:38,0.9013931888544892,5135.07,4.9727964,1.6524439293488828,262303.0,166427033600.0
BLKB,2025-12-03 14:21:38,0.8184210526315789,60.33,5.1228414,1.292887922725372,337187.0,2926550016.0
BMNR,2025-12-03 14:21:38,0.7938080495356038,31.91,10.2626,1.316425493774288,45912982.0,12255603712.0
CAMT,2025-12-03 14:21:38,0.9038699690402476,110.9,5.2182164,2.128655045310178,549104.0,5075478016.0
CLH,2025-12-03 14:21:38,0.9113003095975232,239.55,4.81754,2.269694626782258,583319.0,12847691776.0
CRDO,2025-12-03 14:21:38,0.9523219814241486,188.44,10.115115,2.625774939617422,6418242.0,34038239232.0
CTRI,2025-12-03 14:21:38,0.8665634674922601,24.46,10.2298,1.7933768226910904,2387404.0,2435711744.0
DASH,2025-12-03 14:21:38,0.9219814241486068,216.98,5.5452833,2.214430360099781,4664596.0,93518061568.0
EL,2025-12-03 14:21:38,0.8458204334365325,99.64,5.20536,1.4098938579197264,3454709.0,35906293760.0
ENTG,2025-12-03 14:21:38,0.7704334365325076,79.82,4.627079,1.1339454236921434,2477412.0,12100712448.0
FMX,2025-12-03 14:21:38,0.8979876160990712,101.75,5.67037,1.811845712511828,534742.0,35158413312.0
GEV,2025-12-03 14:21:38,0.7640866873065016,601.58,4.27804,0.9734350775911652,2969668.0,163764486144.0
GNRC,2025-12-03 14:21:38,0.8040247678018575,155.31,4.08122,1.2127846769247923,1147968.0,9114221568.0
GPN,2025-12-03 14:21:38,0.7896284829721363,78.69,3.21354,1.688826784860233,2268595.0,19090753536.0
GTLB,2025-12-03 14:21:38,0.8481424148606812,43.37,5.3949,2.097461490996266,4599314.0,7233074688.0
INSP,2025-12-03 14:21:38,0.9261609907120744,133.93,6.0076,2.1918899504002702,1255652.0,3960887808.0
INTC,2025-12-03 14:21:38,0.7979876160990711,43.47,8.647835,1.4816490982694055,112792114.0,207351906304.0
JBHT,2025-12-03 14:21:38,0.838235294117647,185.73,3.338341,1.8587396640165603,1406736.0,17978529792.0
KB,2025-12-03 14:21:38,0.8043343653250773,90.21,4.91974,1.15474010479837,126147.0,33067276288.0
KBR,2025-12-03 14:21:38,0.8328173374613003,43.68,4.57266,1.9365004104069248,1286528.0,5627802624.0
LOGI,2025-12-03 14:21:38,0.8309597523219814,117.07,3.6751695,1.6242898177920686,583125.0,17192626176.0
LSCC,2025-12-03 14:21:38,0.7645510835913313,71.41,4.0810423,1.1783266430886714,2174061.0,9775713280.0
MCHP,2025-12-03 14:21:38,0.8400928792569659,56.71,6.1388707,1.531610598747937,7803601.0,30648739840.0
MDB,2025-12-03 14:21:38,0.9910216718266254,401.99,22.233707,4.948739862786624,1916577.0,32704866304.0
MSTR,2025-12-03 14:21:38,0.9043343653250774,181.33,5.7811246,2.176729085640008,14369242.0,52105850880.0
NTAP,2025-12-03 14:21:38,0.7863777089783281,115.83,3.170925,1.491833492033354,2101449.0,23121797120.0
NXPI,2025-12-03 14:21:38,0.9496904024767802,215.35,7.950273,2.357143376479254,2613225.0,54292877312.0
PI,2025-12-03 14:21:38,0.8425696594427244,168.05,3.4026575,1.8101912791449573,564463.0,5059839488.0
PSTG,2025-12-03 14:21:38,0.9408668730650156,94.72,6.96781,3.468484412979176,3099149.0,31128457216.0
SAIA,2025-12-03 14:21:38,0.9362229102167184,314.5,7.2829633,1.8933092013305,514393.0,8379110400.0
SITM,2025-12-03 14:21:38,0.8444272445820433,307.9,7.241131,1.0739749870162685,356215.0,8036383744.0
SNOW,2025-12-03 14:21:38,0.7989164086687306,259.68,3.04762,1.5085619983333105,4390739.0,87979581440.0
SPR,2025-12-03 14:21:38,0.8544891640866873,37.54,4.71409,2.6276604517748297,1115600.0,4411821568.0
SYNA,2025-12-03 14:21:38,0.8354489164086687,70.91,5.3797035,1.3002441904685655,399688.0,2769050880.0
TDC,2025-12-03 14:21:38,0.7848297213622291,30.71,4.38477,1.5365398023212895,1462980.0,2902094848.0
TER,2025-12-03 14:21:38,0.7976780185758514,189.94,5.739574,0.992255554180993,3750688.0,30214428672.0
TMC,2025-12-03 14:21:38,0.8250773993808049,7.4,17.740656,2.3821527345717457,9671039.0,3957780736.0
TSEM,2025-12-03 14:21:38,0.8859133126934984,116.46,4.112282,2.7335126720654856,1429325.0,13057937408.0
TXN,2025-12-03 14:21:38,0.7885448916408668,175.26,4.222173,1.1782712919640428,8010757.0,159335366656.0
UNFI,2025-12-03 14:21:38,0.8325077399380806,35.95,4.62747,2.0287575121408103,1075093.0,2190493440.0
VERA,2025-12-03 14:21:38,0.9391640866873064,37.25,12.878788,2.798521962635144,1555847.0,2381320448.0
WF,2025-12-03 14:21:38,0.8374613003095974,59.38,4.9302,1.4423424146370822,49846.0,14528749568.0
AMAT,2025-12-03 14:21:39,0.7795665634674922,265.33,4.1530924,1.0919073340883094,8422342.0,211373129728.0
AMKR,2025-12-03 14:21:39,0.8640866873065014,40.65,7.7106514,1.6566532932940703,3091965.0,10048413696.0
AMR,2025-12-03 14:21:39,0.7712074303405573,162.0,5.30421,0.948650273720714,286058.0,2114719488.0
ASAN,2025-12-03 14:21:39,0.7676470588235293,13.39,4.85513,2.3370277789454104,3972901.0,3163346432.0
ATAT,2025-12-03 14:21:39,0.8879256965944272,42.69,5.5899043,2.5399307397123514,1282120.0,5899158016.0
BA,2025-12-03 14:21:39,0.9543343653250774,205.38,10.1469,2.668395473536315,8477523.0,156108423168.0
BE,2025-12-03 14:21:39,0.7763157894736842,105.0,6.13565,1.0463855132009194,15222576.0,24833628160.0
BELFB,2025-12-03 14:21:39,0.8388544891640868,161.55,4.380693,1.342427694829206,150093.0,2045314048.0
BKNG,2025-12-03 14:21:39,0.9013931888544892,5135.07,4.9727964,1.6524439293488828,262303.0,166427033600.0
BLKB,2025-12-03 14:21:39,0.8184210526315789,60.33,5.1228414,1.292887922725372,337187.0,2926550016.0
BMNR,2025-12-03 14:21:39,0.7938080495356038,31.91,10.2626,1.316425493774288,45912982.0,12255603712.0
CAMT,2025-12-03 14:21:39,0.9038699690402476,110.9,5.2182164,2.128655045310178,549104.0,5075478016.0
CLH,2025-12-03 14:21:39,0.9113003095975232,239.55,4.81754,2.269694626782258,583319.0,12847691776.0
CRDO,2025-12-03 14:21:39,0.9523219814241486,188.44,10.115115,2.625774939617422,6418242.0,34038239232.0
CTRI,2025-12-03 14:21:39,0.8665634674922601,24.46,10.2298,1.7933768226910904,2387404.0,2435711744.0
DASH,2025-12-03 14:21:39,0.9219814241486068,216.98,5.5452833,2.214430360099781,4664596.0,93518061568.0
EL,2025-12-03 14:21:39,0.8458204334365325,99.64,5.20536,1.4098938579197264,3454709.0,35906293760.0
ENTG,2025-12-03 14:21:39,0.7704334365325076,79.82,4.627079,1.1339454236921434,2477412.0,12100712448.0
FMX,2025-12-03 14:21:39,0.8979876160990712,101.75,5.67037,1.811845712511828,534742.0,35158413312.0
GEV,2025-12-03 14:21:39,0.7640866873065016,601.58,4.27804,0.9734350775911652,2969668.0,163764486144.0
GNRC,2025-12-03 14:21:39,0.8040247678018575,155.31,4.08122,1.2127846769247923,1147968.0,9114221568.0
GPN,2025-12-03 14:21:39,0.7896284829721363,78.69,3.21354,1.688826784860233,2268595.0,19090753536.0
GTLB,2025-12-03 14:21:39,0.8481424148606812,43.37,5.3949,2.097461490996266,4599314.0,7233074688.0
INSP,2025-12-03 14:21:39,0.9261609907120744,133.93,6.0076,2.1918899504002702,1255652.0,3960887808.0
INTC,2025-12-03 14:21:39,0.7979876160990711,43.47,8.647835,1.4816490982694055,112792114.0,207351906304.0
JBHT,2025-12-03 14:21:39,0.838235294117647,185.73,3.338341,1.8587396640165603,1406736.0,17978529792.0
KB,2025-12-03 14:21:39,0.8043343653250773,90.21,4.91974,1.15474010479837,126147.0,33067276288.0
KBR,2025-12-03 14:21:39,0.8328173374613003,43.68,4.57266,1.9365004104069248,1286528.0,5627802624.0
LOGI,2025-12-03 14:21:39,0.8309597523219814,117.07,3.6751695,1.6242898177920686,583125.0,17192626176.0
LSCC,2025-12-03 14:21:39,0.7645510835913313,71.41,4.0810423,1.1783266430886714,2174061.0,9775713280.0
MCHP,2025-12-03 14:21:39,0.8400928792569659,56.71,6.1388707,1.531610598747937,7803601.0,30648739840.0
MDB,2025-12-03 14:21:39,0.9910216718266254,401.99,22.233707,4.948739862786624,1916577.0,32704866304.0
MSTR,2025-12-03 14:21:39,0.9043343653250774,181.33,5.7811246,2.176729085640008,14369242.0,52105850880.0
NTAP,2025-12-03 14:21:39,0.7863777089783281,115.83,3.170925,1.491833492033354,2101449.0,23121797120.0
NXPI,2025-12-03 14:21:39,0.9496904024767802,215.35,7.950273,2.357143376479254,2613225.0,54292877312.0
PI,2025-12-03 14:21:39,0.8425696594427244,168.05,3.4026575,1.8101912791449573,564463.0,5059839488.0
PSTG,2025-12-03 14:21:39,0.9408668730650156,94.72,6.96781,3.468484412979176,3099149.0,31128457216.0
SAIA,2025-12-03 14:21:39,0.9362229102167184,314.5,7.2829633,1.8933092013305,514393.0,8379110400.0
SITM,2025-12-03 14:21:39,0.8444272445820433,307.9,7.241131,1.0739749870162685,356215.0,8036383744.0
SNOW,2025-12-03 14:21:39,0.7989164086687306,259.68,3.04762,1.5085619983333105,4390739.0,87979581440.0
SPR,2025-12-03 14:21:39,0.8544891640866873,37.54,4.71409,2.6276604517748297,1115600.0,4411821568.0
SYNA,2025-12-03 14:21:39,0.8354489164086687,70.91,5.3797035,1.3002441904685655,399688.0,2769050880.0
TDC,2025-12-03 14:21:39,0.7848297213622291,30.71,4.38477,1.5365398023212895,1462980.0,2902094848.0
TER,2025-12-03 14:21:39,0.7976780185758514,189.94,5.739574,0.992255554180993,3750688.0,30214428672.0
TMC,2025-12-03 14:21:39,0.8250773993808049,7.4,17.740656,2.3821527345717457,9671039.0,3957780736.0
TSEM,2025-12-03 14:21:39,0.8859133126934984,116.46,4.112282,2.7335126720654856,1429325.0,13057937408.0
TXN,2025-12-03 14:21:39,0.7885448916408668,175.26,4.222173,1.1782712919640428,8010757.0,159335366656.0
UNFI,2025-12-03 14:21:39,0.8325077399380806,35.95,4.62747,2.0287575121408103,1075093.0,2190493440.0
VERA,2025-12-03 14:21:39,0.9391640866873064,37.25,12.878788,2.798521962635144,1555847.0,2381320448.0
WF,2025-12-03 14:21:39,0.8374613003095974,59.38,4.9302,1.4423424146370822,49846.0,14528749568.0
AA,2025-12-03 14:48:33,0.5523529411764706,43.2,4.221954,0.1198119632388777,6816114.0,11187246080.0
AAUC,2025-12-03 14:48:33,0.7670588235294118,22.025,4.9438734,0.6328768393240661,388322.0,2731099904.0
ABTC,2025-12-03 14:48:33,0.7164705882352941,2.445,11.64383,1.800787854258541,5700039.0,2267994112.0
AEO,2025-12-03 14:48:33,0.8588235294117648,24.0578,15.495921,0.7836474695218051,9723755.0,4168452608.0
ALAB,2025-12-03 14:48:33,0.6652941176470587,148.075,3.5924125,0.2457550817931895,6569679.0,25010403328.0
ALK,2025-12-03 14:48:33,0.5199999999999999,44.44,4.172524,0.1024339462211715,3402417.0,5154533888.0
AMR,2025-12-03 14:48:33,0.6405882352941177,170.2507,5.038618,0.0756804564109376,286058.0,2222422784.0
ARWR,2025-12-03 14:48:33,0.7064705882352942,60.75,4.8317504,0.1713631763873024,2302490.0,8399146496.0
ASAN,2025-12-03 14:48:33,0.6488235294117646,13.98,4.40956,0.4759091656197826,3972901.0,3302732032.0
BEAM,2025-12-03 14:48:33,0.5323529411764706,24.66,5.519893,0.0865423524209401,2503387.0,2502372096.0
BLDR,2025-12-03 14:48:33,0.4517647058823529,115.915,3.4032137,0.0527455231996541,2072574.0,12817948672.0
BLSH,2025-12-03 14:48:33,0.4470588235294117,44.8071,4.057355,0.0694347976702775,3458266.0,6751701504.0
BMNR,2025-12-03 14:48:33,0.7205882352941176,34.03,6.643682,0.252576493506782,45912982.0,13069827072.0
BMY,2025-12-03 14:48:33,0.7311764705882353,50.65,4.9740963,0.3312152972157663,15778453.0,103110893568.0
BOX,2025-12-03 14:48:33,0.8300000000000001,32.255,6.909697,0.6314731315660492,1840338.0,4673291776.0
BROS,2025-12-03 14:48:33,0.4988235294117646,61.24,3.9022787,0.0965712492830214,4079620.0,10079469568.0
CPRI,2025-12-03 14:48:33,0.5011764705882352,26.29,4.49126,0.1018972817117286,2498153.0,3132276992.0
CSW,2025-12-03 14:48:33,0.7258823529411764,291.215,5.0521283,0.1091351662793181,154469.0,4893130752.0
DKS,2025-12-03 14:48:33,0.8364705882352942,220.26,5.1761994,0.2488293875497822,1463123.0,19752105984.0
DRVN,2025-12-03 14:48:33,0.5252941176470587,14.82,4.8090477,0.1127620432959698,1168700.0,2437211648.0
ELF,2025-12-03 14:48:33,0.846470588235294,79.71,7.4258795,0.2777126044090913,2214606.0,4753646592.0
FCX,2025-12-03 14:48:33,0.4870588235294117,44.345,3.1999068,0.1629358335421739,19077553.0,63676346368.0
FISV,2025-12-03 14:48:33,0.7576470588235293,67.16,6.200818,0.2187605343002542,9169451.0,36507717632.0
GENI,2025-12-03 14:48:33,0.7811764705882351,11.34,12.166177,0.548014877962041,5632223.0,2707063552.0
GLOB,2025-12-03 14:48:33,0.4688235294117647,67.34,3.8236134,0.061910578031509,1457360.0,2966576640.0
HBM,2025-12-03 14:48:33,0.4417647058823529,17.08,3.8929403,0.1166363596642095,6820206.0,6766218752.0
IE,2025-12-03 14:48:33,0.661764705882353,14.315,8.6115265,0.1509704982910595,2223600.0,2071592064.0
IREN,2025-12-03 14:48:33,0.4829411764705881,42.07,2.3103132,0.3601285366158331,41772066.0,12143194112.0
MCHP,2025-12-03 14:48:33,0.8476470588235294,61.1,7.741138,0.4085884196283229,7803601.0,33021300736.0
MRVL,2025-12-03 14:48:33,0.8923529411764706,100.176,7.84369,0.787117012523058,19671074.0,86371745792.0
MSFT,2025-12-03 14:48:33,0.528235294117647,476.31,-2.793878,0.2431606907225078,21920525.0,3540491436032.0
MSTR,2025-12-03 14:48:33,0.6188235294117648,186.79,3.01108,0.3125272022003666,14369242.0,53674799104.0
NFLX,2025-12-03 14:48:33,0.4476470588235294,103.54,-5.3132124,0.2017816636337881,37616079.0,438732455936.0
NXPI,2025-12-03 14:48:33,0.6594117647058824,222.605,3.3689294,0.1749183480182533,2613225.0,56121966592.0
ODFL,2025-12-03 14:48:33,0.7082352941176471,148.05,4.866136,0.1398387199683077,2100198.0,31115395072.0
ON,2025-12-03 14:48:33,0.6323529411764707,53.84,4.584306,0.1565116784487842,8673455.0,22019160064.0
ONON,2025-12-03 14:48:33,0.6764705882352942,47.42,5.027678,0.1640220912619783,7035723.0,15656520704.0
RGC,2025-12-03 14:48:33,0.6905882352941176,13.18,6.8071322,0.1590445754587029,181490.0,6517363712.0
SAIA,2025-12-03 14:48:33,0.5311764705882352,324.49,3.1647944,0.0940720421934202,514393.0,8645269504.0
SBET,2025-12-03 14:48:33,0.4741176470588235,10.54,5.7171483,0.091710750604317,15201871.0,2073146112.0
SBLK,2025-12-03 14:48:33,0.6505882352941176,20.59,3.9899037,0.3699746359178794,1008907.0,2344119040.0
SCCO,2025-12-03 14:48:33,0.4811764705882353,139.4,3.3358045,0.0861284560261064,1635766.0,114181906432.0
SITM,2025-12-03 14:48:33,0.6535294117647059,316.855,2.9084175,0.3023174206588717,356215.0,8270115328.0
SNDR,2025-12-03 14:48:33,0.5841176470588235,24.775,5.6953883,0.1013364831669004,1062490.0,4343047680.0
TEX,2025-12-03 14:48:33,0.5194117647058824,48.615,4.548391,0.0709813522452511,989288.0,3188420864.0
TSLA,2025-12-03 14:48:33,0.4805882352941176,437.13,1.838136,0.1472443923760533,89105030.0,1453815365632.0
TU,2025-12-03 14:48:33,0.5017647058823529,13.475,3.0998905,0.4375584676763441,5010247.0,20859299840.0
UBER,2025-12-03 14:48:33,0.6464705882352941,91.26,4.2137747,0.1657081590214162,17937433.0,190315315200.0
VRTX,2025-12-03 14:48:33,0.8099999999999999,454.42,4.9115076,0.2240163290727903,1477120.0,116509048832.0
XYZ,2025-12-03 14:48:33,0.6258823529411764,62.4,3.8096838,0.2497594544564506,7057915.0,38038040576.0
AA,2025-12-03 14:48:34,0.5523529411764706,43.2,4.221954,0.1198119632388777,6816114.0,11187246080.0
AAUC,2025-12-03 14:48:34,0.7670588235294118,22.025,4.9438734,0.6328768393240661,388322.0,2731099904.0
ABTC,2025-12-03 14:48:34,0.7164705882352941,2.445,11.64383,1.800787854258541,5700039.0,2267994112.0
AEO,2025-12-03 14:48:34,0.8588235294117648,24.0578,15.495921,0.7836474695218051,9723755.0,4168452608.0
ALAB,2025-12-03 14:48:34,0.6652941176470587,148.075,3.5924125,0.2457550817931895,6569679.0,25010403328.0
ALK,2025-12-03 14:48:34,0.5199999999999999,44.44,4.172524,0.1024339462211715,3402417.0,5154533888.0
AMR,2025-12-03 14:48:34,0.6405882352941177,170.2507,5.038618,0.0756804564109376,286058.0,2222422784.0
ARWR,2025-12-03 14:48:34,0.7064705882352942,60.75,4.8317504,0.1713631763873024,2302490.0,8399146496.0
ASAN,2025-12-03 14:48:34,0.6488235294117646,13.98,4.40956,0.4759091656197826,3972901.0,3302732032.0
BEAM,2025-12-03 14:48:34,0.5323529411764706,24.66,5.519893,0.0865423524209401,2503387.0,2502372096.0
BLDR,2025-12-03 14:48:34,0.4517647058823529,115.915,3.4032137,0.0527455231996541,2072574.0,12817948672.0
BLSH,2025-12-03 14:48:34,0.4470588235294117,44.8071,4.057355,0.0694347976702775,3458266.0,6751701504.0
BMNR,2025-12-03 14:48:34,0.7205882352941176,34.03,6.643682,0.252576493506782,45912982.0,13069827072.0
BMY,2025-12-03 14:48:34,0.7311764705882353,50.65,4.9740963,0.3312152972157663,15778453.0,103110893568.0
BOX,2025-12-03 14:48:34,0.8300000000000001,32.255,6.909697,0.6314731315660492,1840338.0,4673291776.0
BROS,2025-12-03 14:48:34,0.4988235294117646,61.24,3.9022787,0.0965712492830214,4079620.0,10079469568.0
CPRI,2025-12-03 14:48:34,0.5011764705882352,26.29,4.49126,0.1018972817117286,2498153.0,3132276992.0
CSW,2025-12-03 14:48:34,0.7258823529411764,291.215,5.0521283,0.1091351662793181,154469.0,4893130752.0
DKS,2025-12-03 14:48:34,0.8364705882352942,220.26,5.1761994,0.2488293875497822,1463123.0,19752105984.0
DRVN,2025-12-03 14:48:34,0.5252941176470587,14.82,4.8090477,0.1127620432959698,1168700.0,2437211648.0
ELF,2025-12-03 14:48:34,0.846470588235294,79.71,7.4258795,0.2777126044090913,2214606.0,4753646592.0
FCX,2025-12-03 14:48:34,0.4870588235294117,44.345,3.1999068,0.1629358335421739,19077553.0,63676346368.0
FISV,2025-12-03 14:48:34,0.7576470588235293,67.16,6.200818,0.2187605343002542,9169451.0,36507717632.0
GENI,2025-12-03 14:48:34,0.7811764705882351,11.34,12.166177,0.548014877962041,5632223.0,2707063552.0
GLOB,2025-12-03 14:48:34,0.4688235294117647,67.34,3.8236134,0.061910578031509,1457360.0,2966576640.0
HBM,2025-12-03 14:48:34,0.4417647058823529,17.08,3.8929403,0.1166363596642095,6820206.0,6766218752.0
IE,2025-12-03 14:48:34,0.661764705882353,14.315,8.6115265,0.1509704982910595,2223600.0,2071592064.0
IREN,2025-12-03 14:48:34,0.4829411764705881,42.07,2.3103132,0.3601285366158331,41772066.0,12143194112.0
MCHP,2025-12-03 14:48:34,0.8476470588235294,61.1,7.741138,0.4085884196283229,7803601.0,33021300736.0
MRVL,2025-12-03 14:48:34,0.8923529411764706,100.176,7.84369,0.787117012523058,19671074.0,86371745792.0
MSFT,2025-12-03 14:48:34,0.528235294117647,476.31,-2.793878,0.2431606907225078,21920525.0,3540491436032.0
MSTR,2025-12-03 14:48:34,0.6188235294117648,186.79,3.01108,0.3125272022003666,14369242.0,53674799104.0
NFLX,2025-12-03 14:48:34,0.4476470588235294,103.54,-5.3132124,0.2017816636337881,37616079.0,438732455936.0
NXPI,2025-12-03 14:48:34,0.6594117647058824,222.605,3.3689294,0.1749183480182533,2613225.0,56121966592.0
ODFL,2025-12-03 14:48:34,0.7082352941176471,148.05,4.866136,0.1398387199683077,2100198.0,31115395072.0
ON,2025-12-03 14:48:34,0.6323529411764707,53.84,4.584306,0.1565116784487842,8673455.0,22019160064.0
ONON,2025-12-03 14:48:34,0.6764705882352942,47.42,5.027678,0.1640220912619783,7035723.0,15656520704.0
RGC,2025-12-03 14:48:34,0.6905882352941176,13.18,6.8071322,0.1590445754587029,181490.0,6517363712.0
SAIA,2025-12-03 14:48:34,0.5311764705882352,324.49,3.1647944,0.0940720421934202,514393.0,8645269504.0
SBET,2025-12-03 14:48:34,0.4741176470588235,10.54,5.7171483,0.091710750604317,15201871.0,2073146112.0
SBLK,2025-12-03 14:48:34,0.6505882352941176,20.59,3.9899037,0.3699746359178794,1008907.0,2344119040.0
SCCO,2025-12-03 14:48:34,0.4811764705882353,139.4,3.3358045,0.0861284560261064,1635766.0,114181906432.0
SITM,2025-12-03 14:48:34,0.6535294117647059,316.855,2.9084175,0.3023174206588717,356215.0,8270115328.0
SNDR,2025-12-03 14:48:34,0.5841176470588235,24.775,5.6953883,0.1013364831669004,1062490.0,4343047680.0
TEX,2025-12-03 14:48:34,0.5194117647058824,48.615,4.548391,0.0709813522452511,989288.0,3188420864.0
TSLA,2025-12-03 14:48:34,0.4805882352941176,437.13,1.838136,0.1472443923760533,89105030.0,1453815365632.0
TU,2025-12-03 14:48:34,0.5017647058823529,13.475,3.0998905,0.4375584676763441,5010247.0,20859299840.0
UBER,2025-12-03 14:48:34,0.6464705882352941,91.26,4.2137747,0.1657081590214162,17937433.0,190315315200.0
VRTX,2025-12-03 14:48:34,0.8099999999999999,454.42,4.9115076,0.2240163290727903,1477120.0,116509048832.0
XYZ,2025-12-03 14:48:34,0.6258823529411764,62.4,3.8096838,0.2497594544564506,7057915.0,38038040576.0
AA,2025-12-03 15:22:35,0.6450331125827814,43.471,4.8757534,0.2380944626219573,6816114.0,11257425920.0
AAUC,2025-12-03 15:22:35,0.8105960264900662,22.1499,5.525968,0.9431322459196234,388322.0,2746587648.0
ABTC,2025-12-03 15:22:35,0.7228476821192052,2.355,7.535621,2.910750961528509,5700039.0,2184509696.0
AEO,2025-12-03 15:22:35,0.8576158940397351,23.86,14.54633,1.231410087975273,9723755.0,4134180352.0
ALAB,2025-12-03 15:22:35,0.6973509933774835,148.106,3.6147616,0.3660496958831626,6569679.0,25015640064.0
ALK,2025-12-03 15:22:35,0.6172185430463575,44.39,4.0553203,0.2519523621002364,3402417.0,5148734464.0
AMR,2025-12-03 15:22:35,0.793046357615894,173.81,7.290122,0.18815415055688,286058.0,2268884992.0
APGE,2025-12-03 15:22:35,0.6513245033112582,72.99,5.583684,0.1326953597212186,740365.0,4986693632.0
ARWR,2025-12-03 15:22:35,0.8264900662251655,62.005,6.997412,0.3703225638330676,2302490.0,8572659712.0
ASAN,2025-12-03 15:22:35,0.6221854304635761,13.925,3.9955177,0.7811868455821074,3972901.0,3289738496.0
AUGO,2025-12-03 15:22:35,0.8251655629139072,41.99,5.5025187,0.6073986617813691,483628.0,3507613952.0
BEAM,2025-12-03 15:22:35,0.6059602649006621,24.9,6.5468493,0.1526683648992345,2503387.0,2526726144.0
BMY,2025-12-03 15:22:35,0.7433774834437085,50.7,5.0771956,0.4646378196899278,15778453.0,103212679168.0
BOX,2025-12-03 15:22:35,0.8589403973509934,32.345,7.209152,1.2995487785395945,1840338.0,4686331392.0
CAVA,2025-12-03 15:22:35,0.5903973509933775,54.695,3.7265317,0.2454132919464831,4367893.0,6343860736.0
COIN,2025-12-03 15:22:35,0.6645695364238411,271.64,3.1831667,0.3036162036098154,9862000.0,73246048256.0
CPRI,2025-12-03 15:22:35,0.6599337748344369,26.42,5.00795,0.2789012522451587,2498153.0,3147765504.0
CRL,2025-12-03 15:22:35,0.6235099337748344,183.725,5.129899,0.0962428316606802,1027609.0,9042112512.0
CSW,2025-12-03 15:22:35,0.7271523178807947,291.14,5.0250797,0.1745334015239303,154469.0,4891870720.0
DKS,2025-12-03 15:22:35,0.6658940397350994,215.755,3.0250247,0.3975639778747241,1463123.0,19348115456.0
DLTR,2025-12-03 15:22:35,0.6420529801324502,112.33,3.064505,0.4003703506066459,4460098.0,23442802688.0
DRVN,2025-12-03 15:22:35,0.6029801324503311,14.92,5.5162635,0.1971985967314109,1168700.0,2453657088.0
ELF,2025-12-03 15:22:35,0.9039735099337748,81.18,9.422888,0.5369948424234379,2214606.0,4841312768.0
FISV,2025-12-03 15:22:35,0.723841059602649,66.16,4.6173334,0.3800794616820571,9169451.0,35964125184.0
FIVE,2025-12-03 15:22:35,0.6834437086092715,163.925,3.162372,0.3949217223232795,1212734.0,9039720448.0
GENI,2025-12-03 15:22:35,0.7870860927152317,11.17,10.4846735,1.0323272001126376,5632223.0,2666481408.0
GLOB,2025-12-03 15:22:35,0.5993377483443709,67.825,4.5713787,0.1428294999176593,1457360.0,2987942656.0
IE,2025-12-03 15:22:35,0.6956953642384105,14.0399,6.5341406,0.338358967440187,2223600.0,2031781120.0
MCHP,2025-12-03 15:22:35,0.8678807947019866,61.6,8.622817,0.6325943625257109,7803601.0,33291524096.0
MRVL,2025-12-03 15:22:35,0.8649006622516555,98.72,6.2762427,1.0395596600368642,19671074.0,85116387328.0
NOV,2025-12-03 15:22:35,0.640728476821192,16.1599,5.4117727,0.2801429886890088,4116969.0,6001217024.0
NXPI,2025-12-03 15:22:35,0.7834437086092715,224.59,4.2906847,0.3621241951994183,2613225.0,56622415872.0
ODFL,2025-12-03 15:22:35,0.7715231788079471,147.62,4.5615544,0.2955283263768464,2100198.0,31025020928.0
ON,2025-12-03 15:22:35,0.7552980132450331,54.615,6.089748,0.2916670461771001,8673455.0,22336114688.0
PRAX,2025-12-03 15:22:35,0.5950331125827815,188.79,5.401551,0.0623879055354711,958455.0,4721103872.0
PSTG,2025-12-03 15:22:35,0.6102649006622516,69.8879,-26.25399,2.1864298876885235,3099149.0,22967719936.0
REVG,2025-12-03 15:22:35,0.6324503311258278,56.67,5.786818,0.1186938361170799,953571.0,2765843968.0
RGC,2025-12-03 15:22:35,0.8307947019867549,13.39,8.508915,0.8368450052344482,181490.0,6621206528.0
SAIA,2025-12-03 15:22:35,0.6804635761589404,327.97,4.282989,0.1668529703942316,514393.0,8737986560.0
SBLK,2025-12-03 15:22:35,0.7258278145695364,20.72,4.6464653,0.6639055928841806,1008907.0,2358919168.0
SHOO,2025-12-03 15:22:35,0.6698675496688742,43.84,5.131893,0.2051536934994667,1394301.0,3185324032.0
SITM,2025-12-03 15:22:35,0.8460264900662253,322.77,4.8294888,0.3961512008197296,356215.0,8424500224.0
SN,2025-12-03 15:22:35,0.762251655629139,106.46,4.959084,0.2806729779075474,1929573.0,15026467840.0
SNDR,2025-12-03 15:22:35,0.721523178807947,24.86,6.05802,0.2827810144095474,1062490.0,4357948416.0
SYM,2025-12-03 15:22:35,0.7367549668874173,69.6989,4.105902,0.4423435616527706,2391693.0,41316974592.0
SYRE,2025-12-03 15:22:35,0.6533112582781456,30.295,6.672537,0.1639564156536227,877471.0,2350653440.0
TERN,2025-12-03 15:22:35,0.652317880794702,26.92,4.38154,0.3391662653962793,2739217.0,2424947712.0
TEX,2025-12-03 15:22:35,0.821523178807947,49.79,7.0752707,0.3513112460678791,989288.0,3265483264.0
VRTX,2025-12-03 15:22:35,0.8543046357615893,455.605,5.18412,0.3668517114384749,1477120.0,116812865536.0
XPO,2025-12-03 15:22:35,0.7271523178807946,141.415,4.4809656,0.2366500711237553,1265400.0,16653323264.0
AA,2025-12-03 15:46:52,0.722191011235955,43.798,5.664655,0.313064306142767,6816114.0,11342106624.0
AAUC,2025-12-03 15:46:52,0.8289325842696629,22.3,6.223807,1.0771447407048789,388322.0,2765199872.0
ABTC,2025-12-03 15:46:52,0.6915730337078652,2.315,5.7077622,3.4118413926641558,5700039.0,2147405568.0
AEO,2025-12-03 15:46:52,0.875,23.755,14.042244,1.4618993382700407,9723755.0,4115986944.0
ALK,2025-12-03 15:46:52,0.6735955056179777,44.3725,4.0143027,0.3598092179765149,3402417.0,5146704896.0
AMKR,2025-12-03 15:46:52,0.6221910112359551,41.94,3.3875196,0.456944046908681,3091965.0,10367292416.0
AMR,2025-12-03 15:46:52,0.8685393258426967,176.885,9.188269,0.3033475728698376,286058.0,2309025536.0
APGE,2025-12-03 15:46:52,0.7387640449438202,73.01,5.6134334,0.2429990612738311,740365.0,4988060160.0
ARWR,2025-12-03 15:46:52,0.8752808988764045,63.21,9.076787,0.5046176096313122,2302490.0,8739259392.0
ASAN,2025-12-03 15:46:52,0.6887640449438203,13.9801,4.407015,0.9545865854699124,3972901.0,3302755584.0
AUGO,2025-12-03 15:46:52,0.8328651685393257,41.96,5.4271355,0.7518319865681887,483628.0,3505107712.0
AXSM,2025-12-03 15:46:52,0.7014044943820225,148.02,4.173417,0.2370307376855552,529155.0,7462078976.0
BEAM,2025-12-03 15:46:52,0.6497191011235954,25.3,8.258444,0.1936013089466391,2503387.0,2567315968.0
BMY,2025-12-03 15:46:52,0.7171348314606741,50.35,4.3523283,0.5875809244417054,15778453.0,102500163584.0
BOX,2025-12-03 15:46:52,0.8764044943820225,32.5,7.7229037,1.452502203399593,1840338.0,4708788736.0
CAVA,2025-12-03 15:46:52,0.7132022471910112,54.985,4.276505,0.413050640205701,4367893.0,6377497088.0
CRCL,2025-12-03 15:46:52,0.6907303370786517,80.47,3.912705,0.3912370958557309,13866088.0,20474595328.0
CSW,2025-12-03 15:46:52,0.7320224719101124,291.7201,5.2343354,0.2164253021641883,154469.0,4901617664.0
DIOD,2025-12-03 15:46:52,0.6497191011235954,48.26,3.0756059,0.719242391807596,401738.0,2241326336.0
DKS,2025-12-03 15:46:52,0.7637640449438202,217.265,3.746061,0.455976018420871,1463123.0,19483525120.0
DRVN,2025-12-03 15:46:52,0.7112359550561798,15.07,6.5770817,0.3589988876529477,1168700.0,2478324992.0
ELF,2025-12-03 15:46:52,0.9095505617977528,80.83,8.935317,0.6489072999892531,2214606.0,4820440064.0
ENLT,2025-12-03 15:46:52,0.6896067415730337,42.345,3.608127,0.5323645043527099,28488.0,5585957888.0
GENI,2025-12-03 15:46:52,0.7575842696629214,10.8,6.824931,1.2883390803240569,5632223.0,2578155776.0
IE,2025-12-03 15:46:52,0.7738764044943819,14.45,9.635808,0.4796595610721352,2223600.0,2091128576.0
MC,2025-12-03 15:46:52,0.6570224719101123,66.03,3.98425,0.2484398924329958,777190.0,4898132480.0
MCHP,2025-12-03 15:46:52,0.8772471910112359,61.1,7.741138,0.7526148505029921,7803601.0,33021300736.0
MLYS,2025-12-03 15:46:52,0.6679775280898876,40.565,3.6142964,0.5768619821655161,1602177.0,3210311936.0
MRVL,2025-12-03 15:46:52,0.8584269662921348,98.155,5.666987,1.210745127591915,19671074.0,84629241856.0
NOV,2025-12-03 15:46:52,0.648876404494382,16.15,5.348987,0.3492897323249215,4116969.0,5997540352.0
NXPI,2025-12-03 15:46:52,0.7469101123595506,223.27,3.677733,0.4364296989352237,2613225.0,56289624064.0
ODFL,2025-12-03 15:46:52,0.7325842696629215,146.485,3.75762,0.3746946716452449,2100198.0,30786480128.0
ON,2025-12-03 15:46:52,0.7862359550561797,54.69,6.2317977,0.3770715360833716,8673455.0,22366787584.0
REVG,2025-12-03 15:46:52,0.6603932584269663,56.345,5.180141,0.2073647373923913,953571.0,2749982208.0
RGC,2025-12-03 15:46:52,0.8601123595505618,13.62,10.372768,0.897724392528514,181490.0,6734938624.0
SAIA,2025-12-03 15:46:52,0.619943820224719,325.42,3.4721823,0.2125651010025408,514393.0,8670048256.0
SBLK,2025-12-03 15:46:52,0.6778089887640448,20.57,3.8888915,0.7840455066720718,1008907.0,2341841920.0
SEZL,2025-12-03 15:46:52,0.6685393258426966,63.065,5.2311,0.2010680996374907,875012.0,2153865472.0
SHOO,2025-12-03 15:46:52,0.6404494382022471,43.365,3.9923294,0.2728557176678493,1394301.0,3150811392.0
SITM,2025-12-03 15:46:52,0.9171348314606742,329.75,7.094388,0.5589236837303314,356215.0,8606683136.0
SN,2025-12-03 15:46:52,0.7941011235955057,106.18,4.6830325,0.3758069790570245,1929573.0,14986946560.0
SNDR,2025-12-03 15:46:52,0.7067415730337079,24.695,5.3529496,0.3500823537162703,1062490.0,4329023488.0
SYM,2025-12-03 15:46:52,0.8466292134831459,70.901,5.9014254,0.5860150111239193,2391693.0,42029572096.0
SYRE,2025-12-03 15:46:52,0.6974719101123596,30.0225,5.713026,0.2499615371904028,877471.0,2329509632.0
TEX,2025-12-03 15:46:52,0.8294943820224719,49.26,5.93548,0.5324455568044897,989288.0,3230723072.0
TSLA,2025-12-03 15:46:52,0.6561797752808989,443.1,3.2289665,0.3628149611755924,89105030.0,1473670414336.0
VAL,2025-12-03 15:46:52,0.6792134831460674,59.231,4.0783677,0.2810752813214887,1100698.0,4218044672.0
VERA,2025-12-03 15:46:52,0.6817415730337079,38.835,4.255031,0.358202959545508,1555847.0,2482646272.0
VRTX,2025-12-03 15:46:52,0.827247191011236,452.06,4.365694,0.4442821165511265,1477120.0,115903963136.0
XPO,2025-12-03 15:46:52,0.6564606741573034,139.76,3.2582107,0.2983578315157262,1265400.0,16458427392.0
AA,2025-12-03 15:46:53,0.722191011235955,43.798,5.664655,0.313064306142767,6816114.0,11342106624.0
AAUC,2025-12-03 15:46:53,0.8289325842696629,22.3,6.223807,1.0771447407048789,388322.0,2765199872.0
ABTC,2025-12-03 15:46:53,0.6915730337078652,2.315,5.7077622,3.4118413926641558,5700039.0,2147405568.0
AEO,2025-12-03 15:46:53,0.875,23.755,14.042244,1.4618993382700407,9723755.0,4115986944.0
ALK,2025-12-03 15:46:53,0.6735955056179777,44.3725,4.0143027,0.3598092179765149,3402417.0,5146704896.0
AMKR,2025-12-03 15:46:53,0.6221910112359551,41.94,3.3875196,0.456944046908681,3091965.0,10367292416.0
AMR,2025-12-03 15:46:53,0.8685393258426967,176.885,9.188269,0.3033475728698376,286058.0,2309025536.0
APGE,2025-12-03 15:46:53,0.7387640449438202,73.01,5.6134334,0.2429990612738311,740365.0,4988060160.0
ARWR,2025-12-03 15:46:53,0.8752808988764045,63.21,9.076787,0.5046176096313122,2302490.0,8739259392.0
ASAN,2025-12-03 15:46:53,0.6887640449438203,13.9801,4.407015,0.9545865854699124,3972901.0,3302755584.0
AUGO,2025-12-03 15:46:53,0.8328651685393257,41.96,5.4271355,0.7518319865681887,483628.0,3505107712.0
AXSM,2025-12-03 15:46:53,0.7014044943820225,148.02,4.173417,0.2370307376855552,529155.0,7462078976.0
BEAM,2025-12-03 15:46:53,0.6497191011235954,25.3,8.258444,0.1936013089466391,2503387.0,2567315968.0
BMY,2025-12-03 15:46:53,0.7171348314606741,50.35,4.3523283,0.5875809244417054,15778453.0,102500163584.0
BOX,2025-12-03 15:46:53,0.8764044943820225,32.5,7.7229037,1.452502203399593,1840338.0,4708788736.0
CAVA,2025-12-03 15:46:53,0.7132022471910112,54.985,4.276505,0.413050640205701,4367893.0,6377497088.0
CRCL,2025-12-03 15:46:53,0.6907303370786517,80.47,3.912705,0.3912370958557309,13866088.0,20474595328.0
CSW,2025-12-03 15:46:53,0.7320224719101124,291.7201,5.2343354,0.2164253021641883,154469.0,4901617664.0
DIOD,2025-12-03 15:46:53,0.6497191011235954,48.26,3.0756059,0.719242391807596,401738.0,2241326336.0
DKS,2025-12-03 15:46:53,0.7637640449438202,217.265,3.746061,0.455976018420871,1463123.0,19483525120.0
DRVN,2025-12-03 15:46:53,0.7112359550561798,15.07,6.5770817,0.3589988876529477,1168700.0,2478324992.0
ELF,2025-12-03 15:46:53,0.9095505617977528,80.83,8.935317,0.6489072999892531,2214606.0,4820440064.0
ENLT,2025-12-03 15:46:53,0.6896067415730337,42.345,3.608127,0.5323645043527099,28488.0,5585957888.0
GENI,2025-12-03 15:46:53,0.7575842696629214,10.8,6.824931,1.2883390803240569,5632223.0,2578155776.0
IE,2025-12-03 15:46:53,0.7738764044943819,14.45,9.635808,0.4796595610721352,2223600.0,2091128576.0
MC,2025-12-03 15:46:53,0.6570224719101123,66.03,3.98425,0.2484398924329958,777190.0,4898132480.0
MCHP,2025-12-03 15:46:53,0.8772471910112359,61.1,7.741138,0.7526148505029921,7803601.0,33021300736.0
MLYS,2025-12-03 15:46:53,0.6679775280898876,40.565,3.6142964,0.5768619821655161,1602177.0,3210311936.0
MRVL,2025-12-03 15:46:53,0.8584269662921348,98.155,5.666987,1.210745127591915,19671074.0,84629241856.0
NOV,2025-12-03 15:46:53,0.648876404494382,16.15,5.348987,0.3492897323249215,4116969.0,5997540352.0
NXPI,2025-12-03 15:46:53,0.7469101123595506,223.27,3.677733,0.4364296989352237,2613225.0,56289624064.0
ODFL,2025-12-03 15:46:53,0.7325842696629215,146.485,3.75762,0.3746946716452449,2100198.0,30786480128.0
ON,2025-12-03 15:46:53,0.7862359550561797,54.69,6.2317977,0.3770715360833716,8673455.0,22366787584.0
REVG,2025-12-03 15:46:53,0.6603932584269663,56.345,5.180141,0.2073647373923913,953571.0,2749982208.0
RGC,2025-12-03 15:46:53,0.8601123595505618,13.62,10.372768,0.897724392528514,181490.0,6734938624.0
SAIA,2025-12-03 15:46:53,0.619943820224719,325.42,3.4721823,0.2125651010025408,514393.0,8670048256.0
SBLK,2025-12-03 15:46:53,0.6778089887640448,20.57,3.8888915,0.7840455066720718,1008907.0,2341841920.0
SEZL,2025-12-03 15:46:53,0.6685393258426966,63.065,5.2311,0.2010680996374907,875012.0,2153865472.0
SHOO,2025-12-03 15:46:53,0.6404494382022471,43.365,3.9923294,0.2728557176678493,1394301.0,3150811392.0
SITM,2025-12-03 15:46:53,0.9171348314606742,329.75,7.094388,0.5589236837303314,356215.0,8606683136.0
SN,2025-12-03 15:46:53,0.7941011235955057,106.18,4.6830325,0.3758069790570245,1929573.0,14986946560.0
SNDR,2025-12-03 15:46:53,0.7067415730337079,24.695,5.3529496,0.3500823537162703,1062490.0,4329023488.0
SYM,2025-12-03 15:46:53,0.8466292134831459,70.901,5.9014254,0.5860150111239193,2391693.0,42029572096.0
SYRE,2025-12-03 15:46:53,0.6974719101123596,30.0225,5.713026,0.2499615371904028,877471.0,2329509632.0
TEX,2025-12-03 15:46:53,0.8294943820224719,49.26,5.93548,0.5324455568044897,989288.0,3230723072.0
TSLA,2025-12-03 15:46:53,0.6561797752808989,443.1,3.2289665,0.3628149611755924,89105030.0,1473670414336.0
VAL,2025-12-03 15:46:53,0.6792134831460674,59.231,4.0783677,0.2810752813214887,1100698.0,4218044672.0
VERA,2025-12-03 15:46:53,0.6817415730337079,38.835,4.255031,0.358202959545508,1555847.0,2482646272.0
VRTX,2025-12-03 15:46:53,0.827247191011236,452.06,4.365694,0.4442821165511265,1477120.0,115903963136.0
XPO,2025-12-03 15:46:53,0.6564606741573034,139.76,3.2582107,0.2983578315157262,1265400.0,16458427392.0
AA,2025-12-03 16:28:28,0.7650602409638554,44.115,6.4294353,0.4164006059757803,6816114.0,11424198656.0
AAUC,2025-12-03 16:28:28,0.7947791164658634,22.0079,4.8494544,1.5156030304747092,388322.0,2728979712.0
ABTC,2025-12-03 16:28:28,0.7070281124497991,2.325,6.164383,3.93699148374248,5700039.0,2156681728.0
AEO,2025-12-03 16:28:28,0.8728915662650601,23.94,14.930392,1.7112623672644982,9723755.0,4148041728.0
ALK,2025-12-03 16:28:28,0.7190763052208836,44.573,4.484299,0.4707259574590651,3402417.0,5169960960.0
AMKR,2025-12-03 16:28:28,0.7261044176706828,42.28,4.2239804,0.6014227198561433,3091965.0,10451338240.0
AMR,2025-12-03 16:28:28,0.9271084337349398,178.19,9.993829,0.5592816841339868,286058.0,2326061056.0
APGE,2025-12-03 16:28:28,0.7759036144578314,73.27,5.988716,0.3211848210004525,740365.0,5005822976.0
ARWR,2025-12-03 16:28:28,0.8785140562248996,62.81,8.401764,0.6196482938036647,2302490.0,8683957248.0
AUGO,2025-12-03 16:28:28,0.8415662650602409,41.8224,5.0823517,1.103782245858387,483628.0,3493613312.0
AXSM,2025-12-03 16:28:28,0.7188755020080322,148.0,4.1593385,0.3153612835558579,529155.0,7461070848.0
BEAM,2025-12-03 16:28:28,0.7473895582329317,25.89,10.783049,0.328813323709039,2503387.0,2627186176.0
BKV,2025-12-03 16:28:28,0.6915662650602409,27.46,3.622638,0.8574414696111002,639625.0,2470591232.0
BMY,2025-12-03 16:28:28,0.7291164658634537,50.315,4.27979,0.7042798809236875,15778453.0,102428917760.0
BOX,2025-12-03 16:28:28,0.8562248995983935,32.09,6.363938,1.7408275001657303,1840338.0,4649385472.0
CAVA,2025-12-03 16:28:28,0.7748995983935743,55.495,5.2436934,0.524287797343021,4367893.0,6436649472.0
CDNS,2025-12-03 16:28:28,0.7038152610441767,328.97,3.4692075,0.3487109679240918,1862987.0,89641033728.0
COIN,2025-12-03 16:28:28,0.7654618473895581,274.2545,4.1762805,0.423728249847901,9862000.0,73951027200.0
CRCL,2025-12-03 16:28:28,0.8618473895582329,83.6,7.9545403,0.6545118565524753,13866088.0,21270984704.0
CSW,2025-12-03 16:28:28,0.7592369477911646,291.83,5.273978,0.2751166900802103,154469.0,4903463936.0
DKS,2025-12-03 16:28:28,0.8887550200803214,221.38,5.7110147,0.5821875536096418,1463123.0,19852544000.0
DRVN,2025-12-03 16:28:28,0.7,14.93,5.586987,0.4613236929922136,1168700.0,2455301632.0
ELF,2025-12-03 16:28:28,0.7953815261044177,77.23,4.0835667,0.963924508467872,2214606.0,4605747712.0
GENI,2025-12-03 16:28:28,0.7732931726907629,10.905,7.8635025,1.5539954650233132,5632223.0,2603220992.0
IE,2025-12-03 16:28:28,0.8064257028112449,14.63,11.001516,0.694275049469329,2223600.0,2117177344.0
IREN,2025-12-03 16:28:28,0.7028112449799198,42.8435,4.1913896,0.7427238336739198,41772066.0,12366458880.0
LQDA,2025-12-03 16:28:28,0.7226907630522088,33.61,9.158816,0.2874819233223578,2490087.0,2923918080.0
MCHP,2025-12-03 16:28:28,0.8813253012048193,61.26,8.023275,0.9527978173153652,7803601.0,33107773440.0
MNDY,2025-12-03 16:28:28,0.7307228915662649,154.2728,3.81749,0.3792420693894986,1289907.0,7952988672.0
MRVL,2025-12-03 16:28:28,0.8164658634538151,97.07,4.4999466,1.4927392373187147,19671074.0,83693756416.0
NXPI,2025-12-03 16:28:28,0.8323293172690763,225.0163,4.4886417,0.5596234537783773,2613225.0,56729890816.0
ODFL,2025-12-03 16:28:28,0.7965863453815262,147.185,4.253439,0.5057742174785425,2100198.0,30933598208.0
OKTA,2025-12-03 16:28:28,0.7686746987951806,84.76,3.5299857,2.164361418139672,2367496.0,14941991936.0
ON,2025-12-03 16:28:28,0.8090361445783133,55.13,7.090135,0.4982052711405086,8673455.0,22546737152.0
REVG,2025-12-03 16:28:28,0.7425702811244979,56.89,6.197498,0.2921544384214704,953571.0,2776581376.0
RGC,2025-12-03 16:28:28,0.8423694779116465,13.36,8.265799,1.017967932117472,181490.0,6606371328.0
SAIA,2025-12-03 16:28:28,0.7473895582329317,327.655,4.1828294,0.3210502475733534,514393.0,8729593856.0
SBLK,2025-12-03 16:28:28,0.7060240963855422,20.61,4.090916,0.9449384333739383,1008907.0,2346395904.0
SITM,2025-12-03 16:28:28,0.9441767068273093,330.415,7.312444,0.837648611091616,356215.0,8624039936.0
SMMT,2025-12-03 16:28:28,0.6893574297188755,18.69,8.34783,0.3181610240534702,3875657.0,13913631744.0
SN,2025-12-03 16:28:28,0.8648594377510039,107.63,6.112587,0.5250451783892084,1929573.0,15191609344.0
SNDR,2025-12-03 16:28:28,0.7608433734939759,24.785,5.738052,0.5244030532052066,1062490.0,4344800768.0
SYM,2025-12-03 16:28:28,0.8686746987951807,71.115,6.221062,0.7410867531911496,2391693.0,42156429312.0
SYRE,2025-12-03 16:28:28,0.7845381526104417,30.26,6.549298,0.4308769178696504,877471.0,2347937792.0
TEX,2025-12-03 16:28:28,0.8634538152610444,49.74,6.967746,0.6533324977155287,989288.0,3262204160.0
VERA,2025-12-03 16:28:28,0.7781124497991968,39.185,5.1946344,0.5382065203069454,1555847.0,2505021184.0
VERX,2025-12-03 16:28:28,0.7309236947791165,20.04,4.8117156,0.7448791243756151,1659433.0,3196940544.0
VRTX,2025-12-03 16:28:28,0.8897590361445783,456.045,5.285702,0.5928394443240901,1477120.0,116925677568.0
WST,2025-12-03 16:28:28,0.702008032128514,284.6,4.2376323,0.2714509103745649,685542.0,20475095040.0
XPO,2025-12-03 16:28:28,0.721285140562249,140.34,3.6900022,0.3876307886834202,1265400.0,16526730240.0
AA,2025-12-03 16:55:52,0.7801056338028168,44.2155,6.671892,0.4782618072409,6816114.0,11450223616.0
AAUC,2025-12-03 16:55:52,0.742781690140845,21.83,3.9961948,1.6307832159908529,388322.0,2706919936.0
AEO,2025-12-03 16:55:52,0.8764084507042252,24.03,15.36615,1.8787513671416032,9723755.0,4163635968.0
ALK,2025-12-03 16:55:52,0.7367957746478875,44.645,4.6530724,0.5374470560192945,3402417.0,5178311680.0
AMKR,2025-12-03 16:55:52,0.7778169014084506,42.545,4.8772273,0.7633023012873691,3091965.0,10516844544.0
AMR,2025-12-03 16:55:52,0.9348591549295776,178.34,10.086417,0.6288270210936243,286058.0,2328018944.0
APGE,2025-12-03 16:55:52,0.7860915492957745,73.36,6.1189117,0.3746989660505291,740365.0,5011972096.0
ARWR,2025-12-03 16:55:52,0.8894366197183098,63.6268,9.803948,0.6714517761206347,2302490.0,8796886016.0
AUGO,2025-12-03 16:55:52,0.7809859154929577,41.41,4.0452275,1.1988449800259704,483628.0,3459163904.0
BEAM,2025-12-03 16:55:52,0.7713028169014086,26.07,11.5532675,0.3998670601069671,2503387.0,2645451776.0
BMY,2025-12-03 16:55:52,0.7644366197183099,50.635,4.9435034,0.7548323653782788,15778453.0,103080353792.0
BOX,2025-12-03 16:55:52,0.8271126760563381,31.79,5.3695755,1.8672352578711084,1840338.0,4605919744.0
CAVA,2025-12-03 16:55:52,0.717605633802817,54.855,4.029964,0.5805222334887782,4367893.0,6362418688.0
CDNS,2025-12-03 16:55:52,0.718838028169014,329.0,3.478643,0.4212391176105898,1862987.0,89649201152.0
COIN,2025-12-03 16:55:52,0.7677816901408451,274.02,4.0872064,0.4617409247617116,9862000.0,73887793152.0
CRCL,2025-12-03 16:55:52,0.8580985915492957,83.065,7.2636876,0.7624723714431929,13866088.0,21134860288.0
CSW,2025-12-03 16:55:52,0.8193661971830986,293.72,5.955777,0.3624092860056063,154469.0,4935220736.0
CVNA,2025-12-03 16:55:52,0.725,397.61,4.0373626,0.3485365265309739,3092574.0,86203211776.0
DIOD,2025-12-03 16:55:52,0.8360915492957747,49.135,4.944465,1.0126799058092588,401738.0,2281963776.0
DKS,2025-12-03 16:55:52,0.9003521126760564,221.71,5.8685937,0.6532109740602806,1463123.0,19882137600.0
DRVN,2025-12-03 16:55:52,0.7413732394366196,15.095,6.753889,0.5063035851801146,1168700.0,2482436608.0
ELF,2025-12-03 16:55:52,0.7992957746478873,77.18,4.016177,1.1504845557178116,2214606.0,4602765824.0
ENTG,2025-12-03 16:55:52,0.7066901408450703,83.43,4.5198455,0.3624940058415798,2477412.0,12647988224.0
FISV,2025-12-03 16:55:52,0.7309859154929578,65.8,4.048073,0.6276111841374146,9169451.0,35768430592.0
FIVE,2025-12-03 16:55:52,0.7815140845070422,164.64,3.6123383,0.6585953721096299,1212734.0,9079149568.0
GENI,2025-12-03 16:55:52,0.7991197183098592,11.08,9.594464,1.668733642116088,5632223.0,2644996608.0
IE,2025-12-03 16:55:52,0.8123239436619718,14.6,10.7739,0.8336971577621874,2223600.0,2112835840.0
KAI,2025-12-03 16:55:52,0.7339788732394366,289.545,3.2356446,0.5738174521237149,137542.0,3410300160.0
LQDA,2025-12-03 16:55:52,0.7214788732394366,33.585,9.077617,0.3286258672889742,2490087.0,2921743104.0
MCHP,2025-12-03 16:55:52,0.8927816901408451,62.15,9.592669,1.0774994774848177,7803601.0,33588772864.0
MRVL,2025-12-03 16:55:52,0.7566901408450704,96.29,3.660245,1.591208339717496,19671074.0,83021242368.0
NXPI,2025-12-03 16:55:52,0.8424295774647886,225.3,4.6203837,0.632543313338882,2613225.0,56801419264.0
ODFL,2025-12-03 16:55:52,0.840669014084507,147.97,4.809469,0.5926441221256281,2100198.0,31098580992.0
ON,2025-12-03 16:55:52,0.8306338028169014,55.76,8.313906,0.5583114226107128,8673455.0,22804387840.0
REVG,2025-12-03 16:55:52,0.7246478873239437,56.98,6.3655033,0.3217474105231807,953571.0,2780974080.0
RGC,2025-12-03 16:55:52,0.8411971830985915,13.38,8.427876,1.0628133781475564,181490.0,6616261632.0
SAIA,2025-12-03 16:55:52,0.7901408450704226,329.03,4.625473,0.391465280437331,514393.0,8766227456.0
SITM,2025-12-03 16:55:52,0.958274647887324,332.835,8.098408,0.961593419704392,356215.0,8687203328.0
SN,2025-12-03 16:55:52,0.8852112676056338,107.975,6.452883,0.6460491518071615,1929573.0,15240304640.0
SNDR,2025-12-03 16:55:52,0.7910211267605635,25.04,6.8259397,0.5763555421698087,1062490.0,4389501952.0
STM,2025-12-03 16:55:52,0.7058098591549296,25.085,4.13034,1.0280981925529369,6011739.0,22294198272.0
SYM,2025-12-03 16:55:52,0.8519366197183098,70.56,5.3920846,0.7936591360178752,2391693.0,41827430400.0
SYRE,2025-12-03 16:55:52,0.7996478873239435,30.435,7.1654925,0.4986045122858761,877471.0,2361516288.0
TERN,2025-12-03 16:55:52,0.7424295774647887,27.1175,5.1588435,0.5985035139603763,2739217.0,2442738688.0
TEX,2025-12-03 16:55:52,0.8670774647887324,49.78,7.053761,0.7153265783068227,989288.0,3264827392.0
VAL,2025-12-03 16:55:52,0.7739436619718311,59.83,5.130912,0.4434349839828908,1100698.0,4260701696.0
VERA,2025-12-03 16:55:52,0.7705985915492957,39.115,5.006716,0.5811927522436332,1555847.0,2500546304.0
VERX,2025-12-03 16:55:52,0.7318661971830986,20.01,4.6548085,0.8488730789372032,1659433.0,3192154624.0
VRTX,2025-12-03 16:55:52,0.919014084507042,457.56,5.6354623,0.8080013810658578,1477120.0,117314109440.0
XPO,2025-12-03 16:55:52,0.760387323943662,140.775,4.0081177,0.4619503714240556,1265400.0,16577955840.0
AA,2025-12-03 16:55:53,0.7801056338028168,44.2155,6.671892,0.4782618072409,6816114.0,11450223616.0
AAUC,2025-12-03 16:55:53,0.742781690140845,21.83,3.9961948,1.6307832159908529,388322.0,2706919936.0
AEO,2025-12-03 16:55:53,0.8764084507042252,24.03,15.36615,1.8787513671416032,9723755.0,4163635968.0
ALK,2025-12-03 16:55:53,0.7367957746478875,44.645,4.6530724,0.5374470560192945,3402417.0,5178311680.0
AMKR,2025-12-03 16:55:53,0.7778169014084506,42.545,4.8772273,0.7633023012873691,3091965.0,10516844544.0
AMR,2025-12-03 16:55:53,0.9348591549295776,178.34,10.086417,0.6288270210936243,286058.0,2328018944.0
APGE,2025-12-03 16:55:53,0.7860915492957745,73.36,6.1189117,0.3746989660505291,740365.0,5011972096.0
ARWR,2025-12-03 16:55:53,0.8894366197183098,63.6268,9.803948,0.6714517761206347,2302490.0,8796886016.0
AUGO,2025-12-03 16:55:53,0.7809859154929577,41.41,4.0452275,1.1988449800259704,483628.0,3459163904.0
BEAM,2025-12-03 16:55:53,0.7713028169014086,26.07,11.5532675,0.3998670601069671,2503387.0,2645451776.0
BMY,2025-12-03 16:55:53,0.7644366197183099,50.635,4.9435034,0.7548323653782788,15778453.0,103080353792.0
BOX,2025-12-03 16:55:53,0.8271126760563381,31.79,5.3695755,1.8672352578711084,1840338.0,4605919744.0
CAVA,2025-12-03 16:55:53,0.717605633802817,54.855,4.029964,0.5805222334887782,4367893.0,6362418688.0
CDNS,2025-12-03 16:55:53,0.718838028169014,329.0,3.478643,0.4212391176105898,1862987.0,89649201152.0
COIN,2025-12-03 16:55:53,0.7677816901408451,274.02,4.0872064,0.4617409247617116,9862000.0,73887793152.0
CRCL,2025-12-03 16:55:53,0.8580985915492957,83.065,7.2636876,0.7624723714431929,13866088.0,21134860288.0
CSW,2025-12-03 16:55:53,0.8193661971830986,293.72,5.955777,0.3624092860056063,154469.0,4935220736.0
CVNA,2025-12-03 16:55:53,0.725,397.61,4.0373626,0.3485365265309739,3092574.0,86203211776.0
DIOD,2025-12-03 16:55:53,0.8360915492957747,49.135,4.944465,1.0126799058092588,401738.0,2281963776.0
DKS,2025-12-03 16:55:53,0.9003521126760564,221.71,5.8685937,0.6532109740602806,1463123.0,19882137600.0
DRVN,2025-12-03 16:55:53,0.7413732394366196,15.095,6.753889,0.5063035851801146,1168700.0,2482436608.0
ELF,2025-12-03 16:55:53,0.7992957746478873,77.18,4.016177,1.1504845557178116,2214606.0,4602765824.0
ENTG,2025-12-03 16:55:53,0.7066901408450703,83.43,4.5198455,0.3624940058415798,2477412.0,12647988224.0
FISV,2025-12-03 16:55:53,0.7309859154929578,65.8,4.048073,0.6276111841374146,9169451.0,35768430592.0
FIVE,2025-12-03 16:55:53,0.7815140845070422,164.64,3.6123383,0.6585953721096299,1212734.0,9079149568.0
GENI,2025-12-03 16:55:53,0.7991197183098592,11.08,9.594464,1.668733642116088,5632223.0,2644996608.0
IE,2025-12-03 16:55:53,0.8123239436619718,14.6,10.7739,0.8336971577621874,2223600.0,2112835840.0
KAI,2025-12-03 16:55:53,0.7339788732394366,289.545,3.2356446,0.5738174521237149,137542.0,3410300160.0
LQDA,2025-12-03 16:55:53,0.7214788732394366,33.585,9.077617,0.3286258672889742,2490087.0,2921743104.0
MCHP,2025-12-03 16:55:53,0.8927816901408451,62.15,9.592669,1.0774994774848177,7803601.0,33588772864.0
MRVL,2025-12-03 16:55:53,0.7566901408450704,96.29,3.660245,1.591208339717496,19671074.0,83021242368.0
NXPI,2025-12-03 16:55:53,0.8424295774647886,225.3,4.6203837,0.632543313338882,2613225.0,56801419264.0
ODFL,2025-12-03 16:55:53,0.840669014084507,147.97,4.809469,0.5926441221256281,2100198.0,31098580992.0
ON,2025-12-03 16:55:53,0.8306338028169014,55.76,8.313906,0.5583114226107128,8673455.0,22804387840.0
REVG,2025-12-03 16:55:53,0.7246478873239437,56.98,6.3655033,0.3217474105231807,953571.0,2780974080.0
RGC,2025-12-03 16:55:53,0.8411971830985915,13.38,8.427876,1.0628133781475564,181490.0,6616261632.0
SAIA,2025-12-03 16:55:53,0.7901408450704226,329.03,4.625473,0.391465280437331,514393.0,8766227456.0
SITM,2025-12-03 16:55:53,0.958274647887324,332.835,8.098408,0.961593419704392,356215.0,8687203328.0
SN,2025-12-03 16:55:53,0.8852112676056338,107.975,6.452883,0.6460491518071615,1929573.0,15240304640.0
SNDR,2025-12-03 16:55:53,0.7910211267605635,25.04,6.8259397,0.5763555421698087,1062490.0,4389501952.0
STM,2025-12-03 16:55:53,0.7058098591549296,25.085,4.13034,1.0280981925529369,6011739.0,22294198272.0
SYM,2025-12-03 16:55:53,0.8519366197183098,70.56,5.3920846,0.7936591360178752,2391693.0,41827430400.0
SYRE,2025-12-03 16:55:53,0.7996478873239435,30.435,7.1654925,0.4986045122858761,877471.0,2361516288.0
TERN,2025-12-03 16:55:53,0.7424295774647887,27.1175,5.1588435,0.5985035139603763,2739217.0,2442738688.0
TEX,2025-12-03 16:55:53,0.8670774647887324,49.78,7.053761,0.7153265783068227,989288.0,3264827392.0
VAL,2025-12-03 16:55:53,0.7739436619718311,59.83,5.130912,0.4434349839828908,1100698.0,4260701696.0
VERA,2025-12-03 16:55:53,0.7705985915492957,39.115,5.006716,0.5811927522436332,1555847.0,2500546304.0
VERX,2025-12-03 16:55:53,0.7318661971830986,20.01,4.6548085,0.8488730789372032,1659433.0,3192154624.0
VRTX,2025-12-03 16:55:53,0.919014084507042,457.56,5.6354623,0.8080013810658578,1477120.0,117314109440.0
XPO,2025-12-03 16:55:53,0.760387323943662,140.775,4.0081177,0.4619503714240556,1265400.0,16577955840.0
AA,2025-12-03 17:22:35,0.7964615384615383,44.545,7.4668217,0.5435349232715297,6816114.0,11535552512.0
AAUC,2025-12-03 17:22:35,0.7384615384615385,21.8799,4.2477136,1.797315114775882,388322.0,2713107712.0
AEO,2025-12-03 17:22:35,0.8766153846153845,24.2818,16.57264,2.030478966201843,9723755.0,4207264512.0
ALK,2025-12-03 17:22:35,0.7389230769230768,44.8,5.0164075,0.5895320885123723,3402417.0,5196290048.0
AMKR,2025-12-03 17:22:35,0.8067692307692307,42.94,5.850939,0.8508828528136638,3091965.0,10614486016.0
AMR,2025-12-03 17:22:35,0.932153846153846,178.52,10.197534,0.6634074208726901,286058.0,2330368768.0
APGE,2025-12-03 17:22:35,0.7613846153846154,72.97,5.554758,0.4105150837762455,740365.0,4985327616.0
ARWR,2025-12-03 17:22:35,0.8932307692307692,63.89,10.250214,0.7534981693731568,2302490.0,8833274880.0
ASAN,2025-12-03 17:22:35,0.7516923076923077,14.175,5.8625827,1.3354946423281124,3972901.0,3348800256.0
AUGO,2025-12-03 17:22:35,0.7403076923076923,41.36,3.9196014,1.2499979322950698,483628.0,3454987264.0
BEAM,2025-12-03 17:22:35,0.7746153846153845,26.155,11.9043045,0.4532259694565802,2503387.0,2654077184.0
BMY,2025-12-03 17:22:35,0.7798461538461539,50.8644,5.418443,0.8358032311532696,15778453.0,103547355136.0
BOX,2025-12-03 17:22:35,0.8278461538461538,31.94,5.8667564,1.950543867485212,1840338.0,4627652608.0
COIN,2025-12-03 17:22:35,0.7535384615384615,274.35,4.212564,0.4948879537619144,9862000.0,73976782848.0
CRCL,2025-12-03 17:22:35,0.8873846153846154,84.6951,9.368668,0.8904739390086086,13866088.0,21549619200.0
CSW,2025-12-03 17:22:35,0.848153846153846,296.32,6.893697,0.4121085784202655,154469.0,4978907648.0
CVNA,2025-12-03 17:22:35,0.7604615384615385,398.8575,4.363787,0.415730068221488,3092574.0,86473678848.0
DIOD,2025-12-03 17:22:35,0.8446153846153845,49.32,5.3395987,1.079621544389627,401738.0,2290555648.0
DKS,2025-12-03 17:22:35,0.9013846153846156,222.2701,6.136041,0.7179430574189594,1463123.0,19932364800.0
DRVN,2025-12-03 17:22:35,0.7496923076923077,15.155,7.178213,0.5665662702147686,1168700.0,2492303616.0
ELF,2025-12-03 17:22:35,0.8493846153846154,78.0365,5.1704884,1.211657513797037,2214606.0,4653844480.0
ENTG,2025-12-03 17:22:35,0.7741538461538461,84.28,5.587571,0.4551830700747393,2477412.0,12776847360.0
FIVE,2025-12-03 17:22:35,0.8107692307692308,165.468,4.133423,0.7704987243698947,1212734.0,9124809728.0
FRPT,2025-12-03 17:22:35,0.7596923076923077,62.15,6.8603883,0.3783915312302748,1452773.0,3033438208.0
GENI,2025-12-03 17:22:35,0.8006153846153846,11.145,10.237396,1.8089859013039788,5632223.0,2660513536.0
HUM,2025-12-03 17:22:35,0.750923076923077,254.21,5.06282,0.3762274438886562,1895606.0,30574618624.0
IE,2025-12-03 17:22:35,0.8209230769230768,14.7934,12.225872,0.904498111171074,2223600.0,2140823680.0
IREN,2025-12-03 17:22:35,0.7364615384615385,43.1699,4.9851656,0.880814968548599,41772066.0,12460672000.0
LII,2025-12-03 17:22:35,0.7718461538461538,504.55,3.5420344,0.6499576560814035,465238.0,17721954304.0
MCHP,2025-12-03 17:22:35,0.8955384615384615,62.165,9.619118,1.2035752468635954,7803601.0,33596878848.0
MRVL,2025-12-03 17:22:35,0.7549230769230768,96.54,3.9293804,1.6780908353046713,19671074.0,83236790272.0
NCNO,2025-12-03 17:22:35,0.742,25.71,5.1103845,0.757946596060148,1932966.0,2980857856.0
NXPI,2025-12-03 17:22:35,0.8484615384615385,226.21,5.042953,0.6904514536635766,2613225.0,57030844416.0
ODFL,2025-12-03 17:22:35,0.8747692307692309,149.56,5.9356885,0.6732465224707385,2100198.0,31432747008.0
OKTA,2025-12-03 17:22:35,0.7763076923076924,85.035,3.865886,2.4296277586107853,2367496.0,14990471168.0
ON,2025-12-03 17:22:35,0.8369230769230769,55.89,8.566434,0.6422894913272739,8673455.0,22857555968.0
RGC,2025-12-03 17:22:35,0.8369230769230769,13.4205,8.756075,1.0863353352801808,181490.0,6636288000.0
SAIA,2025-12-03 17:22:35,0.8169230769230769,330.43,5.0651803,0.4790558969503862,514393.0,8803527680.0
SITM,2025-12-03 17:22:35,0.9678461538461538,338.04,9.7888975,1.0406271493339696,356215.0,8823057408.0
SN,2025-12-03 17:22:35,0.8861538461538462,108.175,6.6499085,0.7474094009400007,1929573.0,15268534272.0
SNDR,2025-12-03 17:22:35,0.7995384615384615,25.08,6.9965844,0.6433942907697955,1062490.0,4396513792.0
SYM,2025-12-03 17:22:35,0.8367692307692307,70.6967,5.593799,0.8263535495567366,2391693.0,41908465664.0
SYRE,2025-12-03 17:22:35,0.7401538461538462,29.955,5.4753532,0.5339071034826223,877471.0,2324272128.0
TERN,2025-12-03 17:22:35,0.7724615384615384,27.425,6.3396597,0.6343725232429559,2739217.0,2470437888.0
TEX,2025-12-03 17:22:35,0.8693846153846154,49.94,7.3978467,0.781910828798085,989288.0,3275321088.0
UNH,2025-12-03 17:22:35,0.735076923076923,338.5,4.3014703,0.4140709764313438,9897849.0,306626363392.0
VAL,2025-12-03 17:22:35,0.8201538461538461,60.7,6.65964,0.5025202189883147,1100698.0,4322657280.0
VERA,2025-12-03 17:22:35,0.759076923076923,39.195,5.2249827,0.6319644540883519,1555847.0,2505660416.0
VRTX,2025-12-03 17:22:35,0.9192307692307692,459.04,5.9771476,0.8541310116984402,1477120.0,117693571072.0
XPO,2025-12-03 17:22:35,0.7984615384615384,141.835,4.791282,0.5066145092460882,1265400.0,16702785536.0
AA,2025-12-03 17:46:21,0.793019943019943,44.64,7.6960163,0.5783747161505808,6816114.0,11560154112.0
AAUC,2025-12-03 17:46:21,0.743019943019943,21.92,4.4306827,1.873357677391443,388322.0,2718080000.0
AEO,2025-12-03 17:46:21,0.8688034188034187,24.095,15.674505,2.176998186400213,9723755.0,4174898176.0
ALK,2025-12-03 17:46:21,0.7596866096866096,45.03,5.555553,0.6460610207390804,3402417.0,5222967296.0
AMKR,2025-12-03 17:46:21,0.8103988603988604,43.01,6.0234942,0.916515549173422,3091965.0,10631789568.0
AMR,2025-12-03 17:46:21,0.9405982905982906,180.9,11.666663,0.7399793048962099,286058.0,2361436672.0
APGE,2025-12-03 17:46:21,0.8081196581196582,73.585,6.444383,0.4977490832224646,740365.0,5027344384.0
ARWR,2025-12-03 17:46:21,0.8931623931623931,64.02,10.451094,0.8176083283749332,2302490.0,8851248128.0
ASAN,2025-12-03 17:46:21,0.7539886039886039,14.215,6.161313,1.4352076731839027,3972901.0,3358250240.0
AUGO,2025-12-03 17:46:21,0.7783475783475783,41.59,4.49749,1.2868423664469386,483628.0,3474200064.0
BDC,2025-12-03 17:46:21,0.7978632478632479,118.21,4.630302,0.5915109733532162,256166.0,4683461120.0
BEAM,2025-12-03 17:46:21,0.7786324786324785,26.34,12.708598,0.4966607240510556,2503387.0,2672849920.0
BMY,2025-12-03 17:46:21,0.7723646723646724,50.905,5.5025883,0.8792960247750524,15778453.0,103630012416.0
BOX,2025-12-03 17:46:21,0.8022792022792022,31.845,5.5518703,2.05634073740802,1840338.0,4613888512.0
CAMT,2025-12-03 17:46:21,0.7435897435897436,115.435,4.089266,0.5671402867216411,549104.0,5283027456.0
COIN,2025-12-03 17:46:21,0.7572649572649572,275.0,4.459466,0.5184783005475563,9862000.0,74152050688.0
CRCL,2025-12-03 17:46:21,0.8847578347578346,84.775,9.471848,0.949921131324134,13866088.0,21569949696.0
CSW,2025-12-03 17:46:21,0.8410256410256411,296.725,7.039795,0.437479364791641,154469.0,4985712640.0
DIOD,2025-12-03 17:46:21,0.8683760683760684,49.68,6.108502,1.2215498658329558,401738.0,2307275264.0
DKS,2025-12-03 17:46:21,0.91025641025641,223.39,6.670806,0.780187995130963,1463123.0,20032792576.0
DRVN,2025-12-03 17:46:21,0.7548433048433049,15.23,7.709931,0.6559656028065372,1168700.0,2504637696.0
ELF,2025-12-03 17:46:21,0.8438746438746438,78.07,5.215637,1.2550024699653122,2214606.0,4655842304.0
ENTG,2025-12-03 17:46:21,0.8027065527065527,84.9,6.364322,0.5114284584074026,2477412.0,12870840320.0
FIVE,2025-12-03 17:46:21,0.7823361823361823,165.22,3.977349,0.8942768983140573,1212734.0,9111133184.0
FRPT,2025-12-03 17:46:21,0.76011396011396,62.01,6.619667,0.4273262237114814,1452773.0,3026604800.0
GENI,2025-12-03 17:46:21,0.7972934472934472,11.2,10.781406,1.9086808175031424,5632223.0,2673642752.0
HCC,2025-12-03 17:46:21,0.7645299145299145,83.241,6.7192273,0.4026998984638806,810549.0,4375992320.0
HUM,2025-12-03 17:46:21,0.7621082621082621,253.94,4.9512296,0.4292690569664793,1895606.0,30542143488.0
IE,2025-12-03 17:46:21,0.8283475783475783,15.045,14.150225,1.0172787371829466,2223600.0,2177233920.0
IREN,2025-12-03 17:46:21,0.748005698005698,43.2889,5.2742147,0.938677392686299,41772066.0,12495020032.0
LB,2025-12-03 17:46:21,0.7715099715099716,58.8199,6.5932164,0.427334846686563,433915.0,4681423872.0
LLYVA,2025-12-03 17:46:21,0.7363247863247863,77.81,3.5811684,1.1785512515045071,122133.0,7338114560.0
MCHP,2025-12-03 17:46:21,0.8913105413105413,61.98,9.292895,1.2628654386609464,7803601.0,33496895488.0
MRVL,2025-12-03 17:46:21,0.7935897435897437,97.0862,4.5173836,1.7377215397593442,19671074.0,83707715584.0
NXPI,2025-12-03 17:46:21,0.8441595441595442,226.075,4.98026,0.7276667719006209,2613225.0,56996806656.0
ODFL,2025-12-03 17:46:21,0.8612535612535612,149.075,5.592155,0.7113543580176727,2100198.0,31330816000.0
ON,2025-12-03 17:46:21,0.837037037037037,55.92,8.624706,0.6797264757815658,8673455.0,22869823488.0
RGC,2025-12-03 17:46:21,0.8203703703703703,13.3035,7.807942,1.1023802964350653,181490.0,6578433024.0
SAIA,2025-12-03 17:46:21,0.7893162393162393,328.37,4.4101734,0.5236365969210311,514393.0,8748643328.0
SITM,2025-12-03 17:46:21,0.9675213675213674,339.3952,10.229039,1.1045099167637522,356215.0,8858428416.0
SN,2025-12-03 17:46:21,0.8507122507122507,107.0,5.491472,0.8161981951447289,1929573.0,15102687232.0
SNDR,2025-12-03 17:46:21,0.788888888888889,25.08,6.9965844,0.6836760816572391,1062490.0,4396513792.0
SYM,2025-12-03 17:46:21,0.814957264957265,71.46,6.7434244,0.5417919440329507,2391693.0,42360942592.0
SYRE,2025-12-03 17:46:21,0.745156695156695,30.08,5.915494,0.5635764600767432,877471.0,2333971200.0
TERN,2025-12-03 17:46:21,0.7636752136752137,27.46,6.475371,0.6742218670517889,2739217.0,2473590784.0
TEX,2025-12-03 17:46:21,0.8613960113960113,49.85,7.204298,0.8222691471037756,989288.0,3269418240.0
VAL,2025-12-03 17:46:21,0.8239316239316238,60.545,6.392329,0.5954467074529072,1100698.0,4311619072.0
VERA,2025-12-03 17:46:21,0.7960113960113959,39.51,6.0671096,0.7026789909290566,1555847.0,2525797632.0
VRTX,2025-12-03 17:46:21,0.9192307692307692,459.9597,6.189471,0.9079817482668976,1477120.0,117929369600.0
WST,2025-12-03 17:46:21,0.7381766381766381,284.63,4.2486196,0.4351476641839595,685542.0,20477251584.0
AA,2025-12-03 17:46:22,0.793019943019943,44.64,7.6960163,0.5783747161505808,6816114.0,11560154112.0
AAUC,2025-12-03 17:46:22,0.743019943019943,21.92,4.4306827,1.873357677391443,388322.0,2718080000.0
AEO,2025-12-03 17:46:22,0.8688034188034187,24.095,15.674505,2.176998186400213,9723755.0,4174898176.0
ALK,2025-12-03 17:46:22,0.7596866096866096,45.03,5.555553,0.6460610207390804,3402417.0,5222967296.0
AMKR,2025-12-03 17:46:22,0.8103988603988604,43.01,6.0234942,0.916515549173422,3091965.0,10631789568.0
AMR,2025-12-03 17:46:22,0.9405982905982906,180.9,11.666663,0.7399793048962099,286058.0,2361436672.0
APGE,2025-12-03 17:46:22,0.8081196581196582,73.585,6.444383,0.4977490832224646,740365.0,5027344384.0
ARWR,2025-12-03 17:46:22,0.8931623931623931,64.02,10.451094,0.8176083283749332,2302490.0,8851248128.0
ASAN,2025-12-03 17:46:22,0.7539886039886039,14.215,6.161313,1.4352076731839027,3972901.0,3358250240.0
AUGO,2025-12-03 17:46:22,0.7783475783475783,41.59,4.49749,1.2868423664469386,483628.0,3474200064.0
BDC,2025-12-03 17:46:22,0.7978632478632479,118.21,4.630302,0.5915109733532162,256166.0,4683461120.0
BEAM,2025-12-03 17:46:22,0.7786324786324785,26.34,12.708598,0.4966607240510556,2503387.0,2672849920.0
BMY,2025-12-03 17:46:22,0.7723646723646724,50.905,5.5025883,0.8792960247750524,15778453.0,103630012416.0
BOX,2025-12-03 17:46:22,0.8022792022792022,31.845,5.5518703,2.05634073740802,1840338.0,4613888512.0
CAMT,2025-12-03 17:46:22,0.7435897435897436,115.435,4.089266,0.5671402867216411,549104.0,5283027456.0
COIN,2025-12-03 17:46:22,0.7572649572649572,275.0,4.459466,0.5184783005475563,9862000.0,74152050688.0
CRCL,2025-12-03 17:46:22,0.8847578347578346,84.775,9.471848,0.949921131324134,13866088.0,21569949696.0
CSW,2025-12-03 17:46:22,0.8410256410256411,296.725,7.039795,0.437479364791641,154469.0,4985712640.0
DIOD,2025-12-03 17:46:22,0.8683760683760684,49.68,6.108502,1.2215498658329558,401738.0,2307275264.0
DKS,2025-12-03 17:46:22,0.91025641025641,223.39,6.670806,0.780187995130963,1463123.0,20032792576.0
DRVN,2025-12-03 17:46:22,0.7548433048433049,15.23,7.709931,0.6559656028065372,1168700.0,2504637696.0
ELF,2025-12-03 17:46:22,0.8438746438746438,78.07,5.215637,1.2550024699653122,2214606.0,4655842304.0
ENTG,2025-12-03 17:46:22,0.8027065527065527,84.9,6.364322,0.5114284584074026,2477412.0,12870840320.0
FIVE,2025-12-03 17:46:22,0.7823361823361823,165.22,3.977349,0.8942768983140573,1212734.0,9111133184.0
FRPT,2025-12-03 17:46:22,0.76011396011396,62.01,6.619667,0.4273262237114814,1452773.0,3026604800.0
GENI,2025-12-03 17:46:22,0.7972934472934472,11.2,10.781406,1.9086808175031424,5632223.0,2673642752.0
HCC,2025-12-03 17:46:22,0.7645299145299145,83.241,6.7192273,0.4026998984638806,810549.0,4375992320.0
HUM,2025-12-03 17:46:22,0.7621082621082621,253.94,4.9512296,0.4292690569664793,1895606.0,30542143488.0
IE,2025-12-03 17:46:22,0.8283475783475783,15.045,14.150225,1.0172787371829466,2223600.0,2177233920.0
IREN,2025-12-03 17:46:22,0.748005698005698,43.2889,5.2742147,0.938677392686299,41772066.0,12495020032.0
LB,2025-12-03 17:46:22,0.7715099715099716,58.8199,6.5932164,0.427334846686563,433915.0,4681423872.0
LLYVA,2025-12-03 17:46:22,0.7363247863247863,77.81,3.5811684,1.1785512515045071,122133.0,7338114560.0
MCHP,2025-12-03 17:46:22,0.8913105413105413,61.98,9.292895,1.2628654386609464,7803601.0,33496895488.0
MRVL,2025-12-03 17:46:22,0.7935897435897437,97.0862,4.5173836,1.7377215397593442,19671074.0,83707715584.0
NXPI,2025-12-03 17:46:22,0.8441595441595442,226.075,4.98026,0.7276667719006209,2613225.0,56996806656.0
ODFL,2025-12-03 17:46:22,0.8612535612535612,149.075,5.592155,0.7113543580176727,2100198.0,31330816000.0
ON,2025-12-03 17:46:22,0.837037037037037,55.92,8.624706,0.6797264757815658,8673455.0,22869823488.0
RGC,2025-12-03 17:46:22,0.8203703703703703,13.3035,7.807942,1.1023802964350653,181490.0,6578433024.0
SAIA,2025-12-03 17:46:22,0.7893162393162393,328.37,4.4101734,0.5236365969210311,514393.0,8748643328.0
SITM,2025-12-03 17:46:22,0.9675213675213674,339.3952,10.229039,1.1045099167637522,356215.0,8858428416.0
SN,2025-12-03 17:46:22,0.8507122507122507,107.0,5.491472,0.8161981951447289,1929573.0,15102687232.0
SNDR,2025-12-03 17:46:22,0.788888888888889,25.08,6.9965844,0.6836760816572391,1062490.0,4396513792.0
SYM,2025-12-03 17:46:22,0.814957264957265,71.46,6.7434244,0.5417919440329507,2391693.0,42360942592.0
SYRE,2025-12-03 17:46:22,0.745156695156695,30.08,5.915494,0.5635764600767432,877471.0,2333971200.0
TERN,2025-12-03 17:46:22,0.7636752136752137,27.46,6.475371,0.6742218670517889,2739217.0,2473590784.0
TEX,2025-12-03 17:46:22,0.8613960113960113,49.85,7.204298,0.8222691471037756,989288.0,3269418240.0
VAL,2025-12-03 17:46:22,0.8239316239316238,60.545,6.392329,0.5954467074529072,1100698.0,4311619072.0
VERA,2025-12-03 17:46:22,0.7960113960113959,39.51,6.0671096,0.7026789909290566,1555847.0,2525797632.0
VRTX,2025-12-03 17:46:22,0.9192307692307692,459.9597,6.189471,0.9079817482668976,1477120.0,117929369600.0
WST,2025-12-03 17:46:22,0.7381766381766381,284.63,4.2486196,0.4351476641839595,685542.0,20477251584.0
AA,2025-12-03 18:31:13,0.7846049046321525,44.47,7.2858877,0.6810939488394707,6816114.0,11516131328.0
AAUC,2025-12-03 18:31:13,0.7546321525885558,21.995,4.7879996,1.9727210922893887,388322.0,2727380224.0
AEO,2025-12-03 18:31:13,0.8715258855585831,24.005,15.246095,2.333720975075986,9723755.0,4159303936.0
ALK,2025-12-03 18:31:13,0.7595367847411443,44.995,5.4735093,0.8393915266705991,3402417.0,5218907648.0
AMKR,2025-12-03 18:31:13,0.8241144414168937,43.25,6.6151195,1.0185105588193917,3091965.0,10691116032.0
AMR,2025-12-03 18:31:13,0.9380108991825612,181.725,12.17593,0.8586125890553664,286058.0,2372206336.0
APGE,2025-12-03 18:31:13,0.8485013623978201,74.41,7.656067,0.6184841260729506,740365.0,5083708928.0
ARWR,2025-12-03 18:31:13,0.9005449591280654,64.58,11.441888,0.9262025025081542,2302490.0,8928672768.0
AUGO,2025-12-03 18:31:13,0.7780653950953678,41.615,4.5603075,1.414434234576989,483628.0,3476288512.0
BDC,2025-12-03 18:31:13,0.7861035422343324,118.02,4.4609604,0.7232497677287384,256166.0,4675933184.0
BEAM,2025-12-03 18:31:13,0.7697547683923704,26.18,12.023959,0.5686320173429038,2503387.0,2656614144.0
BKV,2025-12-03 18:31:13,0.762125340599455,27.77,4.7924547,1.689219464529998,639625.0,2498482176.0
BMY,2025-12-03 18:31:13,0.7724795640326976,50.98,5.65803,0.969273667069896,15778453.0,103782694912.0
BOX,2025-12-03 18:31:13,0.8055858310626703,31.915,5.7838945,2.201766197296366,1840338.0,4624030720.0
CNR,2025-12-03 18:31:13,0.7783378746594005,82.625,6.1881537,0.5238036958593547,882447.0,4252834304.0
COIN,2025-12-03 18:31:13,0.7519073569482289,275.612,4.6919355,0.5719193875481646,9862000.0,74317070336.0
CRCL,2025-12-03 18:31:13,0.8856948228882834,84.5699,9.206996,1.0427970022979804,13866088.0,21517764608.0
CSW,2025-12-03 18:31:13,0.8239782016348773,295.51,6.6015,0.5034990839585937,154469.0,4965297664.0
CVNA,2025-12-03 18:31:13,0.7836512261580382,400.6363,4.828538,0.5677390419760368,3092574.0,86859325440.0
DIOD,2025-12-03 18:31:13,0.8776566757493188,49.83,6.428881,1.3100652664174164,401738.0,2314241536.0
DKS,2025-12-03 18:31:13,0.913215258855586,224.99,7.4348235,0.8655437717813198,1463123.0,20176275456.0
DRVN,2025-12-03 18:31:13,0.7528610354223433,15.22,7.637906,0.7673876957302986,1168700.0,2502993408.0
ELF,2025-12-03 18:31:13,0.8542234332425068,78.35,5.592994,1.3422066950057934,2214606.0,4672540672.0
ENTG,2025-12-03 18:31:13,0.7829700272479564,84.51,5.8757234,0.5945111269340747,2477412.0,12811716608.0
FIVE,2025-12-03 18:31:13,0.8332425068119891,165.775,4.3266206,1.1081053223542838,1212734.0,9141738496.0
FRPT,2025-12-03 18:31:13,0.7933242506811988,61.92,6.464921,0.5832108663913771,1452773.0,3022212096.0
GENI,2025-12-03 18:31:13,0.7968664850136239,11.26,11.374883,2.027890053359038,5632223.0,2687965952.0
HCC,2025-12-03 18:31:13,0.7697547683923707,83.86,7.512821,0.4673869192362214,810549.0,4408533504.0
IE,2025-12-03 18:31:13,0.8350136239782016,15.07,14.339904,1.16651376146789,2223600.0,2180851712.0
IREN,2025-12-03 18:31:13,0.7863760217983652,43.74,6.371602,1.0885095556441953,41772066.0,12625227776.0
LB,2025-12-03 18:31:13,0.7862397820163487,58.818,6.573659,0.5334892778539576,433915.0,4681272320.0
MCHP,2025-12-03 18:31:13,0.8866485013623978,61.715,8.825606,1.3594348301508496,7803601.0,33353676800.0
MRVL,2025-12-03 18:31:13,0.8613079019073571,98.64,6.1894507,1.8807497241889284,19671074.0,85047410688.0
NXPI,2025-12-03 18:31:13,0.8295640326975477,225.8948,4.896587,0.8155287049526926,2613225.0,56951377920.0
ODFL,2025-12-03 18:31:13,0.862942779291553,149.59,5.9569373,0.8344441809772222,2100198.0,31439052800.0
OKTA,2025-12-03 18:31:13,0.8307901907356947,85.72,4.702575,2.7680127020277965,2367496.0,15111226368.0
ON,2025-12-03 18:31:13,0.8178474114441417,55.4033,7.6178102,0.7429732442262051,8673455.0,22658508800.0
RGC,2025-12-03 18:31:13,0.8186648501362399,13.31,7.860618,1.1258691938949803,181490.0,6581647360.0
SITM,2025-12-03 18:31:13,0.9745231607629428,345.91,12.34492,1.2961020731861377,356215.0,9028468736.0
SN,2025-12-03 18:31:13,0.8572207084468664,107.345,5.8316092,0.924964227836936,1929573.0,15151382528.0
SNDR,2025-12-03 18:31:13,0.7959128065395096,25.22,7.593851,0.8194335946691264,1062490.0,4421056000.0
STM,2025-12-03 18:31:13,0.7429155313351499,25.355,5.251139,1.435019883597741,6011739.0,22534160384.0
SYM,2025-12-03 18:31:13,0.8775204359673023,72.1075,7.703512,0.902400517123226,2391693.0,42744774656.0
SYRE,2025-12-03 18:31:13,0.7576294277929155,30.205,6.355635,0.6353110245238874,877471.0,2343670272.0
TERN,2025-12-03 18:31:13,0.7920980926430516,27.675,7.3360505,0.884431207896271,2739217.0,2492957952.0
TEX,2025-12-03 18:31:13,0.8528610354223433,49.775,7.0437717,0.8980701272025942,989288.0,3264499712.0
VAL,2025-12-03 18:31:13,0.805858310626703,60.3,5.956773,0.6952533755853104,1100698.0,4294171904.0
VERA,2025-12-03 18:31:13,0.855449591280654,40.6,8.993284,0.8424453047118386,1555847.0,2595479296.0
VRTX,2025-12-03 18:31:13,0.912534059945504,459.885,6.1722302,0.9959786611785096,1477120.0,117910216704.0
XPO,2025-12-03 18:31:13,0.7908719346049047,141.96,4.883635,0.6121874506085032,1265400.0,16717505536.0
AA,2025-12-03 18:56:34,0.806036745406824,44.93,8.395656,0.7498196186272706,6816114.0,11635254272.0
AAUC,2025-12-03 18:56:34,0.7738845144356954,22.025,4.9309187,2.096309248510257,388322.0,2731099904.0
ACLX,2025-12-03 18:56:34,0.8431758530183726,73.13,6.278157,0.8221417439196279,644204.0,4228586496.0
AEO,2025-12-03 18:56:34,0.8622047244094488,23.673,13.644001,2.4514464833801344,9723755.0,4101779200.0
ALAB,2025-12-03 18:56:34,0.782020997375328,149.82,4.8132114,0.7255649781366791,6569679.0,25305141248.0
AMKR,2025-12-03 18:56:34,0.8286089238845143,43.35,6.8616257,1.0995509328210378,3091965.0,10715835392.0
AMR,2025-12-03 18:56:34,0.9448818897637794,182.075,12.3919735,0.9681148578260352,286058.0,2376774912.0
APGE,2025-12-03 18:56:34,0.8480314960629921,74.595,7.905401,0.6566166688052515,740365.0,5096347648.0
ARWR,2025-12-03 18:56:34,0.8988188976377952,64.67,11.594198,0.9659377456579616,2302490.0,8941115392.0
BDC,2025-12-03 18:56:34,0.7797900262467191,118.01,4.452114,0.7508256365013312,256166.0,4675537408.0
BEAM,2025-12-03 18:56:34,0.7709973753280839,26.17,11.98117,0.6007473075477343,2503387.0,2655599360.0
BKV,2025-12-03 18:56:34,0.7824146981627296,27.835,5.0377326,1.8111065077193669,639625.0,2504330240.0
BMY,2025-12-03 18:56:34,0.774015748031496,50.97,5.637308,1.040347998628256,15778453.0,103762337792.0
BOX,2025-12-03 18:56:34,0.8275590551181103,32.075,6.315268,2.365946364200489,1840338.0,4647212544.0
CNR,2025-12-03 18:56:34,0.7951443569553805,82.82,6.438764,0.5855773774515637,882447.0,4262871296.0
CPRI,2025-12-03 18:56:34,0.7699475065616799,27.04,7.4721823,0.7706621652076554,2498153.0,3221634304.0
CRCL,2025-12-03 18:56:34,0.861023622047244,83.185,7.41864,1.0858799540288508,13866088.0,21165391872.0
CSW,2025-12-03 18:56:34,0.8245406824146981,295.935,6.7548094,0.5398817885789382,154469.0,4972438528.0
CVNA,2025-12-03 18:56:34,0.7829396325459317,399.95,4.6496468,0.620130674318545,3092574.0,86710542336.0
DIOD,2025-12-03 18:56:34,0.8940944881889763,50.265,7.356395,1.3537579218296505,401738.0,2334444032.0
DKS,2025-12-03 18:56:34,0.9144356955380576,225.35,7.606727,0.9207189005982408,1463123.0,20208560128.0
ELF,2025-12-03 18:56:34,0.8358267716535434,77.975,5.0876036,1.3701656186247124,2214606.0,4650177024.0
ENTG,2025-12-03 18:56:34,0.7917322834645668,84.71,6.126283,0.6300566881891264,2477412.0,12842036224.0
FIVE,2025-12-03 18:56:34,0.7900262467191602,164.99,3.8326066,1.1959127063313142,1212734.0,9098449920.0
FRPT,2025-12-03 18:56:34,0.8232283464566928,62.475,7.4191866,0.6639254721831972,1452773.0,3049300736.0
GENI,2025-12-03 18:56:34,0.8014435695538057,11.255,11.325425,2.1016740636867537,5632223.0,2686772480.0
HCC,2025-12-03 18:56:34,0.7879265091863518,83.8,7.435901,0.5234538565836242,810549.0,4405379072.0
HUM,2025-12-03 18:56:34,0.7640419947506563,253.56,4.789861,0.5506587339352165,1895606.0,30496440320.0
IE,2025-12-03 18:56:34,0.8422572178477691,15.175,15.107913,1.2850544162619175,2223600.0,2196046848.0
LB,2025-12-03 18:56:34,0.820734908136483,59.355,7.546659,0.606439049122524,433915.0,4724011520.0
LLYVA,2025-12-03 18:56:34,0.7998687664041995,78.28,4.2065973,1.3056831486985498,122133.0,7382439424.0
MCHP,2025-12-03 18:56:34,0.8742782152230972,62.35,9.944458,1.0193026270820356,7803601.0,33696860160.0
MRVL,2025-12-03 18:56:34,0.8468503937007873,98.26,5.781034,1.946520815284412,19671074.0,84719771648.0
NXPI,2025-12-03 18:56:34,0.8430446194225721,226.66,5.251914,0.8523667116302653,2613225.0,57144295424.0
ODFL,2025-12-03 18:56:34,0.8665354330708662,149.865,6.1517305,0.8869301846778256,2100198.0,31496849408.0
OKTA,2025-12-03 18:56:34,0.8520997375328084,85.9674,5.0046005,2.921911589290964,2367496.0,15154839552.0
ON,2025-12-03 18:56:34,0.8236220472440945,55.6626,8.124712,0.7934675397520365,8673455.0,22764556288.0
PCVX,2025-12-03 18:56:34,0.7874015748031495,47.7,6.711409,0.6809822135727028,1725979.0,6244229120.0
RGC,2025-12-03 18:56:34,0.8187664041994751,13.32,7.9416494,1.1379800539974654,181490.0,6586591744.0
SITM,2025-12-03 18:56:34,0.9782152230971128,347.48,12.854829,1.3855536684305827,356215.0,9069447168.0
SN,2025-12-03 18:56:34,0.8578740157480313,107.26,5.747808,0.9973766216670736,1929573.0,15139385344.0
SNDR,2025-12-03 18:56:34,0.805249343832021,25.29,7.895861,0.9087417293339232,1062490.0,4433327104.0
SYM,2025-12-03 18:56:34,0.870997375328084,72.11,7.70725,0.9332184356437052,2391693.0,42746257408.0
SYNA,2025-12-03 18:56:34,0.7807086614173229,73.93,4.258915,1.051134885210464,399688.0,2886982400.0
TERN,2025-12-03 18:56:34,0.776771653543307,27.61,7.0569973,0.9117525190592786,2739217.0,2487102976.0
TEX,2025-12-03 18:56:34,0.8526246719160105,49.91,7.3333335,0.9492321750592344,989288.0,3273353472.0
VAL,2025-12-03 18:56:34,0.8354330708661416,60.84,6.905641,0.7809199253564556,1100698.0,4332626944.0
VERA,2025-12-03 18:56:34,0.8489501312335958,40.28,8.130951,0.9398616959122588,1555847.0,2575022336.0
VRTX,2025-12-03 18:56:34,0.9093175853018372,459.82,6.1572237,1.0361426288994802,1477120.0,117893554176.0
XPO,2025-12-03 18:56:34,0.7860892388451444,141.75,4.728477,0.6626600284495021,1265400.0,16692774912.0
AA,2025-12-03 18:56:35,0.806036745406824,44.93,8.395656,0.7498196186272706,6816114.0,11635254272.0
AAUC,2025-12-03 18:56:35,0.7738845144356954,22.025,4.9309187,2.096309248510257,388322.0,2731099904.0
ACLX,2025-12-03 18:56:35,0.8431758530183726,73.13,6.278157,0.8221417439196279,644204.0,4228586496.0
AEO,2025-12-03 18:56:35,0.8622047244094488,23.673,13.644001,2.4514464833801344,9723755.0,4101779200.0
ALAB,2025-12-03 18:56:35,0.782020997375328,149.82,4.8132114,0.7255649781366791,6569679.0,25305141248.0
AMKR,2025-12-03 18:56:35,0.8286089238845143,43.35,6.8616257,1.0995509328210378,3091965.0,10715835392.0
AMR,2025-12-03 18:56:35,0.9448818897637794,182.075,12.3919735,0.9681148578260352,286058.0,2376774912.0
APGE,2025-12-03 18:56:35,0.8480314960629921,74.595,7.905401,0.6566166688052515,740365.0,5096347648.0
ARWR,2025-12-03 18:56:35,0.8988188976377952,64.67,11.594198,0.9659377456579616,2302490.0,8941115392.0
BDC,2025-12-03 18:56:35,0.7797900262467191,118.01,4.452114,0.7508256365013312,256166.0,4675537408.0
BEAM,2025-12-03 18:56:35,0.7709973753280839,26.17,11.98117,0.6007473075477343,2503387.0,2655599360.0
BKV,2025-12-03 18:56:35,0.7824146981627296,27.835,5.0377326,1.8111065077193669,639625.0,2504330240.0
BMY,2025-12-03 18:56:35,0.774015748031496,50.97,5.637308,1.040347998628256,15778453.0,103762337792.0
BOX,2025-12-03 18:56:35,0.8275590551181103,32.075,6.315268,2.365946364200489,1840338.0,4647212544.0
CNR,2025-12-03 18:56:35,0.7951443569553805,82.82,6.438764,0.5855773774515637,882447.0,4262871296.0
CPRI,2025-12-03 18:56:35,0.7699475065616799,27.04,7.4721823,0.7706621652076554,2498153.0,3221634304.0
CRCL,2025-12-03 18:56:35,0.861023622047244,83.185,7.41864,1.0858799540288508,13866088.0,21165391872.0
CSW,2025-12-03 18:56:35,0.8245406824146981,295.935,6.7548094,0.5398817885789382,154469.0,4972438528.0
CVNA,2025-12-03 18:56:35,0.7829396325459317,399.95,4.6496468,0.620130674318545,3092574.0,86710542336.0
DIOD,2025-12-03 18:56:35,0.8940944881889763,50.265,7.356395,1.3537579218296505,401738.0,2334444032.0
DKS,2025-12-03 18:56:35,0.9144356955380576,225.35,7.606727,0.9207189005982408,1463123.0,20208560128.0
ELF,2025-12-03 18:56:35,0.8358267716535434,77.975,5.0876036,1.3701656186247124,2214606.0,4650177024.0
ENTG,2025-12-03 18:56:35,0.7917322834645668,84.71,6.126283,0.6300566881891264,2477412.0,12842036224.0
FIVE,2025-12-03 18:56:35,0.7900262467191602,164.99,3.8326066,1.1959127063313142,1212734.0,9098449920.0
FRPT,2025-12-03 18:56:35,0.8232283464566928,62.475,7.4191866,0.6639254721831972,1452773.0,3049300736.0
GENI,2025-12-03 18:56:35,0.8014435695538057,11.255,11.325425,2.1016740636867537,5632223.0,2686772480.0
HCC,2025-12-03 18:56:35,0.7879265091863518,83.8,7.435901,0.5234538565836242,810549.0,4405379072.0
HUM,2025-12-03 18:56:35,0.7640419947506563,253.56,4.789861,0.5506587339352165,1895606.0,30496440320.0
IE,2025-12-03 18:56:35,0.8422572178477691,15.175,15.107913,1.2850544162619175,2223600.0,2196046848.0
LB,2025-12-03 18:56:35,0.820734908136483,59.355,7.546659,0.606439049122524,433915.0,4724011520.0
LLYVA,2025-12-03 18:56:35,0.7998687664041995,78.28,4.2065973,1.3056831486985498,122133.0,7382439424.0
MCHP,2025-12-03 18:56:35,0.8742782152230972,62.35,9.944458,1.0193026270820356,7803601.0,33696860160.0
MRVL,2025-12-03 18:56:35,0.8468503937007873,98.26,5.781034,1.946520815284412,19671074.0,84719771648.0
NXPI,2025-12-03 18:56:35,0.8430446194225721,226.66,5.251914,0.8523667116302653,2613225.0,57144295424.0
ODFL,2025-12-03 18:56:35,0.8665354330708662,149.865,6.1517305,0.8869301846778256,2100198.0,31496849408.0
OKTA,2025-12-03 18:56:35,0.8520997375328084,85.9674,5.0046005,2.921911589290964,2367496.0,15154839552.0
ON,2025-12-03 18:56:35,0.8236220472440945,55.6626,8.124712,0.7934675397520365,8673455.0,22764556288.0
PCVX,2025-12-03 18:56:35,0.7874015748031495,47.7,6.711409,0.6809822135727028,1725979.0,6244229120.0
RGC,2025-12-03 18:56:35,0.8187664041994751,13.32,7.9416494,1.1379800539974654,181490.0,6586591744.0
SITM,2025-12-03 18:56:35,0.9782152230971128,347.48,12.854829,1.3855536684305827,356215.0,9069447168.0
SN,2025-12-03 18:56:35,0.8578740157480313,107.26,5.747808,0.9973766216670736,1929573.0,15139385344.0
SNDR,2025-12-03 18:56:35,0.805249343832021,25.29,7.895861,0.9087417293339232,1062490.0,4433327104.0
SYM,2025-12-03 18:56:35,0.870997375328084,72.11,7.70725,0.9332184356437052,2391693.0,42746257408.0
SYNA,2025-12-03 18:56:35,0.7807086614173229,73.93,4.258915,1.051134885210464,399688.0,2886982400.0
TERN,2025-12-03 18:56:35,0.776771653543307,27.61,7.0569973,0.9117525190592786,2739217.0,2487102976.0
TEX,2025-12-03 18:56:35,0.8526246719160105,49.91,7.3333335,0.9492321750592344,989288.0,3273353472.0
VAL,2025-12-03 18:56:35,0.8354330708661416,60.84,6.905641,0.7809199253564556,1100698.0,4332626944.0
VERA,2025-12-03 18:56:35,0.8489501312335958,40.28,8.130951,0.9398616959122588,1555847.0,2575022336.0
VRTX,2025-12-03 18:56:35,0.9093175853018372,459.82,6.1572237,1.0361426288994802,1477120.0,117893554176.0
XPO,2025-12-03 18:56:35,0.7860892388451444,141.75,4.728477,0.6626600284495021,1265400.0,16692774912.0
AA,2025-12-03 19:18:50,0.7997435897435898,44.71,7.864893,0.7979730092542466,6816114.0,11578281984.0
ACLX,2025-12-03 19:18:50,0.8475641025641024,73.27,6.481615,0.8865033436613247,644204.0,4236681728.0
AEO,2025-12-03 19:18:50,0.8660256410256411,23.8,14.258279,2.546418333246776,9723755.0,4123783936.0
ALAB,2025-12-03 19:18:50,0.8255128205128204,151.53,6.009512,0.8086580790324763,6569679.0,25593964544.0
AMKR,2025-12-03 19:18:50,0.8337179487179486,43.43,7.0588374,1.1595800728662842,3091965.0,10735610880.0
AMR,2025-12-03 19:18:50,0.9511538461538462,183.0,12.962963,1.0395933691768802,286058.0,2388849664.0
APGE,2025-12-03 19:18:50,0.8471794871794872,74.54,7.825841,0.7146974802968806,740365.0,5092590080.0
ARWR,2025-12-03 19:18:50,0.908974358974359,65.19,12.493532,1.0361734470073702,2302490.0,9013010432.0
BDC,2025-12-03 19:18:50,0.8020512820512822,118.56,4.928017,0.7978342168749951,256166.0,4697328128.0
BKV,2025-12-03 19:18:50,0.7796153846153846,27.875,5.188679,1.9112214188000785,639625.0,2507929088.0
BOX,2025-12-03 19:18:50,0.8083333333333333,31.96,5.933043,2.4290668344619304,1840338.0,4630550528.0
CEPU,2025-12-03 19:18:50,0.7723076923076923,17.705,6.9788566,0.9398096511227384,487736.0,3022903808.0
CNR,2025-12-03 19:18:50,0.7932051282051282,83.0,6.6700974,0.637001428981004,882447.0,4272136192.0
CPRI,2025-12-03 19:18:50,0.7776923076923077,27.01,7.3529425,0.875182184597981,2498153.0,3218060032.0
CRCL,2025-12-03 19:18:50,0.8582051282051282,83.1675,7.39605,1.1256567100973252,13866088.0,21160941568.0
CSW,2025-12-03 19:18:50,0.8339743589743589,296.985,7.1335793,0.6085946047426992,154469.0,4990080512.0
CVNA,2025-12-03 19:18:50,0.7756410256410257,400.0,4.6627264,0.669053028318805,3092574.0,86721372160.0
DIOD,2025-12-03 19:18:50,0.8889743589743588,50.24,7.3045745,1.38776018200917,401738.0,2333283072.0
DKS,2025-12-03 19:18:50,0.9184615384615384,225.59,7.7213244,1.021826599677539,1463123.0,20230080512.0
DRVN,2025-12-03 19:18:50,0.772948717948718,15.34,8.486562,0.8883212116026354,1168700.0,2522727936.0
ELF,2025-12-03 19:18:50,0.8056410256410257,77.7275,4.754049,1.388169724095392,2214606.0,4635417088.0
ENTG,2025-12-03 19:18:50,0.7985897435897436,85.34,6.9216256,0.6655828743866583,2477412.0,12937543680.0
FIVE,2025-12-03 19:18:50,0.7742307692307693,164.905,3.7791095,1.2749646666127938,1212734.0,9093763072.0
FRPT,2025-12-03 19:18:50,0.8302564102564103,62.655,7.7286773,0.7091658504115922,1452773.0,3058086144.0
GENI,2025-12-03 19:18:50,0.8028205128205128,11.26,11.374883,2.1722930714923754,5632223.0,2687965952.0
HCC,2025-12-03 19:18:50,0.7857692307692308,83.79,7.4230785,0.5541996844114297,810549.0,4404853248.0
HUM,2025-12-03 19:18:50,0.7729487179487179,254.5275,5.193875,0.6130561941669314,1895606.0,30612803584.0
IE,2025-12-03 19:18:50,0.8367948717948717,15.005,13.846736,1.3507307969059184,2223600.0,2171445248.0
LB,2025-12-03 19:18:50,0.8194871794871794,59.63,8.04494,0.6371432192941013,433915.0,4745899008.0
LLYVA,2025-12-03 19:18:50,0.8210256410256409,78.5889,4.6178045,1.420017521881883,122133.0,7411571200.0
MCHP,2025-12-03 19:18:50,0.8979487179487179,62.28,9.821901,1.5114300436426722,7803601.0,33659029504.0
MRVL,2025-12-03 19:18:50,0.8683333333333333,99.25,6.846809,2.009858638120115,19671074.0,85573353472.0
NXPI,2025-12-03 19:18:50,0.8407692307692308,226.87,5.349426,0.8862375034679372,2613225.0,57197236224.0
ODFL,2025-12-03 19:18:50,0.8637179487179486,149.8,6.1056886,0.9565183854093756,2100198.0,31483189248.0
OKTA,2025-12-03 19:18:50,0.8183333333333334,85.6509,4.618174,3.0140481757941724,2367496.0,15099044864.0
ON,2025-12-03 19:18:50,0.8264102564102564,55.9502,8.683372,0.8233209257441239,8673455.0,22882174976.0
PCVX,2025-12-03 19:18:50,0.79,47.825,6.991051,0.739353143925853,1725979.0,6260592128.0
RGC,2025-12-03 19:18:50,0.8171794871794872,13.3625,8.286061,1.1535842195162267,181490.0,6607607808.0
SITM,2025-12-03 19:18:50,0.9735897435897436,346.09,12.4033785,1.4133037631767331,356215.0,9033166848.0
SN,2025-12-03 19:18:50,0.843205128205128,107.14,5.629497,1.029325659096598,1929573.0,15122447360.0
SNDR,2025-12-03 19:18:50,0.8075641025641025,25.25,7.7218404,0.969360652806144,1062490.0,4426314752.0
SYM,2025-12-03 19:18:50,0.8787179487179487,72.7093,8.602391,0.9647291688356324,2391693.0,43101515776.0
SYNA,2025-12-03 19:18:50,0.7792307692307692,74.05,4.4281473,1.0876833930465764,399688.0,2891668736.0
SYRE,2025-12-03 19:18:50,0.8014102564102563,30.66,7.9577475,0.7912854100021539,877471.0,2378974720.0
TERN,2025-12-03 19:18:50,0.7835897435897436,27.635,7.153933,0.9678992208357352,2739217.0,2489354752.0
TEX,2025-12-03 19:18:50,0.8596153846153847,49.995,7.5161266,1.00194382222366,989288.0,3278928128.0
VAL,2025-12-03 19:18:50,0.8366666666666667,60.88,6.9759293,0.8423554871545147,1100698.0,4335475712.0
VERA,2025-12-03 19:18:50,0.8530769230769231,40.5,8.724833,0.9719541831555416,1555847.0,2589086720.0
VRTX,2025-12-03 19:18:50,0.9085897435897436,461.085,6.4494896,1.1024750866551127,1477120.0,118217883648.0
XPO,2025-12-03 19:18:50,0.803076923076923,142.57,5.334319,0.6970230757072863,1265400.0,16789340160.0
AA,2025-12-03 19:39:18,0.7983502538071067,44.72,7.8890243,0.8253440303375208,6816114.0,11580871680.0
ACLX,2025-12-03 19:39:18,0.8477157360406091,73.24,6.4380183,0.9491496482480704,644204.0,4234947072.0
AEO,2025-12-03 19:39:18,0.8724619289340101,24.03,15.362461,2.6302330735400057,9723755.0,4163635968.0
ALAB,2025-12-03 19:39:18,0.8175126903553299,151.175,5.761159,0.8450959323887819,6569679.0,25534005248.0
AMKR,2025-12-03 19:39:18,0.8362944162436549,43.4897,7.206002,1.2012952927992393,3091965.0,10750368768.0
AMR,2025-12-03 19:39:18,0.950507614213198,182.885,12.891973,1.0906074991784882,286058.0,2387348480.0
APGE,2025-12-03 19:39:18,0.850253807106599,74.495,7.760749,0.7678388362496876,740365.0,5089516032.0
ARWR,2025-12-03 19:39:18,0.9110406091370558,65.45,12.942185,1.0788207549218454,2302490.0,9048955904.0
BDC,2025-12-03 19:39:18,0.8097715736040609,118.73,5.089396,0.8273541375514315,256166.0,4704063488.0
BEAM,2025-12-03 19:39:18,0.7748730964467004,26.19,12.066751,0.6862522654307943,2503387.0,2657628928.0
BKV,2025-12-03 19:39:18,0.7901015228426396,27.925,5.3773556,2.039247996873168,639625.0,2512427520.0
BMY,2025-12-03 19:39:18,0.7887055837563451,51.235,6.1865296,1.14717539165595,15778453.0,104301813760.0
BOX,2025-12-03 19:39:18,0.8170050761421319,32.01,6.1007895,2.499921753503976,1840338.0,4637794304.0
CNR,2025-12-03 19:39:18,0.7826142131979695,82.655,6.226708,0.6656048465233606,882447.0,4254378496.0
CPRI,2025-12-03 19:39:18,0.7855329949238578,27.06,7.551668,0.939596974244572,2498153.0,3224017152.0
CRCL,2025-12-03 19:39:18,0.873223350253807,83.96,8.419416,1.1589825479255578,13866088.0,21362581504.0
CSW,2025-12-03 19:39:18,0.8489847715736041,297.21,7.214747,0.6724585515540334,154469.0,4993861120.0
CVNA,2025-12-03 19:39:18,0.7939086294416243,400.98,4.9191527,0.7107121769762017,3092574.0,86933848064.0
DIOD,2025-12-03 19:39:18,0.9102791878172588,50.73,8.349348,1.447005262136019,401738.0,2356039936.0
DKS,2025-12-03 19:39:18,0.925,225.51,7.683123,1.0921672340602944,1463123.0,20222906368.0
ELF,2025-12-03 19:39:18,0.8252538071065989,78.02,5.1482477,1.409747377185829,2214606.0,4652860416.0
ENTG,2025-12-03 19:39:18,0.827030456852792,85.91,7.6296716,0.7065223709257887,2477412.0,13023956992.0
FIVE,2025-12-03 19:39:18,0.8054568527918781,165.575,4.2007575,1.329280782100609,1212734.0,9130710016.0
FRPT,2025-12-03 19:39:18,0.8302030456852791,62.635,7.694289,0.7446283762156923,1452773.0,3057110016.0
GENI,2025-12-03 19:39:18,0.8116751269035533,11.41,12.858558,2.3253111604423333,5632223.0,2723773696.0
HUM,2025-12-03 19:39:18,0.792005076142132,255.475,5.5856338,0.6709616871860503,1895606.0,30726764544.0
IE,2025-12-03 19:39:18,0.8385786802030456,15.025,13.998478,1.3826182766684656,2223600.0,2174339584.0
LB,2025-12-03 19:39:18,0.8282994923857867,59.79,8.340893,0.6881578189276701,433915.0,4758632960.0
LLYVA,2025-12-03 19:39:18,0.8152284263959391,78.55,4.566028,1.4658282364307762,122133.0,7407903232.0
LLYVK,2025-12-03 19:39:18,0.7786802030456852,81.01,4.7588263,0.8369410252806169,298806.0,7445030400.0
LYV,2025-12-03 19:39:18,0.7889593908629441,135.45,5.3757615,0.7319385324258835,2934230.0,31452741632.0
MCHP,2025-12-03 19:39:18,0.9006345177664975,62.28,9.821901,1.5658399244143826,7803601.0,33659029504.0
MRVL,2025-12-03 19:39:18,0.8841370558375634,99.61,7.2343645,2.065015311314472,19671074.0,85883740160.0
NXPI,2025-12-03 19:39:18,0.8340101522842639,226.8838,5.353696,0.9209298854863244,2613225.0,57200717824.0
ODFL,2025-12-03 19:39:18,0.8703045685279189,149.885,6.1658893,1.0291358243365625,2100198.0,31501051904.0
OKTA,2025-12-03 19:39:18,0.83997461928934,86.003,5.0482416,3.085323058623964,2367496.0,15161114624.0
ON,2025-12-03 19:39:18,0.8281725888324872,55.92,8.624706,0.8593740326086894,8673455.0,22869823488.0
PCVX,2025-12-03 19:39:18,0.7873096446700507,47.765,6.8568206,0.7581952039972676,1725979.0,6252737536.0
RGC,2025-12-03 19:39:18,0.823477157360406,13.42,8.752026,1.1634360019835803,181490.0,6636041216.0
SAIA,2025-12-03 19:39:18,0.7939086294416244,328.73,4.524646,0.7972639596573048,514393.0,8758235136.0
SITM,2025-12-03 19:39:18,0.9784263959390864,347.99,13.02046,1.5431382732338617,356215.0,9082758144.0
SN,2025-12-03 19:39:18,0.833756345177665,106.965,5.4540043,1.0606802644937507,1929573.0,15097746432.0
SNDR,2025-12-03 19:39:18,0.8065989847715737,25.225,7.6168118,1.0191201799546348,1062490.0,4421932544.0
SYM,2025-12-03 19:39:18,0.8808375634517766,72.685,8.565109,0.9945762269655848,2391693.0,43087114240.0
SYNA,2025-12-03 19:39:18,0.807741116751269,74.32,4.808907,1.1567847921378676,399688.0,2902212096.0
SYRE,2025-12-03 19:39:18,0.8347715736040608,31.12,9.577469,0.8684321191241647,877471.0,2414667008.0
TEX,2025-12-03 19:39:18,0.865482233502538,50.045,7.6179175,1.0694853268209057,989288.0,3282207488.0
VAL,2025-12-03 19:39:18,0.8219543147208122,60.57,6.428948,0.8748793947113559,1100698.0,4313399296.0
VERA,2025-12-03 19:39:18,0.8458121827411167,40.38,8.402688,0.995372295604902,1555847.0,2581415168.0
VRTX,2025-12-03 19:39:18,0.921446700507614,462.31,6.73208,1.171376733102253,1477120.0,118531964928.0
AA,2025-12-03 19:39:19,0.7983502538071067,44.72,7.8890243,0.8253440303375208,6816114.0,11580871680.0
ACLX,2025-12-03 19:39:19,0.8477157360406091,73.24,6.4380183,0.9491496482480704,644204.0,4234947072.0
AEO,2025-12-03 19:39:19,0.8724619289340101,24.03,15.362461,2.6302330735400057,9723755.0,4163635968.0
ALAB,2025-12-03 19:39:19,0.8175126903553299,151.175,5.761159,0.8450959323887819,6569679.0,25534005248.0
AMKR,2025-12-03 19:39:19,0.8362944162436549,43.4897,7.206002,1.2012952927992393,3091965.0,10750368768.0
AMR,2025-12-03 19:39:19,0.950507614213198,182.885,12.891973,1.0906074991784882,286058.0,2387348480.0
APGE,2025-12-03 19:39:19,0.850253807106599,74.495,7.760749,0.7678388362496876,740365.0,5089516032.0
ARWR,2025-12-03 19:39:19,0.9110406091370558,65.45,12.942185,1.0788207549218454,2302490.0,9048955904.0
BDC,2025-12-03 19:39:19,0.8097715736040609,118.73,5.089396,0.8273541375514315,256166.0,4704063488.0
BEAM,2025-12-03 19:39:19,0.7748730964467004,26.19,12.066751,0.6862522654307943,2503387.0,2657628928.0
BKV,2025-12-03 19:39:19,0.7901015228426396,27.925,5.3773556,2.039247996873168,639625.0,2512427520.0
BMY,2025-12-03 19:39:19,0.7887055837563451,51.235,6.1865296,1.14717539165595,15778453.0,104301813760.0
BOX,2025-12-03 19:39:19,0.8170050761421319,32.01,6.1007895,2.499921753503976,1840338.0,4637794304.0
CNR,2025-12-03 19:39:19,0.7826142131979695,82.655,6.226708,0.6656048465233606,882447.0,4254378496.0
CPRI,2025-12-03 19:39:19,0.7855329949238578,27.06,7.551668,0.939596974244572,2498153.0,3224017152.0
CRCL,2025-12-03 19:39:19,0.873223350253807,83.96,8.419416,1.1589825479255578,13866088.0,21362581504.0
CSW,2025-12-03 19:39:19,0.8489847715736041,297.21,7.214747,0.6724585515540334,154469.0,4993861120.0
CVNA,2025-12-03 19:39:19,0.7939086294416243,400.98,4.9191527,0.7107121769762017,3092574.0,86933848064.0
DIOD,2025-12-03 19:39:19,0.9102791878172588,50.73,8.349348,1.447005262136019,401738.0,2356039936.0
DKS,2025-12-03 19:39:19,0.925,225.51,7.683123,1.0921672340602944,1463123.0,20222906368.0
ELF,2025-12-03 19:39:19,0.8252538071065989,78.02,5.1482477,1.409747377185829,2214606.0,4652860416.0
ENTG,2025-12-03 19:39:19,0.827030456852792,85.91,7.6296716,0.7065223709257887,2477412.0,13023956992.0
FIVE,2025-12-03 19:39:19,0.8054568527918781,165.575,4.2007575,1.329280782100609,1212734.0,9130710016.0
FRPT,2025-12-03 19:39:19,0.8302030456852791,62.635,7.694289,0.7446283762156923,1452773.0,3057110016.0
GENI,2025-12-03 19:39:19,0.8116751269035533,11.41,12.858558,2.3253111604423333,5632223.0,2723773696.0
HUM,2025-12-03 19:39:19,0.792005076142132,255.475,5.5856338,0.6709616871860503,1895606.0,30726764544.0
IE,2025-12-03 19:39:19,0.8385786802030456,15.025,13.998478,1.3826182766684656,2223600.0,2174339584.0
LB,2025-12-03 19:39:19,0.8282994923857867,59.79,8.340893,0.6881578189276701,433915.0,4758632960.0
LLYVA,2025-12-03 19:39:19,0.8152284263959391,78.55,4.566028,1.4658282364307762,122133.0,7407903232.0
LLYVK,2025-12-03 19:39:19,0.7786802030456852,81.01,4.7588263,0.8369410252806169,298806.0,7445030400.0
LYV,2025-12-03 19:39:19,0.7889593908629441,135.45,5.3757615,0.7319385324258835,2934230.0,31452741632.0
MCHP,2025-12-03 19:39:19,0.9006345177664975,62.28,9.821901,1.5658399244143826,7803601.0,33659029504.0
MRVL,2025-12-03 19:39:19,0.8841370558375634,99.61,7.2343645,2.065015311314472,19671074.0,85883740160.0
NXPI,2025-12-03 19:39:19,0.8340101522842639,226.8838,5.353696,0.9209298854863244,2613225.0,57200717824.0
ODFL,2025-12-03 19:39:19,0.8703045685279189,149.885,6.1658893,1.0291358243365625,2100198.0,31501051904.0
OKTA,2025-12-03 19:39:19,0.83997461928934,86.003,5.0482416,3.085323058623964,2367496.0,15161114624.0
ON,2025-12-03 19:39:19,0.8281725888324872,55.92,8.624706,0.8593740326086894,8673455.0,22869823488.0
PCVX,2025-12-03 19:39:19,0.7873096446700507,47.765,6.8568206,0.7581952039972676,1725979.0,6252737536.0
RGC,2025-12-03 19:39:19,0.823477157360406,13.42,8.752026,1.1634360019835803,181490.0,6636041216.0
SAIA,2025-12-03 19:39:19,0.7939086294416244,328.73,4.524646,0.7972639596573048,514393.0,8758235136.0
SITM,2025-12-03 19:39:19,0.9784263959390864,347.99,13.02046,1.5431382732338617,356215.0,9082758144.0
SN,2025-12-03 19:39:19,0.833756345177665,106.965,5.4540043,1.0606802644937507,1929573.0,15097746432.0
SNDR,2025-12-03 19:39:19,0.8065989847715737,25.225,7.6168118,1.0191201799546348,1062490.0,4421932544.0
SYM,2025-12-03 19:39:19,0.8808375634517766,72.685,8.565109,0.9945762269655848,2391693.0,43087114240.0
SYNA,2025-12-03 19:39:19,0.807741116751269,74.32,4.808907,1.1567847921378676,399688.0,2902212096.0
SYRE,2025-12-03 19:39:19,0.8347715736040608,31.12,9.577469,0.8684321191241647,877471.0,2414667008.0
TEX,2025-12-03 19:39:19,0.865482233502538,50.045,7.6179175,1.0694853268209057,989288.0,3282207488.0
VAL,2025-12-03 19:39:19,0.8219543147208122,60.57,6.428948,0.8748793947113559,1100698.0,4313399296.0
VERA,2025-12-03 19:39:19,0.8458121827411167,40.38,8.402688,0.995372295604902,1555847.0,2581415168.0
VRTX,2025-12-03 19:39:19,0.921446700507614,462.31,6.73208,1.171376733102253,1477120.0,118531964928.0
AA,2025-12-03 19:51:24,0.785929648241206,44.59,7.5753903,0.841778321195919,6816114.0,11547206656.0
ACLX,2025-12-03 19:51:24,0.8606783919597989,73.73,7.1490936,1.0130455569974728,644204.0,4263280640.0
AEO,2025-12-03 19:51:24,0.8719849246231156,24.025,15.338452,2.678400062527285,9723755.0,4162769408.0
ALAB,2025-12-03 19:51:24,0.8020100502512562,151.04,5.666707,0.8660818892369019,6569679.0,25511200768.0
AMKR,2025-12-03 19:51:24,0.8327889447236181,43.49,7.2067456,1.237666985234309,3091965.0,10750443520.0
AMR,2025-12-03 19:51:24,0.9478643216080402,182.2,12.469134,1.1196960057051366,286058.0,2378406656.0
APGE,2025-12-03 19:51:24,0.8476130653266332,74.56,7.854767,0.7958088240259872,740365.0,5093956096.0
ARWR,2025-12-03 19:51:24,0.9119346733668342,65.65,13.287317,1.1076469387489196,2302490.0,9076608000.0
ASAN,2025-12-03 19:51:24,0.7697236180904523,14.365,7.2815485,1.811624805148681,3972901.0,3393687040.0
BDC,2025-12-03 19:51:24,0.8092964824120603,118.89,5.231011,0.859497357182452,256166.0,4710402560.0
BEAM,2025-12-03 19:51:24,0.7722361809045226,26.33,12.665807,0.6981361651234907,2503387.0,2671835392.0
BKV,2025-12-03 19:51:24,0.7798994974874371,27.92,5.3584905,2.119896814539769,639625.0,2511977728.0
BMY,2025-12-03 19:51:24,0.7699748743718593,51.08,5.8652887,1.185028975907841,15778453.0,103986274304.0
BOX,2025-12-03 19:51:24,0.8140703517587938,32.0075,6.090486,2.5606214727946712,1840338.0,4637432320.0
CEPU,2025-12-03 19:51:24,0.7839195979899496,17.77,7.3716087,1.0577484540817164,487736.0,3034001920.0
CPRI,2025-12-03 19:51:24,0.7865577889447235,27.06,7.551668,0.9874187049392092,2498153.0,3224017152.0
CRCL,2025-12-03 19:51:24,0.8701005025125627,83.99,8.458155,1.1725115259617565,13866088.0,21370214400.0
CSW,2025-12-03 19:51:24,0.8554020100502512,297.57,7.3446183,0.7126284238261399,154469.0,4999910400.0
CVNA,2025-12-03 19:51:24,0.7771356783919598,400.855,4.886446,0.732088221656135,3092574.0,86906748928.0
DIOD,2025-12-03 19:51:24,0.9163316582914572,50.91,8.735583,1.4922188092737056,401738.0,2364399616.0
DKS,2025-12-03 19:51:24,0.9229899497487436,225.76,7.8025002,1.1188519352098216,1463123.0,20245325824.0
ELF,2025-12-03 19:51:24,0.8194723618090453,78.08,5.2291174,1.4234229474678566,2214606.0,4656438784.0
ENTG,2025-12-03 19:51:24,0.8345477386934673,86.23,8.030574,0.7380044175131145,2477412.0,13072468992.0
FIVE,2025-12-03 19:51:24,0.7834170854271358,165.18,3.9521706,1.3605687644611266,1212734.0,9108927488.0
FRPT,2025-12-03 19:51:24,0.8282663316582916,62.8,7.9779906,0.7658877195542594,1452773.0,3065163520.0
GENI,2025-12-03 19:51:24,0.8104271356783919,11.395,12.710196,2.34723891436827,5632223.0,2720193024.0
HUM,2025-12-03 19:51:24,0.8075376884422111,256.64,6.0671215,0.6968932362526812,1895606.0,30866882560.0
IE,2025-12-03 19:51:24,0.8371859296482412,15.03,14.036414,1.4071010973196618,2223600.0,2175063040.0
IREN,2025-12-03 19:51:24,0.7727386934673367,43.7212,6.3258758,1.2248554332936274,41772066.0,12619800576.0
LB,2025-12-03 19:51:24,0.8263819095477387,59.91,8.552277,0.7053823905603632,433915.0,4768183808.0
LLYVA,2025-12-03 19:51:24,0.7881909547738694,78.41,4.37966,1.5298567954606863,122133.0,7394700288.0
LYV,2025-12-03 19:51:24,0.7760050251256281,135.2675,5.233786,0.7528854247962838,2934230.0,31410364416.0
MCHP,2025-12-03 19:51:24,0.9001256281407034,62.47,10.156943,1.5969236510170113,7803601.0,33761716224.0
MRVL,2025-12-03 19:51:24,0.8819095477386935,99.711,7.343093,2.097174765343265,19671074.0,85970821120.0
NXPI,2025-12-03 19:51:24,0.8307788944723618,227.27,5.535174,0.94259430397306,2613225.0,57298083840.0
ODFL,2025-12-03 19:51:24,0.8648241206030151,149.8,6.1056886,1.0602695555371446,2100198.0,31483189248.0
OKTA,2025-12-03 19:51:24,0.8405778894472361,86.11,5.1789393,3.129429152150627,2367496.0,15179977728.0
ON,2025-12-03 19:51:24,0.8271356783919598,56.11,8.993787,0.8786310645527071,8673455.0,22947530752.0
PCVX,2025-12-03 19:51:24,0.7790201005025125,47.815,6.968675,0.7750656294195931,1725979.0,6259282944.0
RGC,2025-12-03 19:51:24,0.8037688442211055,13.3159,7.908425,1.168494131908094,181490.0,6584564736.0
SITM,2025-12-03 19:51:24,0.9777638190954776,348.98,13.342001,1.5658043597265696,356215.0,9108597760.0
SN,2025-12-03 19:51:24,0.8283919597989949,107.13,5.619636,1.0759815772712409,1929573.0,15121035264.0
SNDR,2025-12-03 19:51:24,0.8003768844221105,25.16,7.337881,1.078140970738548,1062490.0,4410537984.0
SYM,2025-12-03 19:51:24,0.8729899497487437,72.77,8.693055,1.000934902598285,2391693.0,43137499136.0
SYNA,2025-12-03 19:51:24,0.8224874371859296,74.61,5.2178774,1.181073737515262,399688.0,2913536512.0
SYRE,2025-12-03 19:51:24,0.8415829145728644,31.53,11.0211315,0.8971521565954886,877471.0,2446479872.0
TEX,2025-12-03 19:51:24,0.8478643216080403,49.84,7.1827955,1.1148664494060374,989288.0,3268762624.0
VAL,2025-12-03 19:51:24,0.8239949748743719,60.8082,6.8497643,0.905003007182715,1100698.0,4330362368.0
VERA,2025-12-03 19:51:24,0.8585427135678392,40.77,9.429416,1.0195694049607706,1555847.0,2606347264.0
VRTX,2025-12-03 19:51:24,0.9119346733668342,461.8825,6.633732,1.2032414428076257,1477120.0,118422355968.0
AA,2025-12-03 19:51:25,0.785929648241206,44.59,7.5753903,0.841778321195919,6816114.0,11547206656.0
ACLX,2025-12-03 19:51:25,0.8606783919597989,73.73,7.1490936,1.0130455569974728,644204.0,4263280640.0
AEO,2025-12-03 19:51:25,0.8719849246231156,24.025,15.338452,2.678400062527285,9723755.0,4162769408.0
ALAB,2025-12-03 19:51:25,0.8020100502512562,151.04,5.666707,0.8660818892369019,6569679.0,25511200768.0
AMKR,2025-12-03 19:51:25,0.8327889447236181,43.49,7.2067456,1.237666985234309,3091965.0,10750443520.0
AMR,2025-12-03 19:51:25,0.9478643216080402,182.2,12.469134,1.1196960057051366,286058.0,2378406656.0
APGE,2025-12-03 19:51:25,0.8476130653266332,74.56,7.854767,0.7958088240259872,740365.0,5093956096.0
ARWR,2025-12-03 19:51:25,0.9119346733668342,65.65,13.287317,1.1076469387489196,2302490.0,9076608000.0
ASAN,2025-12-03 19:51:25,0.7697236180904523,14.365,7.2815485,1.811624805148681,3972901.0,3393687040.0
BDC,2025-12-03 19:51:25,0.8092964824120603,118.89,5.231011,0.859497357182452,256166.0,4710402560.0
BEAM,2025-12-03 19:51:25,0.7722361809045226,26.33,12.665807,0.6981361651234907,2503387.0,2671835392.0
BKV,2025-12-03 19:51:25,0.7798994974874371,27.92,5.3584905,2.119896814539769,639625.0,2511977728.0
BMY,2025-12-03 19:51:25,0.7699748743718593,51.08,5.8652887,1.185028975907841,15778453.0,103986274304.0
BOX,2025-12-03 19:51:25,0.8140703517587938,32.0075,6.090486,2.5606214727946712,1840338.0,4637432320.0
CEPU,2025-12-03 19:51:25,0.7839195979899496,17.77,7.3716087,1.0577484540817164,487736.0,3034001920.0
CPRI,2025-12-03 19:51:25,0.7865577889447235,27.06,7.551668,0.9874187049392092,2498153.0,3224017152.0
CRCL,2025-12-03 19:51:25,0.8701005025125627,83.99,8.458155,1.1725115259617565,13866088.0,21370214400.0
CSW,2025-12-03 19:51:25,0.8554020100502512,297.57,7.3446183,0.7126284238261399,154469.0,4999910400.0
CVNA,2025-12-03 19:51:25,0.7771356783919598,400.855,4.886446,0.732088221656135,3092574.0,86906748928.0
DIOD,2025-12-03 19:51:25,0.9163316582914572,50.91,8.735583,1.4922188092737056,401738.0,2364399616.0
DKS,2025-12-03 19:51:25,0.9229899497487436,225.76,7.8025002,1.1188519352098216,1463123.0,20245325824.0
ELF,2025-12-03 19:51:25,0.8194723618090453,78.08,5.2291174,1.4234229474678566,2214606.0,4656438784.0
ENTG,2025-12-03 19:51:25,0.8345477386934673,86.23,8.030574,0.7380044175131145,2477412.0,13072468992.0
FIVE,2025-12-03 19:51:25,0.7834170854271358,165.18,3.9521706,1.3605687644611266,1212734.0,9108927488.0
FRPT,2025-12-03 19:51:25,0.8282663316582916,62.8,7.9779906,0.7658877195542594,1452773.0,3065163520.0
GENI,2025-12-03 19:51:25,0.8104271356783919,11.395,12.710196,2.34723891436827,5632223.0,2720193024.0
HUM,2025-12-03 19:51:25,0.8075376884422111,256.64,6.0671215,0.6968932362526812,1895606.0,30866882560.0
IE,2025-12-03 19:51:25,0.8371859296482412,15.03,14.036414,1.4071010973196618,2223600.0,2175063040.0
IREN,2025-12-03 19:51:25,0.7727386934673367,43.7212,6.3258758,1.2248554332936274,41772066.0,12619800576.0
LB,2025-12-03 19:51:25,0.8263819095477387,59.91,8.552277,0.7053823905603632,433915.0,4768183808.0
LLYVA,2025-12-03 19:51:25,0.7881909547738694,78.41,4.37966,1.5298567954606863,122133.0,7394700288.0
LYV,2025-12-03 19:51:25,0.7760050251256281,135.2675,5.233786,0.7528854247962838,2934230.0,31410364416.0
MCHP,2025-12-03 19:51:25,0.9001256281407034,62.47,10.156943,1.5969236510170113,7803601.0,33761716224.0
MRVL,2025-12-03 19:51:25,0.8819095477386935,99.711,7.343093,2.097174765343265,19671074.0,85970821120.0
NXPI,2025-12-03 19:51:25,0.8307788944723618,227.27,5.535174,0.94259430397306,2613225.0,57298083840.0
ODFL,2025-12-03 19:51:25,0.8648241206030151,149.8,6.1056886,1.0602695555371446,2100198.0,31483189248.0
OKTA,2025-12-03 19:51:25,0.8405778894472361,86.11,5.1789393,3.129429152150627,2367496.0,15179977728.0
ON,2025-12-03 19:51:25,0.8271356783919598,56.11,8.993787,0.8786310645527071,8673455.0,22947530752.0
PCVX,2025-12-03 19:51:25,0.7790201005025125,47.815,6.968675,0.7750656294195931,1725979.0,6259282944.0
RGC,2025-12-03 19:51:25,0.8037688442211055,13.3159,7.908425,1.168494131908094,181490.0,6584564736.0
SITM,2025-12-03 19:51:25,0.9777638190954776,348.98,13.342001,1.5658043597265696,356215.0,9108597760.0
SN,2025-12-03 19:51:25,0.8283919597989949,107.13,5.619636,1.0759815772712409,1929573.0,15121035264.0
SNDR,2025-12-03 19:51:25,0.8003768844221105,25.16,7.337881,1.078140970738548,1062490.0,4410537984.0
SYM,2025-12-03 19:51:25,0.8729899497487437,72.77,8.693055,1.000934902598285,2391693.0,43137499136.0
SYNA,2025-12-03 19:51:25,0.8224874371859296,74.61,5.2178774,1.181073737515262,399688.0,2913536512.0
SYRE,2025-12-03 19:51:25,0.8415829145728644,31.53,11.0211315,0.8971521565954886,877471.0,2446479872.0
TEX,2025-12-03 19:51:25,0.8478643216080403,49.84,7.1827955,1.1148664494060374,989288.0,3268762624.0
VAL,2025-12-03 19:51:25,0.8239949748743719,60.8082,6.8497643,0.905003007182715,1100698.0,4330362368.0
VERA,2025-12-03 19:51:25,0.8585427135678392,40.77,9.429416,1.0195694049607706,1555847.0,2606347264.0
VRTX,2025-12-03 19:51:25,0.9119346733668342,461.8825,6.633732,1.2032414428076257,1477120.0,118422355968.0
AA,2025-12-03 20:24:05,0.7922222222222222,44.745,7.9493318,0.9102575162328564,6816114.0,11587345408.0
ACLX,2025-12-03 20:24:05,0.8408641975308642,73.19,6.365361,1.1601340569136485,644204.0,4232056064.0
AEO,2025-12-03 20:24:05,0.8717283950617284,23.83,14.398849,2.810973744196558,9723755.0,4128982272.0
ALAB,2025-12-03 20:24:05,0.797037037037037,151.2,5.7786446,0.917413164326598,6569679.0,25538226176.0
AMKR,2025-12-03 20:24:05,0.838888888888889,43.5413,7.3332047,1.3134983740113488,3091965.0,10763123712.0
AMR,2025-12-03 20:24:05,0.9455555555555554,183.1,13.024694,1.1818687119395368,286058.0,2390155264.0
APGE,2025-12-03 20:24:05,0.87,74.875,8.310433,0.9336975680914144,740365.0,5115477504.0
ARWR,2025-12-03 20:24:05,0.9176543209876542,65.75,13.459878,1.2200074701735946,2302490.0,9090434048.0
ASAN,2025-12-03 20:24:05,0.7646913580246913,14.3693,7.3160677,1.942588551791248,3972901.0,3394702848.0
BDC,2025-12-03 20:24:05,0.8099999999999999,119.4,5.68242,0.8925462395477932,256166.0,4730609152.0
BEAM,2025-12-03 20:24:05,0.774074074074074,26.59,13.778345,0.7417175211024104,2503387.0,2698218752.0
BMY,2025-12-03 20:24:05,0.772716049382716,51.175,6.062175,1.2528228844741622,15778453.0,104179662848.0
BOX,2025-12-03 20:24:05,0.7998765432098764,31.97,5.966189,2.730600574459692,1840338.0,4631998976.0
CAMT,2025-12-03 20:24:05,0.7665432098765432,116.55,5.094681,0.8432264197674757,549104.0,5334057472.0
CDNS,2025-12-03 20:24:05,0.764320987654321,333.8,4.988358,0.7676435745391674,1862987.0,90957152256.0
CPRI,2025-12-03 20:24:05,0.8207407407407408,27.135,7.849763,1.2860933657786373,2498153.0,3232952832.0
CRCL,2025-12-03 20:24:05,0.8837037037037037,85.31,10.173209,1.2362196893601136,13866088.0,21706072064.0
CSW,2025-12-03 20:24:05,0.8717283950617283,298.69,7.748642,0.8347629621477448,154469.0,5018728960.0
DIOD,2025-12-03 20:24:05,0.9225925925925924,51.33,9.63264,1.6092627533367518,401738.0,2383905792.0
DKS,2025-12-03 20:24:05,0.9253086419753086,226.48,8.146308,1.2036650370474662,1463123.0,20309893120.0
ELF,2025-12-03 20:24:05,0.884074074074074,79.575,7.2439356,1.5776535419844433,2214606.0,4745595392.0
ENTG,2025-12-03 20:24:05,0.8458024691358025,86.42,8.268603,0.8499765077427573,2477412.0,13101272064.0
FRPT,2025-12-03 20:24:05,0.818395061728395,62.66,7.7372766,0.842548698248109,1452773.0,3058330368.0
GENI,2025-12-03 20:24:05,0.8155555555555556,11.455,13.303663,2.653168029745981,5632223.0,2734515968.0
HRI,2025-12-03 20:24:05,0.7796296296296297,141.8975,7.628573,0.642982165976249,456487.0,4720889344.0
HUM,2025-12-03 20:24:05,0.815679012345679,256.785,6.1270447,0.807589762851563,1895606.0,30884321280.0
IE,2025-12-03 20:24:05,0.8254320987654321,14.86,12.746581,1.5259718474545785,2223600.0,2150461696.0
IREN,2025-12-03 20:24:05,0.7817283950617284,43.93,6.8349237,1.2704982320003038,41772066.0,12680069120.0
LB,2025-12-03 20:24:05,0.8451851851851853,60.25,9.16833,0.8131823052902066,433915.0,4795244032.0
LLYVA,2025-12-03 20:24:05,0.8059259259259259,78.595,4.62593,1.6603129375353098,122133.0,7412146688.0
LYV,2025-12-03 20:24:05,0.7932098765432098,135.84,5.6798315,0.877196402463338,2934230.0,31543304192.0
MCHP,2025-12-03 20:24:05,0.91,63.22,11.479462,1.7817572938442137,7803601.0,34167050240.0
MRVL,2025-12-03 20:24:05,0.8903703703703704,100.2735,7.947236,2.2007313378008746,19671074.0,86455812096.0
NXPI,2025-12-03 20:24:05,0.8440740740740741,228.14,5.939165,1.0509646126912149,2613225.0,57517424640.0
ODFL,2025-12-03 20:24:05,0.8745679012345678,150.18,6.3748407,1.2552254596947523,2100198.0,31563051008.0
OKTA,2025-12-03 20:24:05,0.8487654320987653,86.4001,5.533282,3.2868144233401027,2367496.0,15231118336.0
ON,2025-12-03 20:24:05,0.8444444444444446,56.89,10.508936,1.016738081883171,8673455.0,23266529280.0
PCVX,2025-12-03 20:24:05,0.7920987654320988,48.04,7.472036,0.8360762210895961,1725979.0,6288737280.0
RGC,2025-12-03 20:24:05,0.8065432098765433,13.3692,8.340353,1.2017907322717505,181490.0,6610920960.0
SITM,2025-12-03 20:24:05,0.9723456790123456,346.01,12.3774,1.6414019622980502,356215.0,9031078912.0
SN,2025-12-03 20:24:05,0.8104938271604938,106.99,5.4786396,1.1440334208656526,1929573.0,15101275136.0
SNDR,2025-12-03 20:24:05,0.7971604938271604,25.141,7.256827,1.1920554546395732,1062490.0,4407207424.0
SPR,2025-12-03 20:24:05,0.7760493827160493,39.35,4.821517,8.367625493008246,1115600.0,4624538624.0
SYM,2025-12-03 20:24:05,0.8759259259259258,73.1991,9.333981,1.0494034978569573,2391693.0,43391868928.0
SYNA,2025-12-03 20:24:05,0.8577777777777778,75.25,6.120429,1.293028562278577,399688.0,2938528768.0
SYRE,2025-12-03 20:24:05,0.8458024691358024,31.55,11.091548,0.972932438792849,877471.0,2448031488.0
TEX,2025-12-03 20:24:05,0.8406172839506174,49.67,6.8172,1.218596606852605,989288.0,3257613056.0
VAL,2025-12-03 20:24:05,0.8430864197530863,61.185,7.5118637,1.0049159715017195,1100698.0,4357195776.0
VERA,2025-12-03 20:24:05,0.8708641975308642,41.07,10.255033,1.166767040718014,1555847.0,2625525504.0
VRTX,2025-12-03 20:24:05,0.9085185185185184,461.81,6.616647,1.2775712196707103,1477120.0,118403768320.0
AA,2025-12-03 20:24:06,0.7922222222222222,44.745,7.9493318,0.9102575162328564,6816114.0,11587345408.0
ACLX,2025-12-03 20:24:06,0.8408641975308642,73.19,6.365361,1.1601340569136485,644204.0,4232056064.0
AEO,2025-12-03 20:24:06,0.8717283950617284,23.83,14.398849,2.810973744196558,9723755.0,4128982272.0
ALAB,2025-12-03 20:24:06,0.797037037037037,151.2,5.7786446,0.917413164326598,6569679.0,25538226176.0
AMKR,2025-12-03 20:24:06,0.838888888888889,43.5413,7.3332047,1.3134983740113488,3091965.0,10763123712.0
AMR,2025-12-03 20:24:06,0.9455555555555554,183.1,13.024694,1.1818687119395368,286058.0,2390155264.0
APGE,2025-12-03 20:24:06,0.87,74.875,8.310433,0.9336975680914144,740365.0,5115477504.0
ARWR,2025-12-03 20:24:06,0.9176543209876542,65.75,13.459878,1.2200074701735946,2302490.0,9090434048.0
ASAN,2025-12-03 20:24:06,0.7646913580246913,14.3693,7.3160677,1.942588551791248,3972901.0,3394702848.0
BDC,2025-12-03 20:24:06,0.8099999999999999,119.4,5.68242,0.8925462395477932,256166.0,4730609152.0
BEAM,2025-12-03 20:24:06,0.774074074074074,26.59,13.778345,0.7417175211024104,2503387.0,2698218752.0
BMY,2025-12-03 20:24:06,0.772716049382716,51.175,6.062175,1.2528228844741622,15778453.0,104179662848.0
BOX,2025-12-03 20:24:06,0.7998765432098764,31.97,5.966189,2.730600574459692,1840338.0,4631998976.0
CAMT,2025-12-03 20:24:06,0.7665432098765432,116.55,5.094681,0.8432264197674757,549104.0,5334057472.0
CDNS,2025-12-03 20:24:06,0.764320987654321,333.8,4.988358,0.7676435745391674,1862987.0,90957152256.0
CPRI,2025-12-03 20:24:06,0.8207407407407408,27.135,7.849763,1.2860933657786373,2498153.0,3232952832.0
CRCL,2025-12-03 20:24:06,0.8837037037037037,85.31,10.173209,1.2362196893601136,13866088.0,21706072064.0
CSW,2025-12-03 20:24:06,0.8717283950617283,298.69,7.748642,0.8347629621477448,154469.0,5018728960.0
DIOD,2025-12-03 20:24:06,0.9225925925925924,51.33,9.63264,1.6092627533367518,401738.0,2383905792.0
DKS,2025-12-03 20:24:06,0.9253086419753086,226.48,8.146308,1.2036650370474662,1463123.0,20309893120.0
ELF,2025-12-03 20:24:06,0.884074074074074,79.575,7.2439356,1.5776535419844433,2214606.0,4745595392.0
ENTG,2025-12-03 20:24:06,0.8458024691358025,86.42,8.268603,0.8499765077427573,2477412.0,13101272064.0
FRPT,2025-12-03 20:24:06,0.818395061728395,62.66,7.7372766,0.842548698248109,1452773.0,3058330368.0
GENI,2025-12-03 20:24:06,0.8155555555555556,11.455,13.303663,2.653168029745981,5632223.0,2734515968.0
HRI,2025-12-03 20:24:06,0.7796296296296297,141.8975,7.628573,0.642982165976249,456487.0,4720889344.0
HUM,2025-12-03 20:24:06,0.815679012345679,256.785,6.1270447,0.807589762851563,1895606.0,30884321280.0
IE,2025-12-03 20:24:06,0.8254320987654321,14.86,12.746581,1.5259718474545785,2223600.0,2150461696.0
IREN,2025-12-03 20:24:06,0.7817283950617284,43.93,6.8349237,1.2704982320003038,41772066.0,12680069120.0
LB,2025-12-03 20:24:06,0.8451851851851853,60.25,9.16833,0.8131823052902066,433915.0,4795244032.0
LLYVA,2025-12-03 20:24:06,0.8059259259259259,78.595,4.62593,1.6603129375353098,122133.0,7412146688.0
LYV,2025-12-03 20:24:06,0.7932098765432098,135.84,5.6798315,0.877196402463338,2934230.0,31543304192.0
MCHP,2025-12-03 20:24:06,0.91,63.22,11.479462,1.7817572938442137,7803601.0,34167050240.0
MRVL,2025-12-03 20:24:06,0.8903703703703704,100.2735,7.947236,2.2007313378008746,19671074.0,86455812096.0
NXPI,2025-12-03 20:24:06,0.8440740740740741,228.14,5.939165,1.0509646126912149,2613225.0,57517424640.0
ODFL,2025-12-03 20:24:06,0.8745679012345678,150.18,6.3748407,1.2552254596947523,2100198.0,31563051008.0
OKTA,2025-12-03 20:24:06,0.8487654320987653,86.4001,5.533282,3.2868144233401027,2367496.0,15231118336.0
ON,2025-12-03 20:24:06,0.8444444444444446,56.89,10.508936,1.016738081883171,8673455.0,23266529280.0
PCVX,2025-12-03 20:24:06,0.7920987654320988,48.04,7.472036,0.8360762210895961,1725979.0,6288737280.0
RGC,2025-12-03 20:24:06,0.8065432098765433,13.3692,8.340353,1.2017907322717505,181490.0,6610920960.0
SITM,2025-12-03 20:24:06,0.9723456790123456,346.01,12.3774,1.6414019622980502,356215.0,9031078912.0
SN,2025-12-03 20:24:06,0.8104938271604938,106.99,5.4786396,1.1440334208656526,1929573.0,15101275136.0
SNDR,2025-12-03 20:24:06,0.7971604938271604,25.141,7.256827,1.1920554546395732,1062490.0,4407207424.0
SPR,2025-12-03 20:24:06,0.7760493827160493,39.35,4.821517,8.367625493008246,1115600.0,4624538624.0
SYM,2025-12-03 20:24:06,0.8759259259259258,73.1991,9.333981,1.0494034978569573,2391693.0,43391868928.0
SYNA,2025-12-03 20:24:06,0.8577777777777778,75.25,6.120429,1.293028562278577,399688.0,2938528768.0
SYRE,2025-12-03 20:24:06,0.8458024691358024,31.55,11.091548,0.972932438792849,877471.0,2448031488.0
TEX,2025-12-03 20:24:06,0.8406172839506174,49.67,6.8172,1.218596606852605,989288.0,3257613056.0
VAL,2025-12-03 20:24:06,0.8430864197530863,61.185,7.5118637,1.0049159715017195,1100698.0,4357195776.0
VERA,2025-12-03 20:24:06,0.8708641975308642,41.07,10.255033,1.166767040718014,1555847.0,2625525504.0
VRTX,2025-12-03 20:24:06,0.9085185185185184,461.81,6.616647,1.2775712196707103,1477120.0,118403768320.0
AAUC,2025-12-03 20:46:16,0.7842548076923077,22.22,5.859931,2.4391793408563,388322.0,2755279872.0
ACLX,2025-12-03 20:46:16,0.8472355769230768,73.245,6.445292,1.3130359327169654,644204.0,4235236352.0
AEO,2025-12-03 20:46:16,0.8701923076923077,23.845,14.474313,2.9397515671672108,9723755.0,4131581184.0
ALAB,2025-12-03 20:46:16,0.8268028846153845,153.23,7.1988196,0.9748704617074898,6569679.0,25881100288.0
ALK,2025-12-03 20:46:16,0.7721153846153846,45.43,6.494726,1.1135672082522512,3402417.0,5269362688.0
AMKR,2025-12-03 20:46:16,0.8527644230769229,43.76,7.8723116,1.3823895160520898,3091965.0,10817184768.0
AMR,2025-12-03 20:46:16,0.9442307692307692,182.725,12.793213,1.276517349628397,286058.0,2385260032.0
APGE,2025-12-03 20:46:16,0.8361778846153844,74.05,7.1170344,1.0247769681170773,740365.0,5059113472.0
ARWR,2025-12-03 20:46:16,0.915264423076923,65.13,12.389985,1.3311471493904423,2302490.0,9004713984.0
ASAN,2025-12-03 20:46:16,0.7849759615384616,14.48,8.140397,2.1395725692636187,3972901.0,3420855296.0
BDC,2025-12-03 20:46:16,0.8078124999999999,119.56,5.824034,0.9866805118555936,256166.0,4736948224.0
BEAM,2025-12-03 20:46:16,0.7730769230769231,26.56,13.649973,0.8000988261103856,2503387.0,2695174400.0
BOX,2025-12-03 20:46:16,0.8377403846153846,32.28,6.993698,2.972113818222522,1840338.0,4676913664.0
CAMT,2025-12-03 20:46:16,0.7933894230769232,116.61,5.1487813,1.0501380430665228,549104.0,5336803328.0
CDNS,2025-12-03 20:46:16,0.7972355769230768,336.435,5.817134,0.8759937669989108,1862987.0,91675164672.0
CNR,2025-12-03 20:46:16,0.7741586538461539,83.085,6.779336,0.7973306045575541,882447.0,4276511232.0
CPRI,2025-12-03 20:46:16,0.823076923076923,27.165,7.9690027,1.389749546965298,2498153.0,3236527360.0
CRCL,2025-12-03 20:46:16,0.8808894230769231,86.1657,11.262704,1.3051222522170636,13866088.0,21923796992.0
CSW,2025-12-03 20:46:16,0.8801682692307693,299.57,8.0660925,0.9606976157028272,154469.0,5033515520.0
DIOD,2025-12-03 20:46:16,0.9216346153846152,51.27,9.504487,1.7994961890585406,401738.0,2381118976.0
DKS,2025-12-03 20:46:16,0.9334134615384616,226.84,8.318212,1.355469089064966,1463123.0,20342175744.0
ELF,2025-12-03 20:46:16,0.8942307692307692,79.89,7.669501,1.661019160970394,2214606.0,4764381184.0
ENTG,2025-12-03 20:46:16,0.8368990384615386,86.235,8.036835,0.944560291142531,2477412.0,13073225728.0
FRPT,2025-12-03 20:46:16,0.8008413461538461,62.46,7.3933964,0.9151202562272288,1452773.0,3048568576.0
GENI,2025-12-03 20:46:16,0.8081730769230769,11.35,12.265092,2.8146493844437623,5632223.0,2709450752.0
HRI,2025-12-03 20:46:16,0.8037259615384615,143.85,9.109534,0.722121330946993,456487.0,4785848320.0
HUM,2025-12-03 20:46:16,0.8251201923076923,257.845,6.5651326,0.910619611881372,1895606.0,31011811328.0
IE,2025-12-03 20:46:16,0.8260817307692309,14.835,12.556902,1.6267687533729087,2223600.0,2146843776.0
LB,2025-12-03 20:46:16,0.8447115384615385,60.4278,9.490488,0.9019116647269626,433915.0,4809394688.0
LLYVA,2025-12-03 20:46:16,0.8112980769230769,78.75,4.8322644,1.7006460170469897,122133.0,7426764288.0
LYV,2025-12-03 20:46:16,0.8161057692307693,136.4,6.114829,1.0275636197571425,2934230.0,31673339904.0
MCHP,2025-12-03 20:46:16,0.9108173076923076,63.535,12.034767,1.9518551755785567,7803601.0,34337290240.0
MRVL,2025-12-03 20:46:16,0.8825721153846154,100.084,7.7446446,2.3020217401449456,19671074.0,86292422656.0
NXPI,2025-12-03 20:46:16,0.8430288461538461,228.5575,6.1330338,1.1188661519769634,2613225.0,57622679552.0
ODFL,2025-12-03 20:46:16,0.8929086538461538,150.955,6.923792,1.3614235419708047,2100198.0,31725932544.0
OKTA,2025-12-03 20:46:16,0.851201923076923,86.605,5.78356,3.4257755873716365,2367496.0,15267239936.0
ON,2025-12-03 20:46:16,0.8567307692307693,57.28,11.26651,1.1511680178198884,8673455.0,23426029568.0
RGC,2025-12-03 20:46:16,0.7959134615384615,13.37,8.346837,1.2084026668135983,181490.0,6611316736.0
SAIA,2025-12-03 20:46:16,0.7920673076923076,328.9,4.5786943,1.082003448725002,514393.0,8762764288.0
SITM,2025-12-03 20:46:16,0.9764423076923076,348.6832,13.245601,1.747152702721671,356215.0,9100851200.0
SN,2025-12-03 20:46:16,0.8168269230769232,107.11,5.599921,1.211600183045679,1929573.0,15118213120.0
SNDR,2025-12-03 20:46:16,0.803125,25.185,7.4445343,1.291270506075351,1062490.0,4414920192.0
SPR,2025-12-03 20:46:16,0.7752403846153846,39.37,4.874795,9.090747579777698,1115600.0,4626888704.0
SYM,2025-12-03 20:46:16,0.8487980769230768,72.17,7.7968655,1.105484692224295,2391693.0,42781827072.0
SYNA,2025-12-03 20:46:16,0.8514423076923077,75.28,6.1627345,1.381037209023038,399688.0,2939700224.0
SYRE,2025-12-03 20:46:16,0.8516826923076922,31.73,11.725352,1.0696136966349885,877471.0,2461998080.0
TEX,2025-12-03 20:46:16,0.8424278846153846,49.683,6.8451586,1.3318720130032913,989288.0,3258465536.0
VAL,2025-12-03 20:46:16,0.8030048076923076,60.61,6.501495,1.054336430156137,1100698.0,4316248064.0
VERA,2025-12-03 20:46:16,0.8810096153846153,41.24,10.711414,1.3239193828184903,1555847.0,2636393472.0
VRTX,2025-12-03 20:46:16,0.9090144230769232,462.87,6.8613644,1.3441656737435008,1477120.0,118675537920.0
AAUC,2025-12-03 20:46:17,0.7842548076923077,22.22,5.859931,2.4391793408563,388322.0,2755279872.0
ACLX,2025-12-03 20:46:17,0.8472355769230768,73.245,6.445292,1.3130359327169654,644204.0,4235236352.0
AEO,2025-12-03 20:46:17,0.8701923076923077,23.845,14.474313,2.9397515671672108,9723755.0,4131581184.0
ALAB,2025-12-03 20:46:17,0.8268028846153845,153.23,7.1988196,0.9748704617074898,6569679.0,25881100288.0
ALK,2025-12-03 20:46:17,0.7721153846153846,45.43,6.494726,1.1135672082522512,3402417.0,5269362688.0
AMKR,2025-12-03 20:46:17,0.8527644230769229,43.76,7.8723116,1.3823895160520898,3091965.0,10817184768.0
AMR,2025-12-03 20:46:17,0.9442307692307692,182.725,12.793213,1.276517349628397,286058.0,2385260032.0
APGE,2025-12-03 20:46:17,0.8361778846153844,74.05,7.1170344,1.0247769681170773,740365.0,5059113472.0
ARWR,2025-12-03 20:46:17,0.915264423076923,65.13,12.389985,1.3311471493904423,2302490.0,9004713984.0
ASAN,2025-12-03 20:46:17,0.7849759615384616,14.48,8.140397,2.1395725692636187,3972901.0,3420855296.0
BDC,2025-12-03 20:46:17,0.8078124999999999,119.56,5.824034,0.9866805118555936,256166.0,4736948224.0
BEAM,2025-12-03 20:46:17,0.7730769230769231,26.56,13.649973,0.8000988261103856,2503387.0,2695174400.0
BOX,2025-12-03 20:46:17,0.8377403846153846,32.28,6.993698,2.972113818222522,1840338.0,4676913664.0
CAMT,2025-12-03 20:46:17,0.7933894230769232,116.61,5.1487813,1.0501380430665228,549104.0,5336803328.0
CDNS,2025-12-03 20:46:17,0.7972355769230768,336.435,5.817134,0.8759937669989108,1862987.0,91675164672.0
CNR,2025-12-03 20:46:17,0.7741586538461539,83.085,6.779336,0.7973306045575541,882447.0,4276511232.0
CPRI,2025-12-03 20:46:17,0.823076923076923,27.165,7.9690027,1.389749546965298,2498153.0,3236527360.0
CRCL,2025-12-03 20:46:17,0.8808894230769231,86.1657,11.262704,1.3051222522170636,13866088.0,21923796992.0
CSW,2025-12-03 20:46:17,0.8801682692307693,299.57,8.0660925,0.9606976157028272,154469.0,5033515520.0
DIOD,2025-12-03 20:46:17,0.9216346153846152,51.27,9.504487,1.7994961890585406,401738.0,2381118976.0
DKS,2025-12-03 20:46:17,0.9334134615384616,226.84,8.318212,1.355469089064966,1463123.0,20342175744.0
ELF,2025-12-03 20:46:17,0.8942307692307692,79.89,7.669501,1.661019160970394,2214606.0,4764381184.0
ENTG,2025-12-03 20:46:17,0.8368990384615386,86.235,8.036835,0.944560291142531,2477412.0,13073225728.0
FRPT,2025-12-03 20:46:17,0.8008413461538461,62.46,7.3933964,0.9151202562272288,1452773.0,3048568576.0
GENI,2025-12-03 20:46:17,0.8081730769230769,11.35,12.265092,2.8146493844437623,5632223.0,2709450752.0
HRI,2025-12-03 20:46:17,0.8037259615384615,143.85,9.109534,0.722121330946993,456487.0,4785848320.0
HUM,2025-12-03 20:46:17,0.8251201923076923,257.845,6.5651326,0.910619611881372,1895606.0,31011811328.0
IE,2025-12-03 20:46:17,0.8260817307692309,14.835,12.556902,1.6267687533729087,2223600.0,2146843776.0
LB,2025-12-03 20:46:17,0.8447115384615385,60.4278,9.490488,0.9019116647269626,433915.0,4809394688.0
LLYVA,2025-12-03 20:46:17,0.8112980769230769,78.75,4.8322644,1.7006460170469897,122133.0,7426764288.0
LYV,2025-12-03 20:46:17,0.8161057692307693,136.4,6.114829,1.0275636197571425,2934230.0,31673339904.0
MCHP,2025-12-03 20:46:17,0.9108173076923076,63.535,12.034767,1.9518551755785567,7803601.0,34337290240.0
MRVL,2025-12-03 20:46:17,0.8825721153846154,100.084,7.7446446,2.3020217401449456,19671074.0,86292422656.0
NXPI,2025-12-03 20:46:17,0.8430288461538461,228.5575,6.1330338,1.1188661519769634,2613225.0,57622679552.0
ODFL,2025-12-03 20:46:17,0.8929086538461538,150.955,6.923792,1.3614235419708047,2100198.0,31725932544.0
OKTA,2025-12-03 20:46:17,0.851201923076923,86.605,5.78356,3.4257755873716365,2367496.0,15267239936.0
ON,2025-12-03 20:46:17,0.8567307692307693,57.28,11.26651,1.1511680178198884,8673455.0,23426029568.0
RGC,2025-12-03 20:46:17,0.7959134615384615,13.37,8.346837,1.2084026668135983,181490.0,6611316736.0
SAIA,2025-12-03 20:46:17,0.7920673076923076,328.9,4.5786943,1.082003448725002,514393.0,8762764288.0
SITM,2025-12-03 20:46:17,0.9764423076923076,348.6832,13.245601,1.747152702721671,356215.0,9100851200.0
SN,2025-12-03 20:46:17,0.8168269230769232,107.11,5.599921,1.211600183045679,1929573.0,15118213120.0
SNDR,2025-12-03 20:46:17,0.803125,25.185,7.4445343,1.291270506075351,1062490.0,4414920192.0
SPR,2025-12-03 20:46:17,0.7752403846153846,39.37,4.874795,9.090747579777698,1115600.0,4626888704.0
SYM,2025-12-03 20:46:17,0.8487980769230768,72.17,7.7968655,1.105484692224295,2391693.0,42781827072.0
SYNA,2025-12-03 20:46:17,0.8514423076923077,75.28,6.1627345,1.381037209023038,399688.0,2939700224.0
SYRE,2025-12-03 20:46:17,0.8516826923076922,31.73,11.725352,1.0696136966349885,877471.0,2461998080.0
TEX,2025-12-03 20:46:17,0.8424278846153846,49.683,6.8451586,1.3318720130032913,989288.0,3258465536.0
VAL,2025-12-03 20:46:17,0.8030048076923076,60.61,6.501495,1.054336430156137,1100698.0,4316248064.0
VERA,2025-12-03 20:46:17,0.8810096153846153,41.24,10.711414,1.3239193828184903,1555847.0,2636393472.0
VRTX,2025-12-03 20:46:17,0.9090144230769232,462.87,6.8613644,1.3441656737435008,1477120.0,118675537920.0
ACLX,2025-12-03 21:18:05,0.8420803782505909,72.94,6.0020423,1.7170073454992518,644204.0,4217600512.0
AEO,2025-12-03 21:18:05,0.8709219858156029,23.97,15.0744,3.253000409821103,9723755.0,4153239552.0
ALAB,2025-12-03 21:18:05,0.8040189125295509,152.5,6.688119,1.1763494076346803,6569679.0,25757800448.0
ALK,2025-12-03 21:18:05,0.7946808510638298,45.37,6.35255,1.626872896532083,3402417.0,5262403584.0
AMKR,2025-12-03 21:18:05,0.8542553191489362,43.93,8.291382,1.8079172953122045,3091965.0,10859207680.0
AMR,2025-12-03 21:18:05,0.9432624113475178,180.79,11.5988,1.5713561585412748,286058.0,2360000768.0
APGE,2025-12-03 21:18:05,0.8677304964539007,74.55,7.840309,1.409683061733064,740365.0,5093273600.0
ARWR,2025-12-03 21:18:05,0.9164302600472812,65.075,12.295075,1.679607729023796,2302490.0,8997109760.0
BDC,2025-12-03 21:18:05,0.8620567375886525,120.12,6.3197,1.4918217093603368,256166.0,4759135232.0
BEAM,2025-12-03 21:18:05,0.7738770685579196,26.74,14.420192,1.0381483166605885,2503387.0,2713440000.0
BOX,2025-12-03 21:18:05,0.8271867612293143,32.18,6.66225,3.3481931036581325,1840338.0,4662425600.0
CAMT,2025-12-03 21:18:05,0.8120567375886525,116.93,5.43733,1.4023609370902417,549104.0,5351448576.0
CDNS,2025-12-03 21:18:05,0.8426713947990543,336.11,5.7149096,1.395710759119629,1862987.0,91586600960.0
CPRI,2025-12-03 21:18:05,0.8241134751773049,27.39,8.86327,1.73783911553856,2498153.0,3263334400.0
CRCL,2025-12-03 21:18:05,0.8737588652482269,86.29,11.4282,1.5020070549097917,13866088.0,21955422208.0
CSW,2025-12-03 21:18:05,0.9026004728132389,302.18,9.00761,1.326246690274424,154469.0,5077369856.0
DIOD,2025-12-03 21:18:05,0.9217494089834516,51.33,9.63264,2.169864439012491,401738.0,2383905792.0
DKS,2025-12-03 21:18:05,0.9353427895981088,227.94,8.84347,1.8318261690917303,1463123.0,20440819712.0
ELF,2025-12-03 21:18:05,0.9040189125295508,80.36,8.30189,1.961795010037903,2214606.0,4792410624.0
ENTG,2025-12-03 21:18:05,0.8692671394799054,86.27,8.080678,1.45513705431313,2477412.0,13078531072.0
FRPT,2025-12-03 21:18:05,0.8228132387706855,62.18,6.9119678,1.333436813597169,1452773.0,3034902272.0
GENI,2025-12-03 21:18:05,0.806146572104019,11.32,11.9683,3.0616724515346783,5632223.0,2702288896.0
HRI,2025-12-03 21:18:05,0.7965721040189125,143.89,9.13987,0.894781231447993,456487.0,4787179008.0
HUM,2025-12-03 21:18:05,0.7979905437352245,256.92,6.18284,1.0875065810089228,1895606.0,30900559872.0
IE,2025-12-03 21:18:05,0.8281323877068558,14.87,12.8225,1.9196307789170717,2223600.0,2151908864.0
LB,2025-12-03 21:18:05,0.816193853427896,60.5,9.62131,1.042416141410184,433915.0,4815141376.0
LLYVA,2025-12-03 21:18:05,0.8065011820330968,78.57,4.5926476,2.6202418674723456,122133.0,7409788928.0
LLYVK,2025-12-03 21:18:05,0.7826241134751772,81.03,4.784685,1.5140291694276553,298806.0,7446867968.0
LYV,2025-12-03 21:18:05,0.8329787234042554,136.01,5.81142,1.4738098240424231,2934230.0,31582779392.0
MCHP,2025-12-03 21:18:05,0.9173758865248228,63.61,12.16717,2.9072547404717386,7803601.0,34377826304.0
MRVL,2025-12-03 21:18:05,0.8845153664302601,100.2,7.8695207,2.672151657809838,19671074.0,86392438784.0
NXPI,2025-12-03 21:18:05,0.8609929078014185,227.56,5.6698356,1.7572692745553866,2613225.0,57371197440.0
ODFL,2025-12-03 21:18:05,0.9056737588652484,150.945,6.9167128,1.9060407637756056,2100198.0,31723831296.0
OKTA,2025-12-03 21:18:05,0.8424349881796691,86.34,5.4598675,3.912761837823591,2367496.0,15220523008.0
ON,2025-12-03 21:18:05,0.8664302600472813,57.15,11.013989,1.542197774704544,8673455.0,23372863488.0
RARE,2025-12-03 21:18:05,0.8225768321513003,36.45,8.903494,1.3697149903079613,1474406.0,3516607488.0
SAIA,2025-12-03 21:18:05,0.775177304964539,326.22,3.7265506,1.8231002365895337,514393.0,8691361792.0
SITM,2025-12-03 21:18:05,0.971158392434988,346.5,12.536541,2.0347177968361803,356215.0,9043868672.0
SLAB,2025-12-03 21:18:05,0.7853427895981087,137.68,6.4069815,1.0207144469162073,248136.0,4523192832.0
SN,2025-12-03 21:18:05,0.818321513002364,107.44,5.92527,1.376148505394717,1929573.0,15164791808.0
SNDR,2025-12-03 21:18:05,0.806501182033097,25.17,7.38054,1.6407608542198044,1062490.0,4412291072.0
SPR,2025-12-03 21:18:05,0.7894799054373522,39.5,5.2211,10.326846539978488,1115600.0,4642166784.0
STM,2025-12-03 21:18:05,0.7942080378250591,25.81,7.13989,2.473514568746248,6011739.0,22938540032.0
SYM,2025-12-03 21:18:05,0.8553191489361702,73.22,9.365205,1.2687280516353896,2391693.0,43404259328.0
SYNA,2025-12-03 21:18:05,0.8981087470449173,75.92,7.0652857,2.058122835811933,399688.0,2964692224.0
SYRE,2025-12-03 21:18:05,0.8793144208037824,32.2,13.380286,1.4964107075903363,877471.0,2498466560.0
TEX,2025-12-03 21:18:05,0.8414893617021276,49.68,6.83871,1.613107608704442,989288.0,3258268928.0
VAL,2025-12-03 21:18:05,0.774113475177305,60.42,6.16763,1.2252416194087752,1100698.0,4302717440.0
VERA,2025-12-03 21:18:05,0.8991725768321512,41.26,10.765096,2.071568091206912,1555847.0,2637671936.0
VRTX,2025-12-03 21:18:05,0.9144208037825058,463.13,6.9213924,1.6624153758665512,1477120.0,118742204416.0
ACLX,2025-12-03 21:39:37,0.8431603773584905,72.94,6.0020423,1.7170073454992518,644204.0,4217600512.0
AEO,2025-12-03 21:39:37,0.871933962264151,23.97,15.0744,3.253000409821103,9723755.0,4153239552.0
ALAB,2025-12-03 21:39:37,0.805188679245283,152.5,6.688119,1.1763494076346803,6569679.0,25757800448.0
ALK,2025-12-03 21:39:37,0.7954009433962265,45.37,6.35255,1.626872896532083,3402417.0,5262403584.0
AMKR,2025-12-03 21:39:37,0.8553066037735848,43.93,8.291382,1.8079172953122045,3091965.0,10859207680.0
AMR,2025-12-03 21:39:37,0.9428066037735848,180.79,11.5988,1.5713561585412748,286058.0,2360000768.0
APGE,2025-12-03 21:39:37,0.8691037735849055,74.55,7.840309,1.409683061733064,740365.0,5093273600.0
ARWR,2025-12-03 21:39:37,0.9178066037735848,65.075,12.295075,1.679607729023796,2302490.0,8997109760.0
BDC,2025-12-03 21:39:37,0.8617924528301887,120.1,6.302,1.4918217093603368,256166.0,4758342656.0
BEAM,2025-12-03 21:39:37,0.7767688679245284,26.74,14.420192,1.0381483166605885,2503387.0,2713440000.0
BOX,2025-12-03 21:39:37,0.8278301886792453,32.18,6.66225,3.3481931036581325,1840338.0,4662425600.0
CAMT,2025-12-03 21:39:37,0.8123820754716982,116.93,5.43733,1.4023609370902417,549104.0,5351448576.0
CDNS,2025-12-03 21:39:37,0.8424528301886791,336.11,5.7149096,1.395710759119629,1862987.0,91586600960.0
CPRI,2025-12-03 21:39:37,0.8239386792452829,27.38,8.82353,1.73783911553856,2498153.0,3262142976.0
CRCL,2025-12-03 21:39:37,0.8745283018867925,86.29,11.4282,1.5020070549097917,13866088.0,21955422208.0
CSW,2025-12-03 21:39:37,0.9028301886792452,302.18,9.00761,1.326246690274424,154469.0,5077369856.0
DIOD,2025-12-03 21:39:37,0.9226415094339624,51.33,9.63264,2.169864439012491,401738.0,2383905792.0
DKS,2025-12-03 21:39:37,0.9365566037735849,227.94,8.84347,1.8318261690917303,1463123.0,20440819712.0
ELF,2025-12-03 21:39:37,0.9049528301886792,80.37,8.31537,1.961795010037903,2214606.0,4793007104.0
ENTG,2025-12-03 21:39:37,0.8702830188679247,86.27,8.080678,1.45513705431313,2477412.0,13078531072.0
FISV,2025-12-03 21:39:37,0.7854952830188678,66.95,5.8665323,1.6005830665325549,9169451.0,36393558016.0
FRPT,2025-12-03 21:39:37,0.823938679245283,62.18,6.9119678,1.333436813597169,1452773.0,3034902272.0
GENI,2025-12-03 21:39:37,0.8068396226415094,11.32,11.9683,3.0616724515346783,5632223.0,2702288896.0
HRI,2025-12-03 21:39:37,0.798938679245283,143.89,9.13987,0.894781231447993,456487.0,4787179008.0
HUM,2025-12-03 21:39:37,0.7987028301886793,256.92,6.18284,1.0875065810089228,1895606.0,30900559872.0
IE,2025-12-03 21:39:37,0.8285377358490567,14.87,12.8225,1.9196307789170717,2223600.0,2151908864.0
LB,2025-12-03 21:39:37,0.8176886792452829,60.5,9.62131,1.042416141410184,433915.0,4815141376.0
LLYVA,2025-12-03 21:39:37,0.8068396226415094,78.57,4.5926476,2.6202418674723456,122133.0,7409788928.0
LLYVK,2025-12-03 21:39:37,0.7825471698113208,81.03,4.784685,1.5140291694276553,298806.0,7446867968.0
LYV,2025-12-03 21:39:37,0.8332547169811321,136.01,5.81142,1.4738098240424231,2934230.0,31582779392.0
MCHP,2025-12-03 21:39:37,0.9182783018867924,63.61,12.16717,2.9072547404717386,7803601.0,34377826304.0
MRVL,2025-12-03 21:39:37,0.8852594339622641,100.2,7.8695207,2.672151657809838,19671074.0,86392438784.0
NXPI,2025-12-03 21:39:37,0.8607311320754717,227.56,5.6698356,1.7572692745553866,2613225.0,57371197440.0
ODFL,2025-12-03 21:39:37,0.906132075471698,150.945,6.9167128,1.9060407637756056,2100198.0,31723831296.0
OKTA,2025-12-03 21:39:37,0.842688679245283,86.34,5.4598675,3.912761837823591,2367496.0,15220523008.0
ON,2025-12-03 21:39:37,0.8672169811320755,57.15,11.013989,1.542197774704544,8673455.0,23372863488.0
RARE,2025-12-03 21:39:37,0.8232311320754717,36.45,8.903494,1.3697149903079613,1474406.0,3516607488.0
SITM,2025-12-03 21:39:37,0.9712264150943396,346.5,12.536541,2.0347177968361803,356215.0,9043868672.0
SLAB,2025-12-03 21:39:37,0.7873820754716981,137.68,6.4069815,1.0207144469162073,248136.0,4523192832.0
SN,2025-12-03 21:39:37,0.8194575471698113,107.44,5.92527,1.376148505394717,1929573.0,15164791808.0
SNDR,2025-12-03 21:39:37,0.8071933962264151,25.17,7.38054,1.6407608542198044,1062490.0,4412291072.0
SPR,2025-12-03 21:39:37,0.78938679245283,39.5,5.2211,10.326846539978488,1115600.0,4642166784.0
STM,2025-12-03 21:39:37,0.7949292452830189,25.81,7.13989,2.473514568746248,6011739.0,22938540032.0
SYM,2025-12-03 21:39:37,0.8563679245283018,73.22,9.365205,1.2687280516353896,2391693.0,43404259328.0
SYNA,2025-12-03 21:39:37,0.8990566037735848,75.92,7.0652857,2.058122835811933,399688.0,2964692224.0
SYRE,2025-12-03 21:39:37,0.8803066037735848,32.2,13.380286,1.4964107075903363,877471.0,2498466560.0
TEX,2025-12-03 21:39:37,0.8425707547169812,49.68,6.83871,1.613107608704442,989288.0,3258268928.0
VAL,2025-12-03 21:39:37,0.7753537735849056,60.42,6.16763,1.2252416194087752,1100698.0,4302717440.0
VERA,2025-12-03 21:39:37,0.9001179245283017,41.26,10.765096,2.071568091206912,1555847.0,2637671936.0
VRTX,2025-12-03 21:39:37,0.9148584905660376,463.13,6.9213924,1.6624153758665512,1477120.0,118742204416.0
ACLX,2025-12-03 21:51:24,0.8424170616113744,72.94,6.0020423,1.7170073454992518,644204.0,4217600512.0
AEO,2025-12-03 21:51:24,0.8720379146919431,23.97,15.0744,3.253000409821103,9723755.0,4153239552.0
ALAB,2025-12-03 21:51:24,0.8050947867298578,152.5,6.688119,1.1763494076346803,6569679.0,25757800448.0
ALK,2025-12-03 21:51:24,0.7949052132701422,45.37,6.35255,1.626872896532083,3402417.0,5262403584.0
AMKR,2025-12-03 21:51:24,0.8550947867298578,43.93,8.291382,1.8079172953122045,3091965.0,10859207680.0
AMR,2025-12-03 21:51:24,0.9433649289099526,180.79,11.5988,1.5713561585412748,286058.0,2360000768.0
APGE,2025-12-03 21:51:24,0.8693127962085307,74.55,7.840309,1.409683061733064,740365.0,5093273600.0
ARWR,2025-12-03 21:51:24,0.9174170616113744,65.075,12.295075,1.679607729023796,2302490.0,8997109760.0
BDC,2025-12-03 21:51:24,0.8619668246445498,120.1,6.302,1.4918217093603368,256166.0,4758342656.0
BEAM,2025-12-03 21:51:24,0.7770142180094787,26.74,14.420192,1.0381483166605885,2503387.0,2713440000.0
BOX,2025-12-03 21:51:24,0.8274881516587677,32.18,6.66225,3.3481931036581325,1840338.0,4662425600.0
CAMT,2025-12-03 21:51:24,0.8131516587677726,116.93,5.43733,1.4023609370902417,549104.0,5351448576.0
CDNS,2025-12-03 21:51:24,0.8433649289099526,336.11,5.7149096,1.395710759119629,1862987.0,91586600960.0
CPRI,2025-12-03 21:51:24,0.8235781990521326,27.38,8.82353,1.73783911553856,2498153.0,3262142976.0
CRCL,2025-12-03 21:51:24,0.8750000000000001,86.29,11.4282,1.5020070549097917,13866088.0,21955422208.0
CSW,2025-12-03 21:51:24,0.9031990521327014,302.18,9.00761,1.326246690274424,154469.0,5077369856.0
DIOD,2025-12-03 21:51:24,0.9222748815165877,51.33,9.63264,2.169864439012491,401738.0,2383905792.0
DKS,2025-12-03 21:51:24,0.936255924170616,227.94,8.84347,1.8318261690917303,1463123.0,20440819712.0
ELF,2025-12-03 21:51:24,0.9045023696682464,80.37,8.31537,1.961795010037903,2214606.0,4793007104.0
ENTG,2025-12-03 21:51:24,0.8704976303317535,86.27,8.080678,1.45513705431313,2477412.0,13078531072.0
FRPT,2025-12-03 21:51:24,0.8239336492890996,62.18,6.9119678,1.333436813597169,1452773.0,3034902272.0
GENI,2025-12-03 21:51:24,0.8066350710900474,11.32,11.9683,3.0616724515346783,5632223.0,2702288896.0
HRI,2025-12-03 21:51:24,0.7988151658767774,143.89,9.13987,0.894781231447993,456487.0,4787179008.0
HUM,2025-12-03 21:51:24,0.7985781990521327,256.92,6.18284,1.0875065810089228,1895606.0,30900559872.0
IE,2025-12-03 21:51:24,0.8284360189573461,14.87,12.8225,1.9196307789170717,2223600.0,2151908864.0
LB,2025-12-03 21:51:24,0.8176540284360189,60.5,9.62131,1.042416141410184,433915.0,4815141376.0
LLYVA,2025-12-03 21:51:24,0.8072274881516588,78.57,4.5926476,2.6202418674723456,122133.0,7409788928.0
LLYVK,2025-12-03 21:51:24,0.7836492890995261,81.03,4.784685,1.5140291694276553,298806.0,7446867968.0
LYV,2025-12-03 21:51:24,0.8341232227488151,136.01,5.81142,1.4738098240424231,2934230.0,31582779392.0
MCHP,2025-12-03 21:51:24,0.9178909952606636,63.61,12.16717,2.9072547404717386,7803601.0,34377826304.0
MRVL,2025-12-03 21:51:24,0.884952606635071,100.2,7.8695207,2.672151657809838,19671074.0,86392438784.0
NXPI,2025-12-03 21:51:24,0.8609004739336492,227.56,5.6698356,1.7572692745553866,2613225.0,57371197440.0
ODFL,2025-12-03 21:51:24,0.9056872037914692,150.945,6.9167128,1.9060407637756056,2100198.0,31723831296.0
OKTA,2025-12-03 21:51:24,0.8427725118483411,86.34,5.4598675,3.912761837823591,2367496.0,15220523008.0
ON,2025-12-03 21:51:24,0.867654028436019,57.15,11.013989,1.542197774704544,8673455.0,23372863488.0
RARE,2025-12-03 21:51:24,0.823696682464455,36.45,8.903494,1.3697149903079613,1474406.0,3516607488.0
SAIA,2025-12-03 21:51:24,0.7740521327014219,326.22,3.7265506,1.8231002365895337,514393.0,8691361792.0
SITM,2025-12-03 21:51:24,0.9710900473933648,346.5,12.536541,2.0347177968361803,356215.0,9043868672.0
SLAB,2025-12-03 21:51:24,0.7872037914691943,137.68,6.4069815,1.0207144469162073,248136.0,4523192832.0
SN,2025-12-03 21:51:24,0.8194312796208529,107.44,5.92527,1.376148505394717,1929573.0,15164791808.0
SNDR,2025-12-03 21:51:24,0.8067535545023696,25.17,7.38054,1.6407608542198044,1062490.0,4412291072.0
SPR,2025-12-03 21:51:24,0.789691943127962,39.5,5.2211,10.326846539978488,1115600.0,4642166784.0
STM,2025-12-03 21:51:24,0.7946682464454976,25.81,7.13989,2.473514568746248,6011739.0,22938540032.0
SYM,2025-12-03 21:51:24,0.8565165876777251,73.22,9.365205,1.2687280516353896,2391693.0,43404259328.0
SYNA,2025-12-03 21:51:24,0.8985781990521327,75.92,7.0652857,2.058122835811933,399688.0,2964692224.0
SYRE,2025-12-03 21:51:24,0.8805687203791469,32.2,13.380286,1.4964107075903363,877471.0,2498466560.0
TEX,2025-12-03 21:51:24,0.8422985781990521,49.68,6.83871,1.613107608704442,989288.0,3258268928.0
VAL,2025-12-03 21:51:24,0.7755924170616113,60.42,6.16763,1.2252416194087752,1100698.0,4302717440.0
VERA,2025-12-03 21:51:24,0.8996445497630332,41.26,10.765096,2.071568091206912,1555847.0,2637671936.0
VRTX,2025-12-03 21:51:24,0.9144549763033176,463.13,6.9213924,1.6624153758665512,1477120.0,118742204416.0
ACLX,2025-12-03 22:19:42,0.8410377358490566,72.94,6.0020423,1.7170073454992518,644204.0,4217600512.0
AEO,2025-12-03 22:19:42,0.8714622641509434,23.97,15.0744,3.253000409821103,9723755.0,4153239552.0
ALAB,2025-12-03 22:19:42,0.7991745283018868,152.5,6.688119,1.1763494076346803,6569679.0,25757800448.0
ALK,2025-12-03 22:19:42,0.7922169811320755,45.37,6.35255,1.626872896532083,3402417.0,5262403584.0
AMKR,2025-12-03 22:19:42,0.8537735849056604,43.93,8.291382,1.810354256920761,3091965.0,10859207680.0
AMR,2025-12-03 22:19:42,0.939504716981132,180.79,11.5988,1.5713561585412748,286058.0,2360000768.0
APGE,2025-12-03 22:19:42,0.8636792452830189,74.55,7.840309,1.409683061733064,740365.0,5093273600.0
ARWR,2025-12-03 22:19:42,0.9268867924528302,65.075,12.295075,1.896631038571286,2302490.0,8997109760.0
ASAN,2025-12-03 22:19:42,0.7712264150943396,14.43,7.76699,2.4744666428889115,3972901.0,3409043200.0
BDC,2025-12-03 22:19:42,0.8576650943396227,120.1,6.302,1.4918217093603368,256166.0,4758342656.0
BOX,2025-12-03 22:19:42,0.8271226415094339,32.18,6.66225,3.3481931036581325,1840338.0,4662425600.0
CAMT,2025-12-03 22:19:42,0.8069575471698113,116.93,5.43733,1.4023609370902417,549104.0,5351448576.0
CDNS,2025-12-03 22:19:42,0.8441037735849055,336.11,5.7149096,1.4366004701052664,1862987.0,91586600960.0
CPRI,2025-12-03 22:19:42,0.8224056603773584,27.38,8.82353,1.73783911553856,2498153.0,3262142976.0
CRCL,2025-12-03 22:19:42,0.870990566037736,86.29,11.4282,1.5020070549097917,13866088.0,21955422208.0
CSW,2025-12-03 22:19:42,0.8987028301886792,302.18,9.00761,1.326246690274424,154469.0,5077369856.0
DIOD,2025-12-03 22:19:42,0.9213443396226414,51.33,9.63264,2.169864439012491,401738.0,2383905792.0
DKS,2025-12-03 22:19:42,0.9357311320754716,227.94,8.84347,1.8398801741206996,1463123.0,20440819712.0
ELF,2025-12-03 22:19:42,0.9036556603773584,80.37,8.31537,1.963092306261249,2214606.0,4793007104.0
ENTG,2025-12-03 22:19:42,0.8702830188679247,86.27,8.080678,1.4964426587099764,2477412.0,13078531072.0
FISV,2025-12-03 22:19:42,0.782311320754717,66.95,5.8665323,1.6005830665325549,9169451.0,36393558016.0
FRPT,2025-12-03 22:19:42,0.8193396226415095,62.18,6.9119678,1.333436813597169,1452773.0,3034902272.0
GENI,2025-12-03 22:19:42,0.8057783018867924,11.32,11.9683,3.0616724515346783,5632223.0,2702288896.0
HRI,2025-12-03 22:19:42,0.7849056603773584,143.89,9.13987,0.894781231447993,456487.0,4787179008.0
HUM,2025-12-03 22:19:42,0.7904481132075473,256.92,6.18284,1.0875065810089228,1895606.0,30900559872.0
IE,2025-12-03 22:19:42,0.8270047169811321,14.87,12.8225,1.92097679438748,2223600.0,2151908864.0
LB,2025-12-03 22:19:42,0.8337264150943395,60.5,9.62131,1.1507922058467672,433915.0,4815141376.0
LLYVA,2025-12-03 22:19:42,0.8047169811320753,78.57,4.5926476,2.6202418674723456,122133.0,7409788928.0
LLYVK,2025-12-03 22:19:42,0.7795990566037736,81.03,4.784685,1.5140291694276553,298806.0,7446867968.0
LYV,2025-12-03 22:19:42,0.829127358490566,136.01,5.81142,1.4738098240424231,2934230.0,31582779392.0
MCHP,2025-12-03 22:19:42,0.9180424528301886,63.61,12.16717,2.9072547404717386,7803601.0,34377826304.0
MRVL,2025-12-03 22:19:42,0.884198113207547,100.2,7.8695207,2.680668122137104,19671074.0,86392438784.0
NXPI,2025-12-03 22:19:42,0.8599056603773584,227.56,5.6698356,1.7577143185144792,2613225.0,57371197440.0
ODFL,2025-12-03 22:19:42,0.910259433962264,150.945,6.9167128,2.1086207109996296,2100198.0,31723831296.0
OKTA,2025-12-03 22:19:42,0.8422169811320754,86.34,5.4598675,3.916829848920547,2367496.0,15220523008.0
ON,2025-12-03 22:19:42,0.8640330188679245,57.15,11.013989,1.5626874181050112,8673455.0,23372863488.0
RARE,2025-12-03 22:19:42,0.8183962264150944,36.45,8.903494,1.3697149903079613,1474406.0,3516607488.0
SAIA,2025-12-03 22:19:42,0.7734669811320753,326.22,3.7265506,1.8231877183398688,514393.0,8691361792.0
SITM,2025-12-03 22:19:42,0.9704009433962264,346.5,12.536541,2.0347177968361803,356215.0,9043868672.0
SLAB,2025-12-03 22:19:42,0.7774764150943396,137.68,6.4069815,1.0230317245381564,248136.0,4523192832.0
SN,2025-12-03 22:19:42,0.84375,107.44,5.92527,1.63537839718943,1929573.0,15164791808.0
SNDR,2025-12-03 22:19:42,0.8048349056603773,25.17,7.38054,1.6407608542198044,1062490.0,4412291072.0
SPR,2025-12-03 22:19:42,0.7889150943396225,39.5,5.2211,10.326846539978488,1115600.0,4642166784.0
STM,2025-12-03 22:19:42,0.7942216981132075,25.81,7.13989,2.498193284838214,6011739.0,22938540032.0
SYM,2025-12-03 22:19:42,0.8670990566037735,73.22,9.365205,1.375769799886524,2391693.0,43404259328.0
SYNA,2025-12-03 22:19:42,0.8977594339622642,75.92,7.0652857,2.058880927123156,399688.0,2964692224.0
SYRE,2025-12-03 22:19:42,0.8765330188679245,32.2,13.380286,1.4965770948555566,877471.0,2498466560.0
TEX,2025-12-03 22:19:42,0.8396226415094341,49.68,6.83871,1.613107608704442,989288.0,3258268928.0
VERA,2025-12-03 22:19:42,0.9012971698113206,41.26,10.765096,2.2632173986259576,1555847.0,2637671936.0
VRTX,2025-12-03 22:19:42,0.9140330188679244,463.13,6.9213924,1.6624153758665512,1477120.0,118742204416.0
ACLX,2025-12-03 22:19:43,0.8410377358490566,72.94,6.0020423,1.7170073454992518,644204.0,4217600512.0
AEO,2025-12-03 22:19:43,0.8714622641509434,23.97,15.0744,3.253000409821103,9723755.0,4153239552.0
ALAB,2025-12-03 22:19:43,0.7991745283018868,152.5,6.688119,1.1763494076346803,6569679.0,25757800448.0
ALK,2025-12-03 22:19:43,0.7922169811320755,45.37,6.35255,1.626872896532083,3402417.0,5262403584.0
AMKR,2025-12-03 22:19:43,0.8537735849056604,43.93,8.291382,1.810354256920761,3091965.0,10859207680.0
AMR,2025-12-03 22:19:43,0.939504716981132,180.79,11.5988,1.5713561585412748,286058.0,2360000768.0
APGE,2025-12-03 22:19:43,0.8636792452830189,74.55,7.840309,1.409683061733064,740365.0,5093273600.0
ARWR,2025-12-03 22:19:43,0.9268867924528302,65.075,12.295075,1.896631038571286,2302490.0,8997109760.0
ASAN,2025-12-03 22:19:43,0.7712264150943396,14.43,7.76699,2.4744666428889115,3972901.0,3409043200.0
BDC,2025-12-03 22:19:43,0.8576650943396227,120.1,6.302,1.4918217093603368,256166.0,4758342656.0
BOX,2025-12-03 22:19:43,0.8271226415094339,32.18,6.66225,3.3481931036581325,1840338.0,4662425600.0
CAMT,2025-12-03 22:19:43,0.8069575471698113,116.93,5.43733,1.4023609370902417,549104.0,5351448576.0
CDNS,2025-12-03 22:19:43,0.8441037735849055,336.11,5.7149096,1.4366004701052664,1862987.0,91586600960.0
CPRI,2025-12-03 22:19:43,0.8224056603773584,27.38,8.82353,1.73783911553856,2498153.0,3262142976.0
CRCL,2025-12-03 22:19:43,0.870990566037736,86.29,11.4282,1.5020070549097917,13866088.0,21955422208.0
CSW,2025-12-03 22:19:43,0.8987028301886792,302.18,9.00761,1.326246690274424,154469.0,5077369856.0
DIOD,2025-12-03 22:19:43,0.9213443396226414,51.33,9.63264,2.169864439012491,401738.0,2383905792.0
DKS,2025-12-03 22:19:43,0.9357311320754716,227.94,8.84347,1.8398801741206996,1463123.0,20440819712.0
ELF,2025-12-03 22:19:43,0.9036556603773584,80.37,8.31537,1.963092306261249,2214606.0,4793007104.0
ENTG,2025-12-03 22:19:43,0.8702830188679247,86.27,8.080678,1.4964426587099764,2477412.0,13078531072.0
FISV,2025-12-03 22:19:43,0.782311320754717,66.95,5.8665323,1.6005830665325549,9169451.0,36393558016.0
FRPT,2025-12-03 22:19:43,0.8193396226415095,62.18,6.9119678,1.333436813597169,1452773.0,3034902272.0
GENI,2025-12-03 22:19:43,0.8057783018867924,11.32,11.9683,3.0616724515346783,5632223.0,2702288896.0
HRI,2025-12-03 22:19:43,0.7849056603773584,143.89,9.13987,0.894781231447993,456487.0,4787179008.0
HUM,2025-12-03 22:19:43,0.7904481132075473,256.92,6.18284,1.0875065810089228,1895606.0,30900559872.0
IE,2025-12-03 22:19:43,0.8270047169811321,14.87,12.8225,1.92097679438748,2223600.0,2151908864.0
LB,2025-12-03 22:19:43,0.8337264150943395,60.5,9.62131,1.1507922058467672,433915.0,4815141376.0
LLYVA,2025-12-03 22:19:43,0.8047169811320753,78.57,4.5926476,2.6202418674723456,122133.0,7409788928.0
LLYVK,2025-12-03 22:19:43,0.7795990566037736,81.03,4.784685,1.5140291694276553,298806.0,7446867968.0
LYV,2025-12-03 22:19:43,0.829127358490566,136.01,5.81142,1.4738098240424231,2934230.0,31582779392.0
MCHP,2025-12-03 22:19:43,0.9180424528301886,63.61,12.16717,2.9072547404717386,7803601.0,34377826304.0
MRVL,2025-12-03 22:19:43,0.884198113207547,100.2,7.8695207,2.680668122137104,19671074.0,86392438784.0
NXPI,2025-12-03 22:19:43,0.8599056603773584,227.56,5.6698356,1.7577143185144792,2613225.0,57371197440.0
ODFL,2025-12-03 22:19:43,0.910259433962264,150.945,6.9167128,2.1086207109996296,2100198.0,31723831296.0
OKTA,2025-12-03 22:19:43,0.8422169811320754,86.34,5.4598675,3.916829848920547,2367496.0,15220523008.0
ON,2025-12-03 22:19:43,0.8640330188679245,57.15,11.013989,1.5626874181050112,8673455.0,23372863488.0
RARE,2025-12-03 22:19:43,0.8183962264150944,36.45,8.903494,1.3697149903079613,1474406.0,3516607488.0
SAIA,2025-12-03 22:19:43,0.7734669811320753,326.22,3.7265506,1.8231877183398688,514393.0,8691361792.0
SITM,2025-12-03 22:19:43,0.9704009433962264,346.5,12.536541,2.0347177968361803,356215.0,9043868672.0
SLAB,2025-12-03 22:19:43,0.7774764150943396,137.68,6.4069815,1.0230317245381564,248136.0,4523192832.0
SN,2025-12-03 22:19:43,0.84375,107.44,5.92527,1.63537839718943,1929573.0,15164791808.0
SNDR,2025-12-03 22:19:43,0.8048349056603773,25.17,7.38054,1.6407608542198044,1062490.0,4412291072.0
SPR,2025-12-03 22:19:43,0.7889150943396225,39.5,5.2211,10.326846539978488,1115600.0,4642166784.0
STM,2025-12-03 22:19:43,0.7942216981132075,25.81,7.13989,2.498193284838214,6011739.0,22938540032.0
SYM,2025-12-03 22:19:43,0.8670990566037735,73.22,9.365205,1.375769799886524,2391693.0,43404259328.0
SYNA,2025-12-03 22:19:43,0.8977594339622642,75.92,7.0652857,2.058880927123156,399688.0,2964692224.0
SYRE,2025-12-03 22:19:43,0.8765330188679245,32.2,13.380286,1.4965770948555566,877471.0,2498466560.0
TEX,2025-12-03 22:19:43,0.8396226415094341,49.68,6.83871,1.613107608704442,989288.0,3258268928.0
VERA,2025-12-03 22:19:43,0.9012971698113206,41.26,10.765096,2.2632173986259576,1555847.0,2637671936.0
VRTX,2025-12-03 22:19:43,0.9140330188679244,463.13,6.9213924,1.6624153758665512,1477120.0,118742204416.0
ACLX,2025-12-03 22:44:23,0.8411347517730496,72.94,6.0020423,1.7170073454992518,644204.0,4217600512.0
AEO,2025-12-03 22:44:23,0.8723404255319149,23.97,15.0744,3.253000409821103,9723755.0,4153239552.0
ALAB,2025-12-03 22:44:23,0.8005910165484633,152.5,6.688119,1.1763494076346803,6569679.0,25757800448.0
ALK,2025-12-03 22:44:23,0.7937352245862884,45.37,6.35255,1.626872896532083,3402417.0,5262403584.0
AMKR,2025-12-03 22:44:23,0.8546099290780141,43.93,8.291382,1.810354256920761,3091965.0,10859207680.0
AMR,2025-12-03 22:44:23,0.9410165484633568,180.79,11.5988,1.5713561585412748,286058.0,2360000768.0
APGE,2025-12-03 22:44:23,0.8654846335697399,74.55,7.840309,1.409683061733064,740365.0,5093273600.0
ARWR,2025-12-03 22:44:23,0.9267139479905436,65.075,12.295075,1.896631038571286,2302490.0,8997109760.0
ASAN,2025-12-03 22:44:23,0.7713947990543735,14.43,7.76699,2.4744666428889115,3972901.0,3409043200.0
BDC,2025-12-03 22:44:23,0.8589834515366429,120.1,6.302,1.4918217093603368,256166.0,4758342656.0
BOX,2025-12-03 22:44:23,0.8278959810874705,32.18,6.66225,3.3481931036581325,1840338.0,4662425600.0
CAMT,2025-12-03 22:44:23,0.8094562647754137,116.93,5.43733,1.4023609370902417,549104.0,5351448576.0
CDNS,2025-12-03 22:44:23,0.8462174940898344,336.11,5.7149096,1.4366004701052664,1862987.0,91586600960.0
CPRI,2025-12-03 22:44:23,0.8231678486997636,27.38,8.82353,1.73783911553856,2498153.0,3262142976.0
CRCL,2025-12-03 22:44:23,0.8725768321513002,86.29,11.4282,1.5020070549097917,13866088.0,21955422208.0
CSW,2025-12-03 22:44:23,0.9001182033096927,302.18,9.00761,1.326246690274424,154469.0,5077369856.0
DIOD,2025-12-03 22:44:23,0.9216312056737588,51.33,9.63264,2.169864439012491,401738.0,2383905792.0
DKS,2025-12-03 22:44:23,0.935579196217494,227.94,8.84347,1.8398801741206996,1463123.0,20440819712.0
ELF,2025-12-03 22:44:23,0.903900709219858,80.37,8.31537,1.963092306261249,2214606.0,4793007104.0
ENTG,2025-12-03 22:44:23,0.871631205673759,86.27,8.080678,1.4964426587099764,2477412.0,13078531072.0
FRPT,2025-12-03 22:44:23,0.8210401891252955,62.18,6.9119678,1.333436813597169,1452773.0,3034902272.0
GENI,2025-12-03 22:44:23,0.8060283687943263,11.32,11.9683,3.0616724515346783,5632223.0,2702288896.0
HRI,2025-12-03 22:44:23,0.7852245862884161,143.89,9.13987,0.894781231447993,456487.0,4787179008.0
HUM,2025-12-03 22:44:23,0.7916075650118203,256.92,6.18284,1.0875065810089228,1895606.0,30900559872.0
IE,2025-12-03 22:44:23,0.8277777777777778,14.87,12.8225,1.92097679438748,2223600.0,2151908864.0
LB,2025-12-03 22:44:23,0.8354609929078015,60.5,9.62131,1.1507922058467672,433915.0,4815141376.0
LLYVA,2025-12-03 22:44:23,0.8060283687943262,78.57,4.5926476,2.6202418674723456,122133.0,7409788928.0
LLYVK,2025-12-03 22:44:23,0.7825059101654847,81.03,4.784685,1.5140291694276553,298806.0,7446867968.0
LYV,2025-12-03 22:44:23,0.8312056737588653,136.01,5.81142,1.4738098240424231,2934230.0,31582779392.0
MCHP,2025-12-03 22:44:23,0.9178486997635934,63.61,12.16717,2.9072547404717386,7803601.0,34377826304.0
MRVL,2025-12-03 22:44:23,0.884160756501182,100.2,7.8695207,2.680668122137104,19671074.0,86392438784.0
NXPI,2025-12-03 22:44:23,0.8604018912529551,227.56,5.6698356,1.7577143185144792,2613225.0,57371197440.0
ODFL,2025-12-03 22:44:23,0.9100472813238772,150.945,6.9167128,2.1086207109996296,2100198.0,31723831296.0
OKTA,2025-12-03 22:44:23,0.8431442080378251,86.34,5.4598675,3.916829848920547,2367496.0,15220523008.0
ON,2025-12-03 22:44:23,0.8660756501182033,57.15,11.013989,1.5626874181050112,8673455.0,23372863488.0
RARE,2025-12-03 22:44:23,0.8208037825059101,36.45,8.903494,1.3697149903079613,1474406.0,3516607488.0
SAIA,2025-12-03 22:44:23,0.773758865248227,326.22,3.7265506,1.8231877183398688,514393.0,8691361792.0
SITM,2025-12-03 22:44:23,0.9703309692671394,346.5,12.536541,2.0347177968361803,356215.0,9043868672.0
SLAB,2025-12-03 22:44:23,0.7777777777777778,137.68,6.4069815,1.0230317245381564,248136.0,4523192832.0
SN,2025-12-03 22:44:23,0.8446808510638297,107.44,5.92527,1.63537839718943,1929573.0,15164791808.0
SNDR,2025-12-03 22:44:23,0.8063829787234043,25.17,7.38054,1.6407608542198044,1062490.0,4412291072.0
SPR,2025-12-03 22:44:23,0.7901891252955082,39.5,5.2211,10.326846539978488,1115600.0,4642166784.0
STM,2025-12-03 22:44:23,0.7949172576832151,25.81,7.13989,2.498193284838214,6011739.0,22938540032.0
SYM,2025-12-03 22:44:23,0.8684397163120567,73.22,9.365205,1.375769799886524,2391693.0,43404259328.0
SYNA,2025-12-03 22:44:23,0.8979905437352246,75.92,7.0652857,2.058880927123156,399688.0,2964692224.0
SYRE,2025-12-03 22:44:23,0.878368794326241,32.2,13.380286,1.4965770948555566,877471.0,2498466560.0
TEX,2025-12-03 22:44:23,0.8410165484633569,49.68,6.83871,1.613107608704442,989288.0,3258268928.0
VAL,2025-12-03 22:44:23,0.7711583924349881,60.42,6.16763,1.2252416194087752,1100698.0,4302717440.0
VERA,2025-12-03 22:44:23,0.9015366430260048,41.26,10.765096,2.2632173986259576,1555847.0,2637671936.0
VRTX,2025-12-03 22:44:23,0.9138297872340424,463.13,6.9213924,1.6624153758665512,1477120.0,118742204416.0
ACLX,2025-12-03 22:54:25,0.8410377358490566,72.94,6.0020423,1.7170073454992518,644204.0,4217600512.0
AEO,2025-12-03 22:54:25,0.8714622641509434,23.97,15.0744,3.253000409821103,9723755.0,4153239552.0
ALAB,2025-12-03 22:54:25,0.7991745283018868,152.5,6.688119,1.1763494076346803,6569679.0,25757800448.0
ALK,2025-12-03 22:54:25,0.7922169811320755,45.37,6.35255,1.626872896532083,3402417.0,5262403584.0
AMKR,2025-12-03 22:54:25,0.8537735849056604,43.93,8.291382,1.810354256920761,3091965.0,10859207680.0
AMR,2025-12-03 22:54:25,0.939504716981132,180.79,11.5988,1.5713561585412748,286058.0,2360000768.0
APGE,2025-12-03 22:54:25,0.8636792452830189,74.55,7.840309,1.409683061733064,740365.0,5093273600.0
ARWR,2025-12-03 22:54:25,0.9268867924528302,65.075,12.295075,1.896631038571286,2302490.0,8997109760.0
ASAN,2025-12-03 22:54:25,0.7712264150943396,14.43,7.76699,2.4744666428889115,3972901.0,3409043200.0
BDC,2025-12-03 22:54:25,0.8576650943396227,120.1,6.302,1.4918217093603368,256166.0,4758342656.0
BOX,2025-12-03 22:54:25,0.8271226415094339,32.18,6.66225,3.3481931036581325,1840338.0,4662425600.0
CAMT,2025-12-03 22:54:25,0.8069575471698113,116.93,5.43733,1.4023609370902417,549104.0,5351448576.0
CDNS,2025-12-03 22:54:25,0.8441037735849055,336.11,5.7149096,1.4366004701052664,1862987.0,91586600960.0
CPRI,2025-12-03 22:54:25,0.8224056603773584,27.38,8.82353,1.73783911553856,2498153.0,3262142976.0
CRCL,2025-12-03 22:54:25,0.870990566037736,86.29,11.4282,1.5020070549097917,13866088.0,21955422208.0
CSW,2025-12-03 22:54:25,0.8987028301886792,302.18,9.00761,1.326246690274424,154469.0,5077369856.0
DIOD,2025-12-03 22:54:25,0.9213443396226414,51.33,9.63264,2.169864439012491,401738.0,2383905792.0
DKS,2025-12-03 22:54:25,0.9357311320754716,227.94,8.84347,1.8398801741206996,1463123.0,20440819712.0
ELF,2025-12-03 22:54:25,0.9036556603773584,80.37,8.31537,1.963092306261249,2214606.0,4793007104.0
ENTG,2025-12-03 22:54:25,0.8702830188679247,86.27,8.080678,1.4964426587099764,2477412.0,13078531072.0
FISV,2025-12-03 22:54:25,0.782311320754717,66.95,5.8665323,1.6005830665325549,9169451.0,36393558016.0
FRPT,2025-12-03 22:54:25,0.8193396226415095,62.18,6.9119678,1.333436813597169,1452773.0,3034902272.0
GENI,2025-12-03 22:54:25,0.8057783018867924,11.32,11.9683,3.0616724515346783,5632223.0,2702288896.0
HRI,2025-12-03 22:54:25,0.7849056603773584,143.89,9.13987,0.894781231447993,456487.0,4787179008.0
HUM,2025-12-03 22:54:25,0.7904481132075473,256.92,6.18284,1.0875065810089228,1895606.0,30900559872.0
IE,2025-12-03 22:54:25,0.8270047169811321,14.87,12.8225,1.92097679438748,2223600.0,2151908864.0
LB,2025-12-03 22:54:25,0.8337264150943395,60.5,9.62131,1.1507922058467672,433915.0,4815141376.0
LLYVA,2025-12-03 22:54:25,0.8047169811320753,78.57,4.5926476,2.6202418674723456,122133.0,7409788928.0
LLYVK,2025-12-03 22:54:25,0.7795990566037736,81.03,4.784685,1.5140291694276553,298806.0,7446867968.0
LYV,2025-12-03 22:54:25,0.829127358490566,136.01,5.81142,1.4738098240424231,2934230.0,31582779392.0
MCHP,2025-12-03 22:54:25,0.9180424528301886,63.61,12.16717,2.9072547404717386,7803601.0,34377826304.0
MRVL,2025-12-03 22:54:25,0.884198113207547,100.2,7.8695207,2.680668122137104,19671074.0,86392438784.0
NXPI,2025-12-03 22:54:25,0.8599056603773584,227.56,5.6698356,1.7577143185144792,2613225.0,57371197440.0
ODFL,2025-12-03 22:54:25,0.910259433962264,150.945,6.9167128,2.1086207109996296,2100198.0,31723831296.0
OKTA,2025-12-03 22:54:25,0.8422169811320754,86.34,5.4598675,3.916829848920547,2367496.0,15220523008.0
ON,2025-12-03 22:54:25,0.8640330188679245,57.15,11.013989,1.5626874181050112,8673455.0,23372863488.0
RARE,2025-12-03 22:54:25,0.8183962264150944,36.45,8.903494,1.3697149903079613,1474406.0,3516607488.0
SAIA,2025-12-03 22:54:25,0.7734669811320753,326.22,3.7265506,1.8231877183398688,514393.0,8691361792.0
SITM,2025-12-03 22:54:25,0.9704009433962264,346.5,12.536541,2.0347177968361803,356215.0,9043868672.0
SLAB,2025-12-03 22:54:25,0.7774764150943396,137.68,6.4069815,1.0230317245381564,248136.0,4523192832.0
SN,2025-12-03 22:54:25,0.84375,107.44,5.92527,1.63537839718943,1929573.0,15164791808.0
SNDR,2025-12-03 22:54:25,0.8048349056603773,25.17,7.38054,1.6407608542198044,1062490.0,4412291072.0
SPR,2025-12-03 22:54:25,0.7889150943396225,39.5,5.2211,10.326846539978488,1115600.0,4642166784.0
STM,2025-12-03 22:54:25,0.7942216981132075,25.81,7.13989,2.498193284838214,6011739.0,22938540032.0
SYM,2025-12-03 22:54:25,0.8670990566037735,73.22,9.365205,1.375769799886524,2391693.0,43404259328.0
SYNA,2025-12-03 22:54:25,0.8977594339622642,75.92,7.0652857,2.058880927123156,399688.0,2964692224.0
SYRE,2025-12-03 22:54:25,0.8765330188679245,32.2,13.380286,1.4965770948555566,877471.0,2498466560.0
TEX,2025-12-03 22:54:25,0.8396226415094341,49.68,6.83871,1.613107608704442,989288.0,3258268928.0
VERA,2025-12-03 22:54:25,0.9012971698113206,41.26,10.765096,2.2632173986259576,1555847.0,2637671936.0
VRTX,2025-12-03 22:54:25,0.9140330188679244,463.13,6.9213924,1.6624153758665512,1477120.0,118742204416.0
ACLX,2025-12-03 22:54:26,0.8410377358490566,72.94,6.0020423,1.7170073454992518,644204.0,4217600512.0
AEO,2025-12-03 22:54:26,0.8714622641509434,23.97,15.0744,3.253000409821103,9723755.0,4153239552.0
ALAB,2025-12-03 22:54:26,0.7991745283018868,152.5,6.688119,1.1763494076346803,6569679.0,25757800448.0
ALK,2025-12-03 22:54:26,0.7922169811320755,45.37,6.35255,1.626872896532083,3402417.0,5262403584.0
AMKR,2025-12-03 22:54:26,0.8537735849056604,43.93,8.291382,1.810354256920761,3091965.0,10859207680.0
AMR,2025-12-03 22:54:26,0.939504716981132,180.79,11.5988,1.5713561585412748,286058.0,2360000768.0
APGE,2025-12-03 22:54:26,0.8636792452830189,74.55,7.840309,1.409683061733064,740365.0,5093273600.0
ARWR,2025-12-03 22:54:26,0.9268867924528302,65.075,12.295075,1.896631038571286,2302490.0,8997109760.0
ASAN,2025-12-03 22:54:26,0.7712264150943396,14.43,7.76699,2.4744666428889115,3972901.0,3409043200.0
BDC,2025-12-03 22:54:26,0.8576650943396227,120.1,6.302,1.4918217093603368,256166.0,4758342656.0
BOX,2025-12-03 22:54:26,0.8271226415094339,32.18,6.66225,3.3481931036581325,1840338.0,4662425600.0
CAMT,2025-12-03 22:54:26,0.8069575471698113,116.93,5.43733,1.4023609370902417,549104.0,5351448576.0
CDNS,2025-12-03 22:54:26,0.8441037735849055,336.11,5.7149096,1.4366004701052664,1862987.0,91586600960.0
CPRI,2025-12-03 22:54:26,0.8224056603773584,27.38,8.82353,1.73783911553856,2498153.0,3262142976.0
CRCL,2025-12-03 22:54:26,0.870990566037736,86.29,11.4282,1.5020070549097917,13866088.0,21955422208.0
CSW,2025-12-03 22:54:26,0.8987028301886792,302.18,9.00761,1.326246690274424,154469.0,5077369856.0
DIOD,2025-12-03 22:54:26,0.9213443396226414,51.33,9.63264,2.169864439012491,401738.0,2383905792.0
DKS,2025-12-03 22:54:26,0.9357311320754716,227.94,8.84347,1.8398801741206996,1463123.0,20440819712.0
ELF,2025-12-03 22:54:26,0.9036556603773584,80.37,8.31537,1.963092306261249,2214606.0,4793007104.0
ENTG,2025-12-03 22:54:26,0.8702830188679247,86.27,8.080678,1.4964426587099764,2477412.0,13078531072.0
FISV,2025-12-03 22:54:26,0.782311320754717,66.95,5.8665323,1.6005830665325549,9169451.0,36393558016.0
FRPT,2025-12-03 22:54:26,0.8193396226415095,62.18,6.9119678,1.333436813597169,1452773.0,3034902272.0
GENI,2025-12-03 22:54:26,0.8057783018867924,11.32,11.9683,3.0616724515346783,5632223.0,2702288896.0
HRI,2025-12-03 22:54:26,0.7849056603773584,143.89,9.13987,0.894781231447993,456487.0,4787179008.0
HUM,2025-12-03 22:54:26,0.7904481132075473,256.92,6.18284,1.0875065810089228,1895606.0,30900559872.0
IE,2025-12-03 22:54:26,0.8270047169811321,14.87,12.8225,1.92097679438748,2223600.0,2151908864.0
LB,2025-12-03 22:54:26,0.8337264150943395,60.5,9.62131,1.1507922058467672,433915.0,4815141376.0
LLYVA,2025-12-03 22:54:26,0.8047169811320753,78.57,4.5926476,2.6202418674723456,122133.0,7409788928.0
LLYVK,2025-12-03 22:54:26,0.7795990566037736,81.03,4.784685,1.5140291694276553,298806.0,7446867968.0
LYV,2025-12-03 22:54:26,0.829127358490566,136.01,5.81142,1.4738098240424231,2934230.0,31582779392.0
MCHP,2025-12-03 22:54:26,0.9180424528301886,63.61,12.16717,2.9072547404717386,7803601.0,34377826304.0
MRVL,2025-12-03 22:54:26,0.884198113207547,100.2,7.8695207,2.680668122137104,19671074.0,86392438784.0
NXPI,2025-12-03 22:54:26,0.8599056603773584,227.56,5.6698356,1.7577143185144792,2613225.0,57371197440.0
ODFL,2025-12-03 22:54:26,0.910259433962264,150.945,6.9167128,2.1086207109996296,2100198.0,31723831296.0
OKTA,2025-12-03 22:54:26,0.8422169811320754,86.34,5.4598675,3.916829848920547,2367496.0,15220523008.0
ON,2025-12-03 22:54:26,0.8640330188679245,57.15,11.013989,1.5626874181050112,8673455.0,23372863488.0
RARE,2025-12-03 22:54:26,0.8183962264150944,36.45,8.903494,1.3697149903079613,1474406.0,3516607488.0
SAIA,2025-12-03 22:54:26,0.7734669811320753,326.22,3.7265506,1.8231877183398688,514393.0,8691361792.0
SITM,2025-12-03 22:54:26,0.9704009433962264,346.5,12.536541,2.0347177968361803,356215.0,9043868672.0
SLAB,2025-12-03 22:54:26,0.7774764150943396,137.68,6.4069815,1.0230317245381564,248136.0,4523192832.0
SN,2025-12-03 22:54:26,0.84375,107.44,5.92527,1.63537839718943,1929573.0,15164791808.0
SNDR,2025-12-03 22:54:26,0.8048349056603773,25.17,7.38054,1.6407608542198044,1062490.0,4412291072.0
SPR,2025-12-03 22:54:26,0.7889150943396225,39.5,5.2211,10.326846539978488,1115600.0,4642166784.0
STM,2025-12-03 22:54:26,0.7942216981132075,25.81,7.13989,2.498193284838214,6011739.0,22938540032.0
SYM,2025-12-03 22:54:26,0.8670990566037735,73.22,9.365205,1.375769799886524,2391693.0,43404259328.0
SYNA,2025-12-03 22:54:26,0.8977594339622642,75.92,7.0652857,2.058880927123156,399688.0,2964692224.0
SYRE,2025-12-03 22:54:26,0.8765330188679245,32.2,13.380286,1.4965770948555566,877471.0,2498466560.0
TEX,2025-12-03 22:54:26,0.8396226415094341,49.68,6.83871,1.613107608704442,989288.0,3258268928.0
VERA,2025-12-03 22:54:26,0.9012971698113206,41.26,10.765096,2.2632173986259576,1555847.0,2637671936.0
VRTX,2025-12-03 22:54:26,0.9140330188679244,463.13,6.9213924,1.6624153758665512,1477120.0,118742204416.0
ACLX,2025-12-04 14:21:29,0.8402122641509433,72.94,6.00204,1.6828874198382693,657265.0,4217600512.0
AEO,2025-12-04 14:21:29,0.8748820754716979,23.97,15.0744,3.686194956833893,8581038.0,4153239552.0
ALAB,2025-12-04 14:21:29,0.801061320754717,152.5,6.68812,1.1743247157045595,6581006.0,25757800448.0
ALK,2025-12-04 14:21:29,0.7919811320754717,45.37,6.35255,1.606770421351617,3444985.0,5262403584.0
AMKR,2025-12-04 14:21:29,0.8527122641509434,43.93,8.29138,1.771040381243947,3160601.0,10859207680.0
AMR,2025-12-04 14:21:29,0.941627358490566,180.79,11.5988,1.5597314271834553,288190.0,2360000768.0
APGE,2025-12-04 14:21:29,0.862617924528302,74.55,7.84031,1.3851186802832136,753495.0,5093273600.0
ARWR,2025-12-04 14:21:29,0.9274764150943396,65.075,12.2951,1.882809805328293,2319392.0,8997109760.0
ASAN,2025-12-04 14:21:29,0.7726415094339623,14.43,7.76699,2.5033628364555307,3927042.0,3421352960.0
BDC,2025-12-04 14:21:29,0.8601415094339622,120.1,6.302,1.4795081649877273,258298.0,4758342656.0
BOX,2025-12-04 14:21:29,0.8262971698113206,32.18,6.66225,3.2366885569337795,1903738.0,4662425600.0
CAMT,2025-12-04 14:21:29,0.8064858490566038,116.93,5.43733,1.3803845505748895,557846.0,5351448576.0
CDNS,2025-12-04 14:21:29,0.8438679245283017,336.11,5.71491,1.4152410443846557,1891104.0,91586600960.0
CPRI,2025-12-04 14:21:29,0.8219339622641508,27.38,8.82353,1.716841736445439,2528706.0,3262142976.0
CRCL,2025-12-04 14:21:29,0.8672169811320756,86.29,11.4282,1.4773683175243215,14097339.0,21955422208.0
CSW,2025-12-04 14:21:29,0.8987028301886792,302.18,9.00761,1.3177499758788151,155465.0,5077369856.0
DIOD,2025-12-04 14:21:29,0.9213443396226414,51.33,9.63264,2.12939544132124,409373.0,2383905792.0
DKS,2025-12-04 14:21:29,0.937382075471698,227.94,8.84347,1.847212853775608,1457315.0,20440819712.0
ELF,2025-12-04 14:21:29,0.9036556603773584,80.37,8.31537,1.9305135616273508,2251979.0,4793007104.0
ENTG,2025-12-04 14:21:29,0.8727594339622642,86.27,8.08068,1.480350926510836,2504342.0,13078531072.0
FISV,2025-12-04 14:21:29,0.7810141509433963,66.95,5.86653,1.5685042924626451,9356983.0,36393558016.0
FRPT,2025-12-04 14:21:29,0.8204009433962265,62.18,6.91197,1.3267272552940854,1460120.0,3034902272.0
GENI,2025-12-04 14:21:29,0.8045990566037736,11.32,11.9683,2.9669891052243997,5811960.0,2702288896.0
HRI,2025-12-04 14:21:29,0.7816037735849056,143.89,9.13987,0.8872206908685708,460377.0,4787179008.0
HUM,2025-12-04 14:21:29,0.789622641509434,256.92,6.18284,1.0792872617460767,1910042.0,30900559872.0
IE,2025-12-04 14:21:29,0.8254716981132075,14.87,12.8225,1.8718348169153327,2281977.0,2151908864.0
LB,2025-12-04 14:21:29,0.8345518867924527,60.5,9.62131,1.1404108572276843,437865.0,4815141376.0
LLYVA,2025-12-04 14:21:29,0.8050707547169811,78.57,4.59265,2.538274229240861,126077.0,7409788928.0
LLYVK,2025-12-04 14:21:29,0.78125,81.03,4.78469,1.5184655610489606,297933.0,7446867968.0
LYV,2025-12-04 14:21:29,0.829127358490566,136.01,5.81142,1.453032689142181,2976187.0,31582779392.0
MCHP,2025-12-04 14:21:29,0.9183962264150944,63.61,12.1672,2.8390144976213127,7991173.0,34377826304.0
MRVL,2025-12-04 14:21:29,0.8832547169811319,100.2,7.86952,2.624014774445917,20095779.0,86392438784.0
NXPI,2025-12-04 14:21:29,0.8599056603773584,227.56,5.66984,1.7440904938340045,2633638.0,57371197440.0
ODFL,2025-12-04 14:21:29,0.9108490566037736,150.945,6.91671,2.0895656687191826,2119350.0,31723831296.0
OKTA,2025-12-04 14:21:29,0.8415094339622641,86.34,5.45987,3.75390304625038,2470250.0,15302056960.0
ON,2025-12-04 14:21:29,0.8640330188679245,57.15,11.014,1.5424581439813585,8787207.0,23372863488.0
RARE,2025-12-04 14:21:29,0.820872641509434,36.45,8.90349,1.3606012873564457,1484282.0,3516607488.0
SAIA,2025-12-04 14:21:29,0.7734669811320753,326.22,3.72655,1.7934510309376923,522922.0,8691361792.0
SITM,2025-12-04 14:21:29,0.9704009433962264,346.5,12.5365,2.002019152950145,362033.0,9043868672.0
SLAB,2025-12-04 14:21:29,0.7774764150943396,137.68,6.40698,1.0178019413738768,249411.0,4523192832.0
SN,2025-12-04 14:21:29,0.8439858490566038,107.44,5.92527,1.6101173255449663,1959846.0,15164791808.0
SNDR,2025-12-04 14:21:29,0.8023584905660378,25.17,7.38054,1.6056167832992247,1085746.0,4412291072.0
SPR,2025-12-04 14:21:29,0.7865566037735848,39.5,5.2211,9.004494966903255,1279431.0,4642166784.0
STM,2025-12-04 14:21:29,0.7931603773584905,25.81,7.13989,2.461843480473089,6100504.0,22938540032.0
SYM,2025-12-04 14:21:29,0.864622641509434,73.22,9.3652,1.3551029602964209,2428169.0,43404259328.0
SYNA,2025-12-04 14:21:29,0.8977594339622642,75.92,7.06529,2.0216584325642986,407047.0,2964692224.0
SYRE,2025-12-04 14:21:29,0.8767688679245282,32.2,13.3803,1.4794286435297113,887642.0,2498466560.0
TEX,2025-12-04 14:21:29,0.8387971698113208,49.68,6.83871,1.5792959302026388,1010468.0,3258268928.0
VERA,2025-12-04 14:21:29,0.9010613207547168,41.26,10.7651,2.213003173805109,1591150.0,2637671936.0
VRTX,2025-12-04 14:21:29,0.912382075471698,463.13,6.92139,1.6362311578548974,1500758.0,118742204416.0
ACLX,2025-12-04 14:21:30,0.8402122641509433,72.94,6.00204,1.6828874198382693,657265.0,4217600512.0
AEO,2025-12-04 14:21:30,0.8748820754716979,23.97,15.0744,3.686194956833893,8581038.0,4153239552.0
ALAB,2025-12-04 14:21:30,0.801061320754717,152.5,6.68812,1.1743247157045595,6581006.0,25757800448.0
ALK,2025-12-04 14:21:30,0.7919811320754717,45.37,6.35255,1.606770421351617,3444985.0,5262403584.0
AMKR,2025-12-04 14:21:30,0.8527122641509434,43.93,8.29138,1.771040381243947,3160601.0,10859207680.0
AMR,2025-12-04 14:21:30,0.941627358490566,180.79,11.5988,1.5597314271834553,288190.0,2360000768.0
APGE,2025-12-04 14:21:30,0.862617924528302,74.55,7.84031,1.3851186802832136,753495.0,5093273600.0
ARWR,2025-12-04 14:21:30,0.9274764150943396,65.075,12.2951,1.882809805328293,2319392.0,8997109760.0
ASAN,2025-12-04 14:21:30,0.7726415094339623,14.43,7.76699,2.5033628364555307,3927042.0,3421352960.0
BDC,2025-12-04 14:21:30,0.8601415094339622,120.1,6.302,1.4795081649877273,258298.0,4758342656.0
BOX,2025-12-04 14:21:30,0.8262971698113206,32.18,6.66225,3.2366885569337795,1903738.0,4662425600.0
CAMT,2025-12-04 14:21:30,0.8064858490566038,116.93,5.43733,1.3803845505748895,557846.0,5351448576.0
CDNS,2025-12-04 14:21:30,0.8438679245283017,336.11,5.71491,1.4152410443846557,1891104.0,91586600960.0
CPRI,2025-12-04 14:21:30,0.8219339622641508,27.38,8.82353,1.716841736445439,2528706.0,3262142976.0
CRCL,2025-12-04 14:21:30,0.8672169811320756,86.29,11.4282,1.4773683175243215,14097339.0,21955422208.0
CSW,2025-12-04 14:21:30,0.8987028301886792,302.18,9.00761,1.3177499758788151,155465.0,5077369856.0
DIOD,2025-12-04 14:21:30,0.9213443396226414,51.33,9.63264,2.12939544132124,409373.0,2383905792.0
DKS,2025-12-04 14:21:30,0.937382075471698,227.94,8.84347,1.847212853775608,1457315.0,20440819712.0
ELF,2025-12-04 14:21:30,0.9036556603773584,80.37,8.31537,1.9305135616273508,2251979.0,4793007104.0
ENTG,2025-12-04 14:21:30,0.8727594339622642,86.27,8.08068,1.480350926510836,2504342.0,13078531072.0
FISV,2025-12-04 14:21:30,0.7810141509433963,66.95,5.86653,1.5685042924626451,9356983.0,36393558016.0
FRPT,2025-12-04 14:21:30,0.8204009433962265,62.18,6.91197,1.3267272552940854,1460120.0,3034902272.0
GENI,2025-12-04 14:21:30,0.8045990566037736,11.32,11.9683,2.9669891052243997,5811960.0,2702288896.0
HRI,2025-12-04 14:21:30,0.7816037735849056,143.89,9.13987,0.8872206908685708,460377.0,4787179008.0
HUM,2025-12-04 14:21:30,0.789622641509434,256.92,6.18284,1.0792872617460767,1910042.0,30900559872.0
IE,2025-12-04 14:21:30,0.8254716981132075,14.87,12.8225,1.8718348169153327,2281977.0,2151908864.0
LB,2025-12-04 14:21:30,0.8345518867924527,60.5,9.62131,1.1404108572276843,437865.0,4815141376.0
LLYVA,2025-12-04 14:21:30,0.8050707547169811,78.57,4.59265,2.538274229240861,126077.0,7409788928.0
LLYVK,2025-12-04 14:21:30,0.78125,81.03,4.78469,1.5184655610489606,297933.0,7446867968.0
LYV,2025-12-04 14:21:30,0.829127358490566,136.01,5.81142,1.453032689142181,2976187.0,31582779392.0
MCHP,2025-12-04 14:21:30,0.9183962264150944,63.61,12.1672,2.8390144976213127,7991173.0,34377826304.0
MRVL,2025-12-04 14:21:30,0.8832547169811319,100.2,7.86952,2.624014774445917,20095779.0,86392438784.0
NXPI,2025-12-04 14:21:30,0.8599056603773584,227.56,5.66984,1.7440904938340045,2633638.0,57371197440.0
ODFL,2025-12-04 14:21:30,0.9108490566037736,150.945,6.91671,2.0895656687191826,2119350.0,31723831296.0
OKTA,2025-12-04 14:21:30,0.8415094339622641,86.34,5.45987,3.75390304625038,2470250.0,15302056960.0
ON,2025-12-04 14:21:30,0.8640330188679245,57.15,11.014,1.5424581439813585,8787207.0,23372863488.0
RARE,2025-12-04 14:21:30,0.820872641509434,36.45,8.90349,1.3606012873564457,1484282.0,3516607488.0
SAIA,2025-12-04 14:21:30,0.7734669811320753,326.22,3.72655,1.7934510309376923,522922.0,8691361792.0
SITM,2025-12-04 14:21:30,0.9704009433962264,346.5,12.5365,2.002019152950145,362033.0,9043868672.0
SLAB,2025-12-04 14:21:30,0.7774764150943396,137.68,6.40698,1.0178019413738768,249411.0,4523192832.0
SN,2025-12-04 14:21:30,0.8439858490566038,107.44,5.92527,1.6101173255449663,1959846.0,15164791808.0
SNDR,2025-12-04 14:21:30,0.8023584905660378,25.17,7.38054,1.6056167832992247,1085746.0,4412291072.0
SPR,2025-12-04 14:21:30,0.7865566037735848,39.5,5.2211,9.004494966903255,1279431.0,4642166784.0
STM,2025-12-04 14:21:30,0.7931603773584905,25.81,7.13989,2.461843480473089,6100504.0,22938540032.0
SYM,2025-12-04 14:21:30,0.864622641509434,73.22,9.3652,1.3551029602964209,2428169.0,43404259328.0
SYNA,2025-12-04 14:21:30,0.8977594339622642,75.92,7.06529,2.0216584325642986,407047.0,2964692224.0
SYRE,2025-12-04 14:21:30,0.8767688679245282,32.2,13.3803,1.4794286435297113,887642.0,2498466560.0
TEX,2025-12-04 14:21:30,0.8387971698113208,49.68,6.83871,1.5792959302026388,1010468.0,3258268928.0
VERA,2025-12-04 14:21:30,0.9010613207547168,41.26,10.7651,2.213003173805109,1591150.0,2637671936.0
VRTX,2025-12-04 14:21:30,0.912382075471698,463.13,6.92139,1.6362311578548974,1500758.0,118742204416.0
ARX,2025-12-04 14:48:20,0.586734693877551,15.04,6.289755,0.1268115128345543,1157734.0,3336173568.0
ASTS,2025-12-04 14:48:20,0.5642857142857143,63.56,3.4505253,0.159942165752642,12864350.0,23352027136.0
BAH,2025-12-04 14:48:20,0.4908163265306122,85.78,3.9883635,0.0830713072819928,2108887.0,10572272640.0
BBAI,2025-12-04 14:48:20,0.1846938775510204,6.2455,2.385249,0.048255449467356,119282300.0,2726480640.0
BBD,2025-12-04 14:48:20,0.2877551020408163,3.625,1.2569854,0.1307535296570321,48729522.0,38341668864.0
BF-A,2025-12-04 14:48:20,0.7173469387755101,30.85,4.4700294,0.2555642851217286,204923.0,14584420352.0
BF-B,2025-12-04 14:48:20,0.7020408163265306,31.445,4.504653,0.2446954831766869,3735590.0,14881020928.0
BMNR,2025-12-04 14:48:20,0.2051020408163265,33.17,-1.4557388,0.1141973135847509,46137320.0,12739528704.0
COHR,2025-12-04 14:48:20,0.5663265306122449,176.97,3.5154388,0.1302299689870367,4126339.0,27811475456.0
DCI,2025-12-04 14:48:20,0.6357142857142857,91.52,4.474884,0.1272452992483358,613838.0,10663905280.0
DG,2025-12-04 14:48:20,0.9183673469387754,118.7,8.017106,0.8061255750823482,3025871.0,26126585856.0
DOOO,2025-12-04 14:48:20,0.8255102040816326,73.96,4.5075636,0.5305173532185355,183453.0,5410085888.0
DSGX,2025-12-04 14:48:20,0.9112244897959184,90.425,8.956751,0.3958532624823287,542547.0,7770719744.0
FIGR,2025-12-04 14:48:20,0.5040816326530613,37.05,4.691203,0.0517299925622074,3790103.0,7928460800.0
FLNC,2025-12-04 14:48:20,0.663265306122449,21.495,8.287156,0.1405021759017242,7841117.0,3930761472.0
FUTU,2025-12-04 14:48:20,0.6632653061224489,175.46,4.260511,0.1359111389586734,2180123.0,24428859392.0
GOOGL,2025-12-04 14:48:20,0.4489795918367347,315.45,-1.3077598,0.149175889237299,36993753.0,3820768985088.0
HBI,2025-12-04 14:48:20,0.4448979591836734,6.47,0.0,11.888427908957375,8763939.0,2289099776.0
HIMS,2025-12-04 14:48:20,0.3489795918367347,38.28,3.2640924,0.0991953663506647,27494873.0,8714384384.0
HRL,2025-12-04 14:48:20,0.7520408163265305,24.726,6.2585945,0.3382109560739053,4656230.0,13599261696.0
HSAI,2025-12-04 14:48:20,0.3673469387755101,19.81,3.1233754,0.1162419880257033,3077425.0,3093177088.0
INTC,2025-12-04 14:48:20,0.1785714285714285,42.6439,-2.550495,0.0981292154896129,113318984.0,203411406848.0
IPG,2025-12-04 14:48:20,0.4663265306122448,24.57,-1.95531,10.372398678312452,7909585.0,8999164928.0
LITE,2025-12-04 14:48:20,0.657142857142857,314.57,3.8253336,0.1489637225558639,4202446.0,22306973696.0
LTM,2025-12-04 14:48:20,0.4785714285714285,51.895,3.6655993,0.1081985450456109,1488569.0,15875752960.0
META,2025-12-04 14:48:20,0.7428571428571429,661.254,3.385562,0.6690602514503637,16981085.0,1666709061632.0
MIDD,2025-12-04 14:48:20,0.7,125.355,4.5496264,0.1364048552128848,692534.0,6353290240.0
MKTX,2025-12-04 14:48:20,0.5336734693877552,165.95,3.9070754,0.0905081314049244,844565.0,6200517632.0
NFLX,2025-12-04 14:48:20,0.4183673469387755,102.85,-1.067719,0.1769486236356975,37985619.0,435808698368.0
NIO,2025-12-04 14:48:20,0.4193877551020408,4.9574,3.4947784,0.1569307617554275,69847077.0,12535574528.0
NVDA,2025-12-04 14:48:20,0.3887755102040816,181.74,1.1971765,0.1254719927224715,191744217.0,4424823996416.0
NVO,2025-12-04 14:48:20,0.4020408163265306,47.525,-0.09460353,0.3494686218483906,16715309.0,211176374272.0
ONDS,2025-12-04 14:48:20,0.2918367346938775,8.695,-2.5220017,0.1761159597407016,76608588.0,3239378432.0
OPEN,2025-12-04 14:48:20,0.1285714285714286,7.0217,1.176909,0.0261419300578076,203771565.0,6697213952.0
PATH,2025-12-04 14:48:20,0.8387755102040816,17.0309,14.609014,0.7510497140710973,23443765.0,9112193024.0
PLTR,2025-12-04 14:48:20,0.2306122448979591,176.39,0.17605495,0.1030749194147137,54103239.0,420414324736.0
PLUG,2025-12-04 14:48:20,0.1316326530612244,2.2395,0.42601016,0.0636195260436573,130994217.0,3116101376.0
RGC,2025-12-04 14:48:20,0.7428571428571428,14.01,7.686395,0.2319794651649093,180766.0,6927789568.0
RIVN,2025-12-04 14:48:20,0.2846938775510204,17.94,2.3388467,0.1148567164781091,48347325.0,21992882176.0
SAIC,2025-12-04 14:48:20,0.963265306122449,101.0137,15.404666,0.6985572043620909,525161.0,4734794752.0
SNOW,2025-12-04 14:48:20,,,,,,
SOFI,2025-12-04 14:48:20,0.1775510204081632,28.685,-1.324618,0.1043811576137801,72258003.0,34591330304.0
STLA,2025-12-04 14:48:20,0.5091836734693878,11.945,4.2321086,0.1523565478278253,16866876.0,34505805824.0
STUB,2025-12-04 14:48:20,0.1418367346938775,10.8159,0.33302522,0.0269229353763868,5298605.0,3978231552.0
TSLA,2025-12-04 14:48:20,0.5357142857142857,453.04,1.4102204,0.1513672577245743,89528622.0,1506729132032.0
USAR,2025-12-04 14:48:20,0.6459183673469387,14.83,5.7774568,0.179654818177391,13840358.0,2064018048.0
WLY,2025-12-04 14:48:20,0.6316326530612245,39.23,3.5365536,0.1903856463776403,419685.0,2087134848.0
WPP,2025-12-04 14:48:20,0.3918367346938776,19.49,3.176286,0.1174764121395926,614617.0,4213707264.0
XPEV,2025-12-04 14:48:20,0.5295918367346938,19.57,3.7095857,0.1735626981176895,11269501.0,19136528384.0
ZIM,2025-12-04 14:48:20,0.65,20.68,4.0723953,0.3526310469522597,4847690.0,2491061504.0
APP,2025-12-04 15:23:20,0.5082644628099173,683.055,3.1477885,0.1292227145775558,6890236.0,231043301376.0
ARX,2025-12-04 15:23:20,0.5743801652892562,14.91,5.3710265,0.1768255920617344,1157734.0,3307336960.0
ASTS,2025-12-04 15:23:20,0.8607438016528925,67.86,10.449222,0.4400021765576962,12864350.0,24931852288.0
AVAV,2025-12-04 15:23:20,0.6541322314049587,283.48,4.304957,0.1673195247514473,1078846.0,14154789888.0
BAH,2025-12-04 15:23:20,0.8202479338842975,87.73,6.352292,0.3245821136931471,2108887.0,10812607488.0
BAP,2025-12-04 15:23:20,0.8458677685950413,274.85,4.4421654,0.7369858706545876,305322.0,21813833728.0
BBAI,2025-12-04 15:23:20,0.5669421487603306,6.6137,8.421312,0.1993184319886521,119282300.0,2887218944.0
BE,2025-12-04 15:23:20,0.674793388429752,108.01,5.3756123,0.1896447694788219,15199623.0,25545527296.0
BF-A,2025-12-04 15:23:20,0.7537190082644629,30.85,4.4737105,0.4584844063379903,204923.0,14584420352.0
BF-B,2025-12-04 15:23:20,0.6809917355371901,31.275,3.9381835,0.4931783198905661,3735590.0,14800569344.0
CACI,2025-12-04 15:23:20,0.6450413223140495,615.8101,3.8675811,0.1756904583908803,236763.0,13596908544.0
CCJ,2025-12-04 15:23:20,0.5797520661157025,92.415,3.3147056,0.2141491803681962,5203312.0,40353193984.0
COHR,2025-12-04 15:23:20,0.8657024793388429,182.45,6.7208643,0.3631308527971162,4126339.0,28672675840.0
CRM,2025-12-04 15:23:20,0.6698347107438016,242.54,1.6001978,0.8384186332146618,8470723.0,231868235776.0
DCI,2025-12-04 15:23:20,0.7710743801652893,92.47,5.559364,0.258755567429843,613838.0,10774599680.0
DG,2025-12-04 15:23:20,0.9491735537190082,121.68,10.728912,1.4640310178457707,3025871.0,26782502912.0
DLTR,2025-12-04 15:23:20,0.724793388429752,117.39,3.958556,0.33499734483014,4442277.0,23943784448.0
DNLI,2025-12-04 15:23:20,0.5896694214876033,19.895,4.710529,0.1914476202537567,1752939.0,2917837312.0
DOOO,2025-12-04 15:23:20,0.9053719008264464,75.44,6.59885,1.073332134116095,183453.0,5518346240.0
DSGX,2025-12-04 15:23:20,0.9194214876033058,91.025,9.721556,0.8139921518320071,542547.0,7822280704.0
FIGR,2025-12-04 15:23:20,0.5975206611570247,37.96,7.2943115,0.1259052854236415,3790103.0,8123194880.0
FLNC,2025-12-04 15:23:20,0.7450413223140496,22.06,11.133496,0.2790643220857436,7841117.0,4034082048.0
FLY,2025-12-04 15:23:20,0.6475206611570248,19.61,5.7125382,0.2107446354638954,2036849.0,3122914560.0
GEV,2025-12-04 15:23:20,0.7545454545454545,626.0848,4.005982,0.2799490461683029,2962682.0,170435264512.0
HIMS,2025-12-04 15:23:20,0.5834710743801653,38.7574,4.5518575,0.1931842347480565,27494873.0,8823064576.0
HRL,2025-12-04 15:23:20,0.6417355371900827,24.105,3.5883071,0.644770339953138,4656230.0,13257712640.0
IDYA,2025-12-04 15:23:20,0.5181818181818182,35.89,4.5295124,0.1239063398841456,1195984.0,3146347264.0
IHS,2025-12-04 15:23:20,0.5053719008264462,7.34,3.3802853,0.2533766778904599,550319.0,2462725888.0
IONQ,2025-12-04 15:23:20,0.7057851239669423,51.96,6.8036947,0.221601672949366,30272285.0,18408366080.0
LC,2025-12-04 15:23:20,0.7223140495867768,19.71,4.840425,0.4042427800393384,1759601.0,2272591360.0
LITE,2025-12-04 15:23:20,0.7851239669421487,318.635,5.1674337,0.262159942090868,4202446.0,22595233792.0
META,2025-12-04 15:23:20,0.8413223140495867,666.3,4.174486,0.892456282976029,16981085.0,1679427502080.0
MIDD,2025-12-04 15:23:20,0.8078512396694214,125.4,4.587156,0.3824664204212356,692534.0,6355571200.0
MKTX,2025-12-04 15:23:20,0.5785123966942148,165.77,3.7943757,0.1548726267368408,844565.0,6193792512.0
OCUL,2025-12-04 15:23:20,0.7545454545454545,12.59,9.860385,0.3443716879525821,2818687.0,2682267648.0
PATH,2025-12-04 15:23:20,0.8417355371900826,17.41,17.160164,1.393430790660118,23443765.0,9315025920.0
QBTS,2025-12-04 15:23:20,0.5425619834710743,26.27,4.7448187,0.1747317743135029,53048331.0,9378962432.0
RGC,2025-12-04 15:23:20,0.7789256198347108,13.83,6.3028417,0.5063286237456158,180766.0,6838781440.0
RGTI,2025-12-04 15:23:20,0.5409090909090909,27.735,6.5092154,0.1439574707552019,81871569.0,9153273856.0
RKLB,2025-12-04 15:23:20,0.7057851239669422,46.97,5.031306,0.3086147102999633,21486863.0,25089323008.0
SAIC,2025-12-04 15:23:20,0.9714876033057852,103.22,17.925285,1.4577301056247514,525161.0,4838210048.0
SMR,2025-12-04 15:23:20,0.6239669421487603,20.9705,4.1236424,0.3698271081702233,22751104.0,5931369472.0
SMTC,2025-12-04 15:23:20,0.5665289256198347,76.92,4.710045,0.1132344911827682,1752761.0,7118180864.0
SNDK,2025-12-04 15:23:20,0.7454545454545454,202.46,4.156807,0.3116454800894063,10858290.0,29671157760.0
SNOW,2025-12-04 15:23:20,0.6338842975206612,238.2046,-10.11147,1.925514881545064,4373773.0,80703717376.0
STLA,2025-12-04 15:23:20,0.521900826446281,11.91,3.9266999,0.3036501839463336,16866876.0,34404700160.0
USAR,2025-12-04 15:23:20,0.7256198347107438,15.15,8.059908,0.3351589604835366,13840358.0,2108555136.0
VKTX,2025-12-04 15:23:20,0.606198347107438,37.5,5.902288,0.1577074237710561,4590120.0,4238862848.0
XP,2025-12-04 15:23:20,0.521900826446281,20.0,4.004163,0.2023383374872338,7103765.0,10376653824.0
ZIM,2025-12-04 15:23:20,0.7090909090909091,20.79,4.630096,0.5119213481060051,4847690.0,2504311808.0
APP,2025-12-04 15:23:21,0.5082644628099173,683.055,3.1477885,0.1292227145775558,6890236.0,231043301376.0
ARX,2025-12-04 15:23:21,0.5743801652892562,14.91,5.3710265,0.1768255920617344,1157734.0,3307336960.0
ASTS,2025-12-04 15:23:21,0.8607438016528925,67.86,10.449222,0.4400021765576962,12864350.0,24931852288.0
AVAV,2025-12-04 15:23:21,0.6541322314049587,283.48,4.304957,0.1673195247514473,1078846.0,14154789888.0
BAH,2025-12-04 15:23:21,0.8202479338842975,87.73,6.352292,0.3245821136931471,2108887.0,10812607488.0
BAP,2025-12-04 15:23:21,0.8458677685950413,274.85,4.4421654,0.7369858706545876,305322.0,21813833728.0
BBAI,2025-12-04 15:23:21,0.5669421487603306,6.6137,8.421312,0.1993184319886521,119282300.0,2887218944.0
BE,2025-12-04 15:23:21,0.674793388429752,108.01,5.3756123,0.1896447694788219,15199623.0,25545527296.0
BF-A,2025-12-04 15:23:21,0.7537190082644629,30.85,4.4737105,0.4584844063379903,204923.0,14584420352.0
BF-B,2025-12-04 15:23:21,0.6809917355371901,31.275,3.9381835,0.4931783198905661,3735590.0,14800569344.0
CACI,2025-12-04 15:23:21,0.6450413223140495,615.8101,3.8675811,0.1756904583908803,236763.0,13596908544.0
CCJ,2025-12-04 15:23:21,0.5797520661157025,92.415,3.3147056,0.2141491803681962,5203312.0,40353193984.0
COHR,2025-12-04 15:23:21,0.8657024793388429,182.45,6.7208643,0.3631308527971162,4126339.0,28672675840.0
CRM,2025-12-04 15:23:21,0.6698347107438016,242.54,1.6001978,0.8384186332146618,8470723.0,231868235776.0
DCI,2025-12-04 15:23:21,0.7710743801652893,92.47,5.559364,0.258755567429843,613838.0,10774599680.0
DG,2025-12-04 15:23:21,0.9491735537190082,121.68,10.728912,1.4640310178457707,3025871.0,26782502912.0
DLTR,2025-12-04 15:23:21,0.724793388429752,117.39,3.958556,0.33499734483014,4442277.0,23943784448.0
DNLI,2025-12-04 15:23:21,0.5896694214876033,19.895,4.710529,0.1914476202537567,1752939.0,2917837312.0
DOOO,2025-12-04 15:23:21,0.9053719008264464,75.44,6.59885,1.073332134116095,183453.0,5518346240.0
DSGX,2025-12-04 15:23:21,0.9194214876033058,91.025,9.721556,0.8139921518320071,542547.0,7822280704.0
FIGR,2025-12-04 15:23:21,0.5975206611570247,37.96,7.2943115,0.1259052854236415,3790103.0,8123194880.0
FLNC,2025-12-04 15:23:21,0.7450413223140496,22.06,11.133496,0.2790643220857436,7841117.0,4034082048.0
FLY,2025-12-04 15:23:21,0.6475206611570248,19.61,5.7125382,0.2107446354638954,2036849.0,3122914560.0
GEV,2025-12-04 15:23:21,0.7545454545454545,626.0848,4.005982,0.2799490461683029,2962682.0,170435264512.0
HIMS,2025-12-04 15:23:21,0.5834710743801653,38.7574,4.5518575,0.1931842347480565,27494873.0,8823064576.0
HRL,2025-12-04 15:23:21,0.6417355371900827,24.105,3.5883071,0.644770339953138,4656230.0,13257712640.0
IDYA,2025-12-04 15:23:21,0.5181818181818182,35.89,4.5295124,0.1239063398841456,1195984.0,3146347264.0
IHS,2025-12-04 15:23:21,0.5053719008264462,7.34,3.3802853,0.2533766778904599,550319.0,2462725888.0
IONQ,2025-12-04 15:23:21,0.7057851239669423,51.96,6.8036947,0.221601672949366,30272285.0,18408366080.0
LC,2025-12-04 15:23:21,0.7223140495867768,19.71,4.840425,0.4042427800393384,1759601.0,2272591360.0
LITE,2025-12-04 15:23:21,0.7851239669421487,318.635,5.1674337,0.262159942090868,4202446.0,22595233792.0
META,2025-12-04 15:23:21,0.8413223140495867,666.3,4.174486,0.892456282976029,16981085.0,1679427502080.0
MIDD,2025-12-04 15:23:21,0.8078512396694214,125.4,4.587156,0.3824664204212356,692534.0,6355571200.0
MKTX,2025-12-04 15:23:21,0.5785123966942148,165.77,3.7943757,0.1548726267368408,844565.0,6193792512.0
OCUL,2025-12-04 15:23:21,0.7545454545454545,12.59,9.860385,0.3443716879525821,2818687.0,2682267648.0
PATH,2025-12-04 15:23:21,0.8417355371900826,17.41,17.160164,1.393430790660118,23443765.0,9315025920.0
QBTS,2025-12-04 15:23:21,0.5425619834710743,26.27,4.7448187,0.1747317743135029,53048331.0,9378962432.0
RGC,2025-12-04 15:23:21,0.7789256198347108,13.83,6.3028417,0.5063286237456158,180766.0,6838781440.0
RGTI,2025-12-04 15:23:21,0.5409090909090909,27.735,6.5092154,0.1439574707552019,81871569.0,9153273856.0
RKLB,2025-12-04 15:23:21,0.7057851239669422,46.97,5.031306,0.3086147102999633,21486863.0,25089323008.0
SAIC,2025-12-04 15:23:21,0.9714876033057852,103.22,17.925285,1.4577301056247514,525161.0,4838210048.0
SMR,2025-12-04 15:23:21,0.6239669421487603,20.9705,4.1236424,0.3698271081702233,22751104.0,5931369472.0
SMTC,2025-12-04 15:23:21,0.5665289256198347,76.92,4.710045,0.1132344911827682,1752761.0,7118180864.0
SNDK,2025-12-04 15:23:21,0.7454545454545454,202.46,4.156807,0.3116454800894063,10858290.0,29671157760.0
SNOW,2025-12-04 15:23:21,0.6338842975206612,238.2046,-10.11147,1.925514881545064,4373773.0,80703717376.0
STLA,2025-12-04 15:23:21,0.521900826446281,11.91,3.9266999,0.3036501839463336,16866876.0,34404700160.0
USAR,2025-12-04 15:23:21,0.7256198347107438,15.15,8.059908,0.3351589604835366,13840358.0,2108555136.0
VKTX,2025-12-04 15:23:21,0.606198347107438,37.5,5.902288,0.1577074237710561,4590120.0,4238862848.0
XP,2025-12-04 15:23:21,0.521900826446281,20.0,4.004163,0.2023383374872338,7103765.0,10376653824.0
ZIM,2025-12-04 15:23:21,0.7090909090909091,20.79,4.630096,0.5119213481060051,4847690.0,2504311808.0
AMTM,2025-12-04 15:46:50,0.6112903225806451,29.56,3.5014007,0.558735929044406,2006438.0,7200756224.0
ASTS,2025-12-04 15:46:50,0.8838709677419354,70.195,14.249677,0.6209074690909373,12864350.0,25789734912.0
AVAV,2025-12-04 15:46:50,0.6706451612903226,284.06,4.51836,0.2359326539654408,1078846.0,14183749632.0
BAH,2025-12-04 15:46:50,0.822258064516129,88.21,6.9341755,0.4341569747454463,2108887.0,10871767040.0
BAP,2025-12-04 15:46:50,0.8893548387096775,278.01,5.642957,0.923241692377228,305322.0,22064631808.0
BE,2025-12-04 15:46:50,0.7745161290322581,111.3045,8.590549,0.3111789680572998,15199623.0,26324709376.0
CACI,2025-12-04 15:46:50,0.6699999999999999,620.105,4.5919876,0.2116715871990133,236763.0,13691738112.0
CCJ,2025-12-04 15:46:50,0.6164516129032258,93.16,4.1475763,0.2681901450460783,5203312.0,40678502400.0
CHKP,2025-12-04 15:46:50,0.7954838709677419,198.23,3.7310252,3.457714442731312,786084.0,21280925696.0
CM,2025-12-04 15:46:50,0.6861290322580647,89.67,3.2588692,0.6699323339419698,912422.0,83354329088.0
COHR,2025-12-04 15:46:50,0.8822580645161289,184.635,7.994964,0.5005696332754047,4126339.0,29016057856.0
CRM,2025-12-04 15:46:50,0.632258064516129,241.415,1.1289344,1.0092513944795505,8470723.0,230792740864.0
DCI,2025-12-04 15:46:50,0.8019354838709677,94.005,7.3116426,0.3310091587682743,613838.0,10953456640.0
DG,2025-12-04 15:46:50,0.9416129032258064,122.895,11.834559,1.7100881035576203,3025871.0,27049930752.0
DLTR,2025-12-04 15:46:50,0.7674193548387097,118.865,5.264789,0.3849136377582938,4442277.0,24244637696.0
DNLI,2025-12-04 15:46:50,0.6280645161290322,19.88,4.6315746,0.3399228381592286,1752939.0,2915637248.0
DOOO,2025-12-04 15:46:50,0.8741935483870967,75.0,5.977114,1.1865055354777518,183453.0,5486160384.0
DSGX,2025-12-04 15:46:50,0.932258064516129,91.4515,10.235657,1.0176814174624502,542547.0,7858932224.0
EOSE,2025-12-04 15:46:50,0.6441935483870967,14.885,9.852398,0.2824532475987996,23702312.0,4824201216.0
FIGR,2025-12-04 15:46:50,0.6325806451612903,38.52,8.875069,0.1810507524465694,3790103.0,8243031552.0
FLNC,2025-12-04 15:46:50,0.7864516129032257,22.6,13.853904,0.387440717948731,7841117.0,4132831232.0
FLY,2025-12-04 15:46:50,0.6974193548387096,19.905,7.3045907,0.3349943957554046,2036849.0,3169893632.0
GEV,2025-12-04 15:46:50,0.7767741935483871,629.25,4.531792,0.3719582459406713,2962682.0,171296915456.0
GPCR,2025-12-04 15:46:50,0.6890322580645161,33.357,5.493351,0.324538815245422,1061722.0,2024023936.0
HIMS,2025-12-04 15:46:50,0.6096774193548387,39.145,5.5975204,0.2527132240254392,27494873.0,8911300608.0
IDYA,2025-12-04 15:46:50,0.6974193548387096,35.875,4.4700055,0.4579835516194196,1195984.0,3145032448.0
IHS,2025-12-04 15:46:50,0.6383870967741936,7.4325,4.684748,0.4339319558292554,550319.0,2493761280.0
IONQ,2025-12-04 15:46:50,0.7525806451612903,53.105,9.157242,0.3141717911284199,30272285.0,18814017536.0
KLIC,2025-12-04 15:46:50,0.6993548387096773,48.85,3.936167,0.5914961025229484,525853.0,2557932544.0
LEU,2025-12-04 15:46:50,0.6299999999999999,279.5599,4.274487,0.2159301768201183,1374787.0,5091354112.0
LITE,2025-12-04 15:46:50,0.7625806451612902,318.68,5.172464,0.3132454289716037,4202446.0,22598424576.0
MAZE,2025-12-04 15:46:50,0.6106451612903226,43.28,4.3142853,0.2685045628716472,533436.0,2082609536.0
META,2025-12-04 15:46:50,0.7964516129032259,666.11,4.1447797,0.9752067079341514,16981085.0,1678948564992.0
MIDD,2025-12-04 15:46:50,0.8035483870967741,125.66,4.804005,0.4810059867096778,692534.0,6368748544.0
MKTX,2025-12-04 15:46:50,0.6103225806451612,166.7025,4.3782434,0.202975496261389,844565.0,6228634112.0
OCUL,2025-12-04 15:46:50,0.7841935483870967,12.857,12.190229,0.5541750467504906,2818687.0,2739151360.0
OKLO,2025-12-04 15:46:50,0.6667741935483871,103.41,7.0639253,0.2256343660348597,19606149.0,16157510656.0
PATH,2025-12-04 15:46:50,0.8467741935483869,17.4255,17.267963,1.6128562114489715,23443765.0,9323320320.0
PRAX,2025-12-04 15:46:50,0.6806451612903226,198.495,6.6317496,0.1969006088385671,965609.0,4963798528.0
QBTS,2025-12-04 15:46:50,0.6174193548387096,26.92,7.3365235,0.2460822565746696,53048331.0,9611026432.0
RGC,2025-12-04 15:46:50,0.7906451612903225,14.0,7.609529,0.6075810716617063,180766.0,6922844672.0
RGTI,2025-12-04 15:46:50,0.614516129032258,27.993,7.49942,0.2400811812950598,81871569.0,9238420480.0
RKLB,2025-12-04 15:46:50,0.7596774193548387,47.91,7.1332707,0.4040366432270732,21486863.0,25591429120.0
SAIC,2025-12-04 15:46:50,0.9683870967741935,101.375,15.817435,1.857761714978835,525161.0,4751729664.0
SMR,2025-12-04 15:46:50,0.7222580645161288,21.6075,7.2864976,0.4913921100268365,22751104.0,6111540736.0
SNDK,2025-12-04 15:46:50,0.817741935483871,206.85,6.4152694,0.4209853485217286,10858290.0,30314526720.0
SNOW,2025-12-04 15:46:50,0.6293548387096773,237.53,-10.366037,2.2283511284193303,4373773.0,80475160576.0
USAR,2025-12-04 15:46:50,0.7364516129032258,15.41,9.92148,0.410866033956636,13840358.0,2144741632.0
VKTX,2025-12-04 15:46:50,0.7319354838709677,38.41,8.469791,0.3004030395719502,4590120.0,4341726208.0
ZIM,2025-12-04 15:46:50,0.6545161290322581,20.745,4.4036236,0.575380026363072,4847690.0,2498891264.0
AMTM,2025-12-04 15:46:51,0.6112903225806451,29.56,3.5014007,0.558735929044406,2006438.0,7200756224.0
ASTS,2025-12-04 15:46:51,0.8838709677419354,70.195,14.249677,0.6209074690909373,12864350.0,25789734912.0
AVAV,2025-12-04 15:46:51,0.6706451612903226,284.06,4.51836,0.2359326539654408,1078846.0,14183749632.0
BAH,2025-12-04 15:46:51,0.822258064516129,88.21,6.9341755,0.4341569747454463,2108887.0,10871767040.0
BAP,2025-12-04 15:46:51,0.8893548387096775,278.01,5.642957,0.923241692377228,305322.0,22064631808.0
BE,2025-12-04 15:46:51,0.7745161290322581,111.3045,8.590549,0.3111789680572998,15199623.0,26324709376.0
CACI,2025-12-04 15:46:51,0.6699999999999999,620.105,4.5919876,0.2116715871990133,236763.0,13691738112.0
CCJ,2025-12-04 15:46:51,0.6164516129032258,93.16,4.1475763,0.2681901450460783,5203312.0,40678502400.0
CHKP,2025-12-04 15:46:51,0.7954838709677419,198.23,3.7310252,3.457714442731312,786084.0,21280925696.0
CM,2025-12-04 15:46:51,0.6861290322580647,89.67,3.2588692,0.6699323339419698,912422.0,83354329088.0
COHR,2025-12-04 15:46:51,0.8822580645161289,184.635,7.994964,0.5005696332754047,4126339.0,29016057856.0
CRM,2025-12-04 15:46:51,0.632258064516129,241.415,1.1289344,1.0092513944795505,8470723.0,230792740864.0
DCI,2025-12-04 15:46:51,0.8019354838709677,94.005,7.3116426,0.3310091587682743,613838.0,10953456640.0
DG,2025-12-04 15:46:51,0.9416129032258064,122.895,11.834559,1.7100881035576203,3025871.0,27049930752.0
DLTR,2025-12-04 15:46:51,0.7674193548387097,118.865,5.264789,0.3849136377582938,4442277.0,24244637696.0
DNLI,2025-12-04 15:46:51,0.6280645161290322,19.88,4.6315746,0.3399228381592286,1752939.0,2915637248.0
DOOO,2025-12-04 15:46:51,0.8741935483870967,75.0,5.977114,1.1865055354777518,183453.0,5486160384.0
DSGX,2025-12-04 15:46:51,0.932258064516129,91.4515,10.235657,1.0176814174624502,542547.0,7858932224.0
EOSE,2025-12-04 15:46:51,0.6441935483870967,14.885,9.852398,0.2824532475987996,23702312.0,4824201216.0
FIGR,2025-12-04 15:46:51,0.6325806451612903,38.52,8.875069,0.1810507524465694,3790103.0,8243031552.0
FLNC,2025-12-04 15:46:51,0.7864516129032257,22.6,13.853904,0.387440717948731,7841117.0,4132831232.0
FLY,2025-12-04 15:46:51,0.6974193548387096,19.905,7.3045907,0.3349943957554046,2036849.0,3169893632.0
GEV,2025-12-04 15:46:51,0.7767741935483871,629.25,4.531792,0.3719582459406713,2962682.0,171296915456.0
GPCR,2025-12-04 15:46:51,0.6890322580645161,33.357,5.493351,0.324538815245422,1061722.0,2024023936.0
HIMS,2025-12-04 15:46:51,0.6096774193548387,39.145,5.5975204,0.2527132240254392,27494873.0,8911300608.0
IDYA,2025-12-04 15:46:51,0.6974193548387096,35.875,4.4700055,0.4579835516194196,1195984.0,3145032448.0
IHS,2025-12-04 15:46:51,0.6383870967741936,7.4325,4.684748,0.4339319558292554,550319.0,2493761280.0
IONQ,2025-12-04 15:46:51,0.7525806451612903,53.105,9.157242,0.3141717911284199,30272285.0,18814017536.0
KLIC,2025-12-04 15:46:51,0.6993548387096773,48.85,3.936167,0.5914961025229484,525853.0,2557932544.0
LEU,2025-12-04 15:46:51,0.6299999999999999,279.5599,4.274487,0.2159301768201183,1374787.0,5091354112.0
LITE,2025-12-04 15:46:51,0.7625806451612902,318.68,5.172464,0.3132454289716037,4202446.0,22598424576.0
MAZE,2025-12-04 15:46:51,0.6106451612903226,43.28,4.3142853,0.2685045628716472,533436.0,2082609536.0
META,2025-12-04 15:46:51,0.7964516129032259,666.11,4.1447797,0.9752067079341514,16981085.0,1678948564992.0
MIDD,2025-12-04 15:46:51,0.8035483870967741,125.66,4.804005,0.4810059867096778,692534.0,6368748544.0
MKTX,2025-12-04 15:46:51,0.6103225806451612,166.7025,4.3782434,0.202975496261389,844565.0,6228634112.0
OCUL,2025-12-04 15:46:51,0.7841935483870967,12.857,12.190229,0.5541750467504906,2818687.0,2739151360.0
OKLO,2025-12-04 15:46:51,0.6667741935483871,103.41,7.0639253,0.2256343660348597,19606149.0,16157510656.0
PATH,2025-12-04 15:46:51,0.8467741935483869,17.4255,17.267963,1.6128562114489715,23443765.0,9323320320.0
PRAX,2025-12-04 15:46:51,0.6806451612903226,198.495,6.6317496,0.1969006088385671,965609.0,4963798528.0
QBTS,2025-12-04 15:46:51,0.6174193548387096,26.92,7.3365235,0.2460822565746696,53048331.0,9611026432.0
RGC,2025-12-04 15:46:51,0.7906451612903225,14.0,7.609529,0.6075810716617063,180766.0,6922844672.0
RGTI,2025-12-04 15:46:51,0.614516129032258,27.993,7.49942,0.2400811812950598,81871569.0,9238420480.0
RKLB,2025-12-04 15:46:51,0.7596774193548387,47.91,7.1332707,0.4040366432270732,21486863.0,25591429120.0
SAIC,2025-12-04 15:46:51,0.9683870967741935,101.375,15.817435,1.857761714978835,525161.0,4751729664.0
SMR,2025-12-04 15:46:51,0.7222580645161288,21.6075,7.2864976,0.4913921100268365,22751104.0,6111540736.0
SNDK,2025-12-04 15:46:51,0.817741935483871,206.85,6.4152694,0.4209853485217286,10858290.0,30314526720.0
SNOW,2025-12-04 15:46:51,0.6293548387096773,237.53,-10.366037,2.2283511284193303,4373773.0,80475160576.0
USAR,2025-12-04 15:46:51,0.7364516129032258,15.41,9.92148,0.410866033956636,13840358.0,2144741632.0
VKTX,2025-12-04 15:46:51,0.7319354838709677,38.41,8.469791,0.3004030395719502,4590120.0,4341726208.0
ZIM,2025-12-04 15:46:51,0.6545161290322581,20.745,4.4036236,0.575380026363072,4847690.0,2498891264.0
ASTS,2025-12-04 16:28:47,0.8917061611374406,70.14,14.159444,0.888243634540416,12864350.0,25769527296.0
AVAV,2025-12-04 16:28:47,0.7817535545023696,289.715,6.5990868,0.3316488173474249,1078846.0,14466116608.0
BAH,2025-12-04 16:28:47,0.8630331753554502,89.015,7.9100513,0.5760465117381822,2108887.0,10970981376.0
BAP,2025-12-04 16:28:47,0.8701421800947866,276.13,4.9285607,1.147765310066094,305322.0,21915422720.0
BBAI,2025-12-04 16:28:47,0.64739336492891,6.755,10.737709,0.4258980837894641,119282300.0,2948903680.0
BE,2025-12-04 16:28:47,0.8111374407582939,110.08,7.395124,0.4613663773108056,15199623.0,26035103744.0
BEAM,2025-12-04 16:28:47,0.6554502369668247,28.475,6.488409,0.3217109822694808,2493328.0,2889499136.0
CACI,2025-12-04 16:28:47,0.7495260663507108,625.81,5.5542426,0.3065090406862559,236763.0,13817703424.0
CALM,2025-12-04 16:28:47,0.6798578199052133,85.88,3.882907,0.4252128119892461,975274.0,4165146112.0
CHKP,2025-12-04 16:28:47,0.8327014218009479,198.67,3.9612725,4.411757522096875,786084.0,21328162816.0
COHR,2025-12-04 16:28:47,0.8784360189573459,182.29,6.627273,0.7146443857375752,4126339.0,28647532544.0
CRM,2025-12-04 16:28:47,0.6850710900473934,244.95,2.6097503,1.177597473084647,8470723.0,234172203008.0
CRWV,2025-12-04 16:28:47,0.7059241706161137,83.94,5.7711716,0.3708913912385505,30202103.0,41828773888.0
DCI,2025-12-04 16:28:47,0.8277251184834122,93.83,7.1118765,0.4469420270494821,613838.0,10933066752.0
DG,2025-12-04 16:28:47,0.9319905213270144,121.15,10.241953,2.0649680703506528,3025871.0,26665846784.0
DLTR,2025-12-04 16:28:47,0.6625592417061612,116.77,3.4094923,0.4759489333960939,4442277.0,23817324544.0
DNLI,2025-12-04 16:28:47,0.7194312796208531,20.09,5.736843,0.5174795015685086,1752939.0,2946436352.0
DOOO,2025-12-04 16:28:47,0.8950236966824645,75.49,6.666669,1.499288646138248,183453.0,5522003456.0
DSGX,2025-12-04 16:28:47,0.9372037914691944,91.91,10.788338,1.2172327927350073,542547.0,7898334208.0
EOSE,2025-12-04 16:28:47,0.7090047393364929,15.145,11.77122,0.408912472336032,23702312.0,4908467200.0
FLNC,2025-12-04 16:28:47,0.8075829383886256,22.28,12.257254,0.572983287967773,7841117.0,4074313472.0
FLY,2025-12-04 16:28:47,0.733649289099526,20.0488,8.079786,0.4422826630741896,2036849.0,3192793856.0
GEV,2025-12-04 16:28:47,0.8123222748815166,629.605,4.590762,0.492932417316472,2962682.0,171393548288.0
IDYA,2025-12-04 16:28:47,0.766824644549763,36.3,5.707627,0.5715803890353048,1195984.0,3182290432.0
IHS,2025-12-04 16:28:47,0.6672985781990521,7.44,4.7887344,0.7023944294127588,550319.0,2496277760.0
IONQ,2025-12-04 16:28:47,0.817298578199052,54.33,11.675231,0.4872372204476801,30272285.0,19248011264.0
KLIC,2025-12-04 16:28:47,0.7898104265402843,49.315,4.925529,0.783582103743822,525853.0,2582281216.0
LEU,2025-12-04 16:28:47,0.7518957345971564,282.13,5.2331214,0.3395980613724162,1374787.0,5138160640.0
LITE,2025-12-04 16:28:47,0.8023696682464455,321.0,5.9475837,0.4064825580150227,4202446.0,22762942464.0
META,2025-12-04 16:28:47,0.8111374407582939,664.89,3.95404,1.1172574661748649,16981085.0,1675873615872.0
MIDD,2025-12-04 16:28:47,0.7879146919431279,124.99,4.245201,0.5839655525938077,692534.0,6334791168.0
MKTX,2025-12-04 16:28:47,0.6741706161137441,167.25,4.7210526,0.2821487984938992,844565.0,6249091072.0
OCUL,2025-12-04 16:28:47,0.8014218009478673,12.74,11.169282,0.8910943286714701,2818687.0,2714224640.0
OKLO,2025-12-04 16:28:47,0.8037914691943128,106.925,10.699873,0.4091465386700876,19606149.0,16706718720.0
PATH,2025-12-04 16:28:47,0.8537914691943128,17.87,20.275515,1.997008671602023,23443765.0,9561144320.0
POWL,2025-12-04 16:28:47,0.6940758293838862,343.2,6.096204,0.2356954451746174,243017.0,4150002944.0
PRAX,2025-12-04 16:28:47,0.688388625592417,196.405,5.509001,0.2674136218697216,965609.0,4911533568.0
QBTS,2025-12-04 16:28:47,0.6962085308056872,27.57,9.928228,0.361058182961496,53048331.0,9843090432.0
RGC,2025-12-04 16:28:47,0.9324644549763031,17.38,33.589535,1.79675381432349,180766.0,8594216960.0
RGTI,2025-12-04 16:28:47,0.681516587677725,28.51,9.485404,0.3479992669982909,81871569.0,9409043456.0
RKLB,2025-12-04 16:28:47,0.7803317535545023,48.02,7.379247,0.5273504559506895,21486863.0,25650186240.0
RRX,2025-12-04 16:28:47,0.6753554502369667,142.99,3.6234508,0.3885282591624512,798449.0,9493059584.0
SAIC,2025-12-04 16:28:47,0.9734597156398104,104.21,19.056324,2.589718200704165,525161.0,4884614144.0
SITM,2025-12-04 16:28:47,0.6983412322274882,358.04,3.3304498,0.444589305394812,362033.0,9345070080.0
SMR,2025-12-04 16:28:47,0.8023696682464454,22.265,10.551143,0.7931720588152558,22751104.0,6297509888.0
SMTC,2025-12-04 16:28:47,0.7201421800947867,78.31,6.6022305,0.3053211476065476,1752761.0,7246811648.0
SNDK,2025-12-04 16:28:47,0.8855450236966823,210.62,8.354764,0.6623160737095805,10858290.0,30867030016.0
USAR,2025-12-04 16:28:47,0.8123222748815165,16.2701,16.043602,0.6421029716138845,13840358.0,2264449024.0
VKTX,2025-12-04 16:28:47,0.7879146919431279,38.6901,9.263208,0.4530744294266816,4590120.0,4373387776.0
ZIM,2025-12-04 16:28:47,0.6936018957345971,20.83,4.8313994,0.680315572984246,4847690.0,2509129984.0
ASTS,2025-12-04 16:55:38,0.8985232067510548,71.2072,15.897137,0.9759967662571368,12864350.0,26161618944.0
AVAV,2025-12-04 16:55:38,0.8021097046413502,289.02,6.3433623,0.3884576668032323,1078846.0,14431413248.0
BAH,2025-12-04 16:55:38,0.8550632911392405,88.42,7.1887503,0.6649099738392811,2108887.0,10897648640.0
BAP,2025-12-04 16:55:38,0.9014767932489453,278.41,5.7949533,1.2446662867399008,305322.0,22096377856.0
BBAI,2025-12-04 16:55:38,0.6784810126582278,6.825,11.885244,0.5190967394156552,119282300.0,2979462144.0
BE,2025-12-04 16:55:38,0.8255274261603376,112.055,9.321951,0.5207040990424565,15199623.0,26502211584.0
BEAM,2025-12-04 16:55:38,0.6867088607594937,28.605,6.974569,0.3767494689828213,2493328.0,2902690816.0
CACI,2025-12-04 16:55:38,0.7259493670886076,620.755,4.701626,0.3337050130299075,236763.0,13706090496.0
CALM,2025-12-04 16:55:38,0.7255274261603376,86.2,4.2699876,0.4714049590166456,975274.0,4180666112.0
CCJ,2025-12-04 16:55:38,0.6957805907172996,93.57,4.6059284,0.3912533017431974,5203312.0,40857526272.0
CHKP,2025-12-04 16:55:38,0.759071729957806,197.05,3.1135514,5.1132601604917545,786084.0,21154248704.0
CM,2025-12-04 16:55:38,0.7158227848101266,89.73,3.3279676,0.9459712720648998,912422.0,83410108416.0
COHR,2025-12-04 16:55:38,0.8824894514767931,182.62,6.8203015,0.787821601666756,4126339.0,28699392000.0
CRM,2025-12-04 16:55:38,0.7578059071729959,246.82,3.393099,1.3010996818099234,8470723.0,235959926784.0
CRWV,2025-12-04 16:55:38,0.7552742616033755,85.25,7.421874,0.4342301262928611,30202103.0,42481565696.0
DCI,2025-12-04 16:55:38,0.8413502109704641,94.1025,7.422948,0.515725647483538,613838.0,10964817920.0
DG,2025-12-04 16:55:38,0.9339662447257384,122.0599,11.085706,2.2021358478269564,3025871.0,26866120704.0
DNLI,2025-12-04 16:55:38,0.7084388185654007,19.98,5.157892,0.5904763371686066,1752939.0,2930303488.0
DOOO,2025-12-04 16:55:38,0.8791139240506329,74.92,5.864069,1.7273688628695087,183453.0,5480308736.0
DSGX,2025-12-04 16:55:38,0.9447257383966244,92.885,11.963601,1.3744265473774622,542547.0,7982120960.0
EOSE,2025-12-04 16:55:38,0.7343881856540083,15.4701,14.170482,0.4875426498478292,23702312.0,5013831168.0
FLNC,2025-12-04 16:55:38,0.8158227848101266,22.7057,14.390527,0.6602302962702891,7841117.0,4152160512.0
FLY,2025-12-04 16:55:38,0.740506329113924,20.035,8.005394,0.5007386409105437,2036849.0,3190596096.0
GEV,2025-12-04 16:55:38,0.8137130801687764,629.4,4.5567145,0.5440961939215886,2962682.0,171337744384.0
IDYA,2025-12-04 16:55:38,0.7253164556962025,35.95,4.6890945,0.6271070515993525,1195984.0,3151607552.0
IONQ,2025-12-04 16:55:38,0.8141350210970464,53.965,10.924972,0.5648434533435451,30272285.0,19118698496.0
IVZ,2025-12-04 16:55:38,0.6894514767932489,25.545,4.7355504,0.6165787525307301,4904217.0,11392144384.0
KLIC,2025-12-04 16:55:38,0.790506329113924,49.36,5.021278,0.8594055753223809,525853.0,2584637696.0
LEU,2025-12-04 16:55:38,0.7567510548523206,281.9906,5.181124,0.3723660465221158,1374787.0,5135621632.0
LITE,2025-12-04 16:55:38,0.8234177215189874,324.1899,7.0004287,0.4457682502047617,4202446.0,22989146112.0
META,2025-12-04 16:55:38,0.8350210970464136,666.43,4.1948123,1.1693285794164507,16981085.0,1679755182080.0
MIDD,2025-12-04 16:55:38,0.8126582278481013,125.6339,4.7822366,0.6247491097909994,692534.0,6367425536.0
MKTX,2025-12-04 16:55:38,0.6993670886075949,167.7096,5.008821,0.3184834796611273,844565.0,6266263040.0
OCUL,2025-12-04 16:55:38,0.7881856540084389,12.54,9.424083,0.9997271779378128,2818687.0,2671615232.0
OKLO,2025-12-04 16:55:38,0.8135021097046412,107.5992,11.397869,0.4646200536372543,19606149.0,16812059648.0
PATH,2025-12-04 16:55:38,0.8578059071729958,18.0044,21.161448,2.210122563504625,23443765.0,9633053696.0
POWL,2025-12-04 16:55:38,0.7143459915611814,347.53,7.4347677,0.2706312727093166,243017.0,4202361600.0
PRAX,2025-12-04 16:55:38,0.7113924050632912,196.78,5.7104516,0.3089035002780628,965609.0,4920911360.0
QBTS,2025-12-04 16:55:38,0.7073839662447258,27.7006,10.448962,0.4252169969305914,53048331.0,9889717248.0
RGC,2025-12-04 16:55:38,0.9251054852320676,16.15,24.135275,3.455572397464125,180766.0,7985995264.0
RGTI,2025-12-04 16:55:38,0.6820675105485232,28.5707,9.718505,0.386158374465744,81871569.0,9429075968.0
RKLB,2025-12-04 16:55:38,0.7864978902953587,48.17,7.714662,0.5725541229541046,21486863.0,25730308096.0
SAIC,2025-12-04 16:55:38,0.9721518987341772,103.1875,17.888155,2.7774282553350305,525161.0,4836686848.0
SITM,2025-12-04 16:55:38,0.8172995780590717,360.45,4.0259776,0.7006598845961556,362033.0,9407972352.0
SMR,2025-12-04 16:55:38,0.8061181434599155,22.525,11.842107,0.9083428654714952,22751104.0,6371049472.0
SMTC,2025-12-04 16:55:38,0.7373417721518988,77.905,6.050912,0.3720530066563553,1752761.0,7209332736.0
SNDK,2025-12-04 16:55:38,0.8877637130801688,211.8591,8.993807,0.7505642232800929,10858290.0,31048626176.0
USAR,2025-12-04 16:55:38,0.8168776371308015,16.55,18.045639,0.774806981148898,13840358.0,2303405056.0
VKTX,2025-12-04 16:55:38,0.8128691983122363,39.352,11.131415,0.5207229876343102,4590120.0,4448206336.0
ZIM,2025-12-04 16:55:38,0.7008438818565401,20.8484,4.924002,0.725501424389761,4847690.0,2511346432.0
ASTS,2025-12-04 16:55:39,0.8985232067510548,71.2072,15.897137,0.9759967662571368,12864350.0,26161618944.0
AVAV,2025-12-04 16:55:39,0.8021097046413502,289.02,6.3433623,0.3884576668032323,1078846.0,14431413248.0
BAH,2025-12-04 16:55:39,0.8550632911392405,88.42,7.1887503,0.6649099738392811,2108887.0,10897648640.0
BAP,2025-12-04 16:55:39,0.9014767932489453,278.41,5.7949533,1.2446662867399008,305322.0,22096377856.0
BBAI,2025-12-04 16:55:39,0.6784810126582278,6.825,11.885244,0.5190967394156552,119282300.0,2979462144.0
BE,2025-12-04 16:55:39,0.8255274261603376,112.055,9.321951,0.5207040990424565,15199623.0,26502211584.0
BEAM,2025-12-04 16:55:39,0.6867088607594937,28.605,6.974569,0.3767494689828213,2493328.0,2902690816.0
CACI,2025-12-04 16:55:39,0.7259493670886076,620.755,4.701626,0.3337050130299075,236763.0,13706090496.0
CALM,2025-12-04 16:55:39,0.7255274261603376,86.2,4.2699876,0.4714049590166456,975274.0,4180666112.0
CCJ,2025-12-04 16:55:39,0.6957805907172996,93.57,4.6059284,0.3912533017431974,5203312.0,40857526272.0
CHKP,2025-12-04 16:55:39,0.759071729957806,197.05,3.1135514,5.1132601604917545,786084.0,21154248704.0
CM,2025-12-04 16:55:39,0.7158227848101266,89.73,3.3279676,0.9459712720648998,912422.0,83410108416.0
COHR,2025-12-04 16:55:39,0.8824894514767931,182.62,6.8203015,0.787821601666756,4126339.0,28699392000.0
CRM,2025-12-04 16:55:39,0.7578059071729959,246.82,3.393099,1.3010996818099234,8470723.0,235959926784.0
CRWV,2025-12-04 16:55:39,0.7552742616033755,85.25,7.421874,0.4342301262928611,30202103.0,42481565696.0
DCI,2025-12-04 16:55:39,0.8413502109704641,94.1025,7.422948,0.515725647483538,613838.0,10964817920.0
DG,2025-12-04 16:55:39,0.9339662447257384,122.0599,11.085706,2.2021358478269564,3025871.0,26866120704.0
DNLI,2025-12-04 16:55:39,0.7084388185654007,19.98,5.157892,0.5904763371686066,1752939.0,2930303488.0
DOOO,2025-12-04 16:55:39,0.8791139240506329,74.92,5.864069,1.7273688628695087,183453.0,5480308736.0
DSGX,2025-12-04 16:55:39,0.9447257383966244,92.885,11.963601,1.3744265473774622,542547.0,7982120960.0
EOSE,2025-12-04 16:55:39,0.7343881856540083,15.4701,14.170482,0.4875426498478292,23702312.0,5013831168.0
FLNC,2025-12-04 16:55:39,0.8158227848101266,22.7057,14.390527,0.6602302962702891,7841117.0,4152160512.0
FLY,2025-12-04 16:55:39,0.740506329113924,20.035,8.005394,0.5007386409105437,2036849.0,3190596096.0
GEV,2025-12-04 16:55:39,0.8137130801687764,629.4,4.5567145,0.5440961939215886,2962682.0,171337744384.0
IDYA,2025-12-04 16:55:39,0.7253164556962025,35.95,4.6890945,0.6271070515993525,1195984.0,3151607552.0
IONQ,2025-12-04 16:55:39,0.8141350210970464,53.965,10.924972,0.5648434533435451,30272285.0,19118698496.0
IVZ,2025-12-04 16:55:39,0.6894514767932489,25.545,4.7355504,0.6165787525307301,4904217.0,11392144384.0
KLIC,2025-12-04 16:55:39,0.790506329113924,49.36,5.021278,0.8594055753223809,525853.0,2584637696.0
LEU,2025-12-04 16:55:39,0.7567510548523206,281.9906,5.181124,0.3723660465221158,1374787.0,5135621632.0
LITE,2025-12-04 16:55:39,0.8234177215189874,324.1899,7.0004287,0.4457682502047617,4202446.0,22989146112.0
META,2025-12-04 16:55:39,0.8350210970464136,666.43,4.1948123,1.1693285794164507,16981085.0,1679755182080.0
MIDD,2025-12-04 16:55:39,0.8126582278481013,125.6339,4.7822366,0.6247491097909994,692534.0,6367425536.0
MKTX,2025-12-04 16:55:39,0.6993670886075949,167.7096,5.008821,0.3184834796611273,844565.0,6266263040.0
OCUL,2025-12-04 16:55:39,0.7881856540084389,12.54,9.424083,0.9997271779378128,2818687.0,2671615232.0
OKLO,2025-12-04 16:55:39,0.8135021097046412,107.5992,11.397869,0.4646200536372543,19606149.0,16812059648.0
PATH,2025-12-04 16:55:39,0.8578059071729958,18.0044,21.161448,2.210122563504625,23443765.0,9633053696.0
POWL,2025-12-04 16:55:39,0.7143459915611814,347.53,7.4347677,0.2706312727093166,243017.0,4202361600.0
PRAX,2025-12-04 16:55:39,0.7113924050632912,196.78,5.7104516,0.3089035002780628,965609.0,4920911360.0
QBTS,2025-12-04 16:55:39,0.7073839662447258,27.7006,10.448962,0.4252169969305914,53048331.0,9889717248.0
RGC,2025-12-04 16:55:39,0.9251054852320676,16.15,24.135275,3.455572397464125,180766.0,7985995264.0
RGTI,2025-12-04 16:55:39,0.6820675105485232,28.5707,9.718505,0.386158374465744,81871569.0,9429075968.0
RKLB,2025-12-04 16:55:39,0.7864978902953587,48.17,7.714662,0.5725541229541046,21486863.0,25730308096.0
SAIC,2025-12-04 16:55:39,0.9721518987341772,103.1875,17.888155,2.7774282553350305,525161.0,4836686848.0
SITM,2025-12-04 16:55:39,0.8172995780590717,360.45,4.0259776,0.7006598845961556,362033.0,9407972352.0
SMR,2025-12-04 16:55:39,0.8061181434599155,22.525,11.842107,0.9083428654714952,22751104.0,6371049472.0
SMTC,2025-12-04 16:55:39,0.7373417721518988,77.905,6.050912,0.3720530066563553,1752761.0,7209332736.0
SNDK,2025-12-04 16:55:39,0.8877637130801688,211.8591,8.993807,0.7505642232800929,10858290.0,31048626176.0
USAR,2025-12-04 16:55:39,0.8168776371308015,16.55,18.045639,0.774806981148898,13840358.0,2303405056.0
VKTX,2025-12-04 16:55:39,0.8128691983122363,39.352,11.131415,0.5207229876343102,4590120.0,4448206336.0
ZIM,2025-12-04 16:55:39,0.7008438818565401,20.8484,4.924002,0.725501424389761,4847690.0,2511346432.0
AGX,2025-12-04 17:21:56,0.797119341563786,365.61,4.135689,0.6344128541799489,371739.0,5049649664.0
ASTS,2025-12-04 17:21:56,0.8975308641975308,71.6996,16.698572,1.0371626238403029,12864350.0,26342526976.0
AVAV,2025-12-04 17:21:56,0.8008230452674896,290.0,6.7039523,0.4400748577646856,1078846.0,14480347136.0
BAH,2025-12-04 17:21:56,0.8534979423868314,88.495,7.2796764,0.724077202808875,2108887.0,10906893312.0
BAP,2025-12-04 17:21:56,0.8936213991769546,277.4,5.411153,1.309342268162792,305322.0,22016217088.0
BBAI,2025-12-04 17:21:56,0.6862139917695472,6.785,11.223435,0.6011913167334969,119282300.0,2962000128.0
BE,2025-12-04 17:21:56,0.8360082304526748,113.99,11.209754,0.5891045455535312,15199623.0,26959859712.0
BEAM,2025-12-04 17:21:56,0.6907407407407408,28.815,7.759913,0.4038245268973837,2493328.0,2924000512.0
CACI,2025-12-04 17:21:56,0.7086419753086419,620.365,4.635843,0.3624721768181684,236763.0,13697478656.0
CALM,2025-12-04 17:21:56,0.7267489711934156,86.245,4.324428,0.5717121547380531,975274.0,4182848768.0
CM,2025-12-04 17:21:56,0.757201646090535,90.09,3.742515,1.0516022191485956,912422.0,83744743424.0
CNK,2025-12-04 17:21:56,0.6897119341563785,23.86,4.2376637,0.8295088318089338,3536365.0,2802975232.0
COHR,2025-12-04 17:21:56,0.8652263374485596,181.4625,6.1475573,0.8456573732793161,4126339.0,28517486592.0
CRM,2025-12-04 17:21:56,0.7121399176954732,245.89,3.0035179,1.403392721022751,8470723.0,235070832640.0
CRWV,2025-12-04 17:21:56,0.7526748971193415,85.0,7.106854,0.4888262251141915,30202103.0,42356985856.0
DCI,2025-12-04 17:21:56,0.8329218106995885,94.498,7.8744326,0.5756095256403155,613838.0,11010902016.0
DG,2025-12-04 17:21:56,0.9325102880658436,122.37,11.356814,2.4032376132359907,3025871.0,26934376448.0
DNLI,2025-12-04 17:21:56,0.7374485596707818,20.0558,5.5568395,0.6882361565348253,1752939.0,2941420544.0
DOOO,2025-12-04 17:21:56,0.7016460905349794,72.92,3.0380127,3.740865507786736,183453.0,5334010880.0
DSGX,2025-12-04 17:21:56,0.9401234567901234,93.38,12.560267,1.485598482712097,542547.0,8024658432.0
EOSE,2025-12-04 17:21:56,0.7411522633744857,15.76,16.315983,0.5404470247459404,23702312.0,5107787264.0
FLNC,2025-12-04 17:21:56,0.8257201646090534,23.08,16.272038,0.7598241424021603,7841117.0,4220608256.0
FLY,2025-12-04 17:21:56,0.746707818930041,20.06,8.140163,0.572746924293357,2036849.0,3194577408.0
GEV,2025-12-04 17:21:56,0.8487654320987654,635.38,5.5501165,0.6080342068436639,2962682.0,172965642240.0
IDYA,2025-12-04 17:21:56,0.7261316872427983,35.92,4.6010427,0.6829288686136269,1195984.0,3148977152.0
IONQ,2025-12-04 17:21:56,0.8156378600823045,54.34,11.695784,0.6126314217773782,30272285.0,19251552256.0
IVZ,2025-12-04 17:21:56,0.6839506172839506,25.485,4.48955,0.6724763606504361,4904217.0,11365387264.0
KLIC,2025-12-04 17:21:56,0.7907407407407407,49.335,4.9680834,0.9944528223667072,525853.0,2583328512.0
LEU,2025-12-04 17:21:56,0.7613168724279836,282.5295,5.382135,0.4141463368507267,1374787.0,5145436672.0
LITE,2025-12-04 17:21:56,0.8113168724279836,323.52,6.779318,0.4809261082712306,4202446.0,22941640704.0
META,2025-12-04 17:21:56,0.8551440329218107,669.29,4.6419644,1.2420256420599745,16981085.0,1686963879936.0
MIDD,2025-12-04 17:21:56,0.7849794238683128,125.26,4.470392,0.6723106735553778,692534.0,6348475392.0
MKTX,2025-12-04 17:21:56,0.7170781893004117,168.1,5.253271,0.3834802531480703,844565.0,6280850432.0
OCUL,2025-12-04 17:21:56,0.7956790123456791,12.5914,9.8726015,1.170792287330945,2818687.0,2682565888.0
OKLO,2025-12-04 17:21:56,0.8281893004115226,109.5544,13.412986,0.5336475816847052,19606149.0,17117553664.0
PATH,2025-12-04 17:21:56,0.8561728395061727,18.095,21.76985,2.40902252688508,23443765.0,9681527808.0
POWL,2025-12-04 17:21:56,0.7469135802469136,348.995,7.8876543,0.3356719900253891,243017.0,4220076544.0
PRAX,2025-12-04 17:21:56,0.7127572016460905,195.47,5.006719,0.3835879740143267,965609.0,4888152064.0
QBTS,2025-12-04 17:21:56,0.7139917695473251,27.84,11.004786,0.474802986732985,53048331.0,9939486720.0
RGC,2025-12-04 17:21:56,0.9376543209876544,17.19,32.12913,4.544643351072658,180766.0,8500264448.0
RKLB,2025-12-04 17:21:56,0.775514403292181,48.2892,7.981213,0.607872680158104,21486863.0,25793980416.0
SAIC,2025-12-04 17:21:56,0.9662551440329218,102.06,16.600021,3.010935694006219,525161.0,4783837696.0
SITM,2025-12-04 17:21:56,0.8740740740740741,364.18,5.102451,0.9307604555385836,362033.0,9505327104.0
SMR,2025-12-04 17:21:56,0.8203703703703702,22.86,13.505468,1.0230858247582184,22751104.0,6465802240.0
SMTC,2025-12-04 17:21:56,0.7701646090534979,78.55,6.9289465,0.4534965120743786,1752761.0,7269021696.0
SNDK,2025-12-04 17:21:56,0.8909465020576133,212.7,9.424834,0.8042619970547848,10858290.0,31171862528.0
SYRE,2025-12-04 17:21:56,0.7010288065843621,34.525,7.220499,0.4012169320514351,887642.0,2678868224.0
USAR,2025-12-04 17:21:56,0.8213991769547325,16.54,17.974325,0.8489694413973974,13840358.0,2302013440.0
VKTX,2025-12-04 17:21:56,0.8191358024691358,39.795,12.383502,0.5822747553440869,4590120.0,4498280960.0
ZIM,2025-12-04 17:21:56,0.68559670781893,20.77,4.5294394,0.7756467513392977,4847690.0,2501902592.0
AGX,2025-12-04 17:21:57,0.797119341563786,365.61,4.135689,0.6344128541799489,371739.0,5049649664.0
ASTS,2025-12-04 17:21:57,0.8975308641975308,71.6996,16.698572,1.0371626238403029,12864350.0,26342526976.0
AVAV,2025-12-04 17:21:57,0.8008230452674896,290.0,6.7039523,0.4400748577646856,1078846.0,14480347136.0
BAH,2025-12-04 17:21:57,0.8534979423868314,88.495,7.2796764,0.724077202808875,2108887.0,10906893312.0
BAP,2025-12-04 17:21:57,0.8936213991769546,277.4,5.411153,1.309342268162792,305322.0,22016217088.0
BBAI,2025-12-04 17:21:57,0.6862139917695472,6.785,11.223435,0.6011913167334969,119282300.0,2962000128.0
BE,2025-12-04 17:21:57,0.8360082304526748,113.99,11.209754,0.5891045455535312,15199623.0,26959859712.0
BEAM,2025-12-04 17:21:57,0.6907407407407408,28.815,7.759913,0.4038245268973837,2493328.0,2924000512.0
CACI,2025-12-04 17:21:57,0.7086419753086419,620.365,4.635843,0.3624721768181684,236763.0,13697478656.0
CALM,2025-12-04 17:21:57,0.7267489711934156,86.245,4.324428,0.5717121547380531,975274.0,4182848768.0
CM,2025-12-04 17:21:57,0.757201646090535,90.09,3.742515,1.0516022191485956,912422.0,83744743424.0
CNK,2025-12-04 17:21:57,0.6897119341563785,23.86,4.2376637,0.8295088318089338,3536365.0,2802975232.0
COHR,2025-12-04 17:21:57,0.8652263374485596,181.4625,6.1475573,0.8456573732793161,4126339.0,28517486592.0
CRM,2025-12-04 17:21:57,0.7121399176954732,245.89,3.0035179,1.403392721022751,8470723.0,235070832640.0
CRWV,2025-12-04 17:21:57,0.7526748971193415,85.0,7.106854,0.4888262251141915,30202103.0,42356985856.0
DCI,2025-12-04 17:21:57,0.8329218106995885,94.498,7.8744326,0.5756095256403155,613838.0,11010902016.0
DG,2025-12-04 17:21:57,0.9325102880658436,122.37,11.356814,2.4032376132359907,3025871.0,26934376448.0
DNLI,2025-12-04 17:21:57,0.7374485596707818,20.0558,5.5568395,0.6882361565348253,1752939.0,2941420544.0
DOOO,2025-12-04 17:21:57,0.7016460905349794,72.92,3.0380127,3.740865507786736,183453.0,5334010880.0
DSGX,2025-12-04 17:21:57,0.9401234567901234,93.38,12.560267,1.485598482712097,542547.0,8024658432.0
EOSE,2025-12-04 17:21:57,0.7411522633744857,15.76,16.315983,0.5404470247459404,23702312.0,5107787264.0
FLNC,2025-12-04 17:21:57,0.8257201646090534,23.08,16.272038,0.7598241424021603,7841117.0,4220608256.0
FLY,2025-12-04 17:21:57,0.746707818930041,20.06,8.140163,0.572746924293357,2036849.0,3194577408.0
GEV,2025-12-04 17:21:57,0.8487654320987654,635.38,5.5501165,0.6080342068436639,2962682.0,172965642240.0
IDYA,2025-12-04 17:21:57,0.7261316872427983,35.92,4.6010427,0.6829288686136269,1195984.0,3148977152.0
IONQ,2025-12-04 17:21:57,0.8156378600823045,54.34,11.695784,0.6126314217773782,30272285.0,19251552256.0
IVZ,2025-12-04 17:21:57,0.6839506172839506,25.485,4.48955,0.6724763606504361,4904217.0,11365387264.0
KLIC,2025-12-04 17:21:57,0.7907407407407407,49.335,4.9680834,0.9944528223667072,525853.0,2583328512.0
LEU,2025-12-04 17:21:57,0.7613168724279836,282.5295,5.382135,0.4141463368507267,1374787.0,5145436672.0
LITE,2025-12-04 17:21:57,0.8113168724279836,323.52,6.779318,0.4809261082712306,4202446.0,22941640704.0
META,2025-12-04 17:21:57,0.8551440329218107,669.29,4.6419644,1.2420256420599745,16981085.0,1686963879936.0
MIDD,2025-12-04 17:21:57,0.7849794238683128,125.26,4.470392,0.6723106735553778,692534.0,6348475392.0
MKTX,2025-12-04 17:21:57,0.7170781893004117,168.1,5.253271,0.3834802531480703,844565.0,6280850432.0
OCUL,2025-12-04 17:21:57,0.7956790123456791,12.5914,9.8726015,1.170792287330945,2818687.0,2682565888.0
OKLO,2025-12-04 17:21:57,0.8281893004115226,109.5544,13.412986,0.5336475816847052,19606149.0,17117553664.0
PATH,2025-12-04 17:21:57,0.8561728395061727,18.095,21.76985,2.40902252688508,23443765.0,9681527808.0
POWL,2025-12-04 17:21:57,0.7469135802469136,348.995,7.8876543,0.3356719900253891,243017.0,4220076544.0
PRAX,2025-12-04 17:21:57,0.7127572016460905,195.47,5.006719,0.3835879740143267,965609.0,4888152064.0
QBTS,2025-12-04 17:21:57,0.7139917695473251,27.84,11.004786,0.474802986732985,53048331.0,9939486720.0
RGC,2025-12-04 17:21:57,0.9376543209876544,17.19,32.12913,4.544643351072658,180766.0,8500264448.0
RKLB,2025-12-04 17:21:57,0.775514403292181,48.2892,7.981213,0.607872680158104,21486863.0,25793980416.0
SAIC,2025-12-04 17:21:57,0.9662551440329218,102.06,16.600021,3.010935694006219,525161.0,4783837696.0
SITM,2025-12-04 17:21:57,0.8740740740740741,364.18,5.102451,0.9307604555385836,362033.0,9505327104.0
SMR,2025-12-04 17:21:57,0.8203703703703702,22.86,13.505468,1.0230858247582184,22751104.0,6465802240.0
SMTC,2025-12-04 17:21:57,0.7701646090534979,78.55,6.9289465,0.4534965120743786,1752761.0,7269021696.0
SNDK,2025-12-04 17:21:57,0.8909465020576133,212.7,9.424834,0.8042619970547848,10858290.0,31171862528.0
SYRE,2025-12-04 17:21:57,0.7010288065843621,34.525,7.220499,0.4012169320514351,887642.0,2678868224.0
USAR,2025-12-04 17:21:57,0.8213991769547325,16.54,17.974325,0.8489694413973974,13840358.0,2302013440.0
VKTX,2025-12-04 17:21:57,0.8191358024691358,39.795,12.383502,0.5822747553440869,4590120.0,4498280960.0
ZIM,2025-12-04 17:21:57,0.68559670781893,20.77,4.5294394,0.7756467513392977,4847690.0,2501902592.0
AGX,2025-12-04 17:46:52,0.7758490566037736,364.24,3.7454767,0.6784948579514122,371739.0,5030728192.0
ASTS,2025-12-04 17:46:52,0.8996226415094339,72.765,18.43262,1.118663982245508,12864350.0,26733957120.0
AVAV,2025-12-04 17:46:52,0.8060377358490566,289.18,6.402235,0.4947425304445676,1078846.0,14439402496.0
BAH,2025-12-04 17:46:52,0.850188679245283,88.3,7.043284,0.7744032752821749,2108887.0,10882860032.0
BAP,2025-12-04 17:46:52,0.8945283018867924,277.55,5.46815,1.3458643661445948,305322.0,22028122112.0
BBAI,2025-12-04 17:46:52,0.7147169811320754,6.93,13.606556,0.6901546750859097,119282300.0,3025299968.0
BE,2025-12-04 17:46:52,0.8437735849056602,114.8,12.000002,0.641262615526714,15199623.0,27151435776.0
CACI,2025-12-04 17:46:52,0.7143396226415094,619.4601,4.483214,0.3935116551150306,236763.0,13677499392.0
CALM,2025-12-04 17:46:52,0.739811320754717,86.0881,4.1346297,0.6326898902257212,975274.0,4175238912.0
CCJ,2025-12-04 17:46:52,0.7037735849056604,93.8,4.863059,0.4522557940019741,5203312.0,40957960192.0
CM,2025-12-04 17:46:52,0.7707547169811321,90.14,3.8000958,1.145071030729202,912422.0,83791224832.0
CNK,2025-12-04 17:46:52,0.7037735849056603,23.855,4.2158155,0.902372634046542,3536365.0,2802387712.0
COHR,2025-12-04 17:46:52,0.8639622641509432,181.54,6.188574,0.9029435051264572,4126339.0,28529666048.0
CRM,2025-12-04 17:46:52,0.7220754716981131,245.555,2.8631835,1.4602452470704097,8470723.0,234750574592.0
CRWV,2025-12-04 17:46:52,0.7532075471698113,85.135,7.276967,0.527883505330738,30202103.0,42424262656.0
DCI,2025-12-04 17:46:52,0.84,94.46,7.831051,0.6287766479103607,613838.0,11006474240.0
DG,2025-12-04 17:46:52,0.9330188679245284,122.43,11.411412,2.541842001856656,3025871.0,26947581952.0
DNLI,2025-12-04 17:46:52,0.7390566037735848,20.055,5.5540953,0.7175446493004035,1752939.0,2941303296.0
DOOO,2025-12-04 17:46:52,0.8035849056603774,73.57,3.9564831,3.99324622655394,183453.0,5381557760.0
DSGX,2025-12-04 17:46:52,0.94188679245283,93.62,12.85267,1.6312485369931085,542547.0,8045283840.0
EOSE,2025-12-04 17:46:52,0.7537735849056604,15.69,15.793353,0.616919649019893,23702312.0,5085100032.0
FLNC,2025-12-04 17:46:52,0.8354716981132075,23.219,16.97229,0.8140015000413844,7841117.0,4246027008.0
FLY,2025-12-04 17:46:52,0.770377358490566,20.135,8.514644,0.6467838313002093,2036849.0,3206521344.0
GEV,2025-12-04 17:46:52,0.8656603773584906,638.0406,5.992096,0.6798512293928272,2962682.0,173689913344.0
HIMS,2025-12-04 17:46:52,0.7043396226415094,40.04,8.011873,0.4821580372457076,27494873.0,9115046912.0
IDYA,2025-12-04 17:46:52,0.7562264150943396,36.08,5.0669823,0.7097620035050636,1195984.0,3163004160.0
IONQ,2025-12-04 17:46:52,0.8207547169811321,54.7,12.433208,0.6573815950794596,30272285.0,19379093504.0
KLIC,2025-12-04 17:46:52,0.7990566037735849,49.19,4.6595716,1.1911465751835588,525853.0,2575735808.0
LEU,2025-12-04 17:46:52,0.7666037735849057,282.9,5.5203238,0.4498435030299239,1374787.0,5152183808.0
LITE,2025-12-04 17:46:52,0.8209433962264151,325.29,7.363521,0.5226218254797326,4202446.0,23067158528.0
META,2025-12-04 17:46:52,0.8269811320754716,664.875,3.9516926,1.294187856665225,16981085.0,1675835736064.0
MIDD,2025-12-04 17:46:52,0.8084905660377358,125.545,4.708087,0.7041545974638068,692534.0,6362919936.0
MKTX,2025-12-04 17:46:52,0.7160377358490566,168.22,5.328404,0.4006725355656462,844565.0,6285334016.0
NTSK,2025-12-04 17:46:52,0.7113207547169811,19.6025,6.941231,0.5446942513528763,2878312.0,7489589760.0
OCUL,2025-12-04 17:46:52,0.7962264150943396,12.48,8.900519,1.2747406860002548,2818687.0,2658832384.0
OKLO,2025-12-04 17:46:52,0.8350943396226415,110.44,14.338965,0.5793412056595102,19606149.0,17255927808.0
PATH,2025-12-04 17:46:52,0.8550943396226414,18.045,21.43338,2.531252296719405,23443765.0,9654775808.0
POWL,2025-12-04 17:46:52,0.740188679245283,349.1518,7.936126,0.3583617606998687,243017.0,4221972480.0
PRAX,2025-12-04 17:46:52,0.7115094339622642,195.73,5.1463885,0.3967723995944528,965609.0,4894653440.0
QBTS,2025-12-04 17:46:52,0.7496226415094339,28.2599,12.679025,0.5467706231888804,53048331.0,10089400320.0
RGC,2025-12-04 17:46:52,0.929622641509434,16.4022,26.073792,4.943224942743657,180766.0,8110706176.0
RGTI,2025-12-04 17:46:52,0.7020754716981131,29.1,11.751962,0.4853741840467232,81871569.0,9603759104.0
RKLB,2025-12-04 17:46:52,0.7862264150943395,48.52,8.497315,0.6527719285965569,21486863.0,25917263872.0
SAIC,2025-12-04 17:46:52,0.9647169811320756,101.55,16.017372,3.181837569811925,525161.0,4759932416.0
SITM,2025-12-04 17:46:52,0.8939622641509434,366.48,5.771067,0.9911996972651664,362033.0,9565359104.0
SMR,2025-12-04 17:46:52,0.8207547169811319,22.895,13.691693,1.1073285498585037,22751104.0,6475701760.0
SMTC,2025-12-04 17:46:52,0.7845283018867925,79.2386,7.866325,0.4900953410077016,1752761.0,7332744704.0
SNDK,2025-12-04 17:46:52,0.8932075471698111,214.031,10.105379,0.8369370315215379,10858290.0,31366926336.0
USAR,2025-12-04 17:46:52,0.8260377358490566,16.7198,19.256779,0.9060167374283238,13840358.0,2327037696.0
VKTX,2025-12-04 17:46:52,0.8150943396226414,39.425,11.338603,0.6373412895523428,4590120.0,4456457728.0
AGX,2025-12-04 18:31:53,0.7447368421052631,362.43,3.22994,0.8238011077664705,371739.0,5005729280.0
ASTS,2025-12-04 18:31:53,0.9028070175438596,72.45,17.91992,1.2914850730895848,12864350.0,26618224640.0
AVAV,2025-12-04 18:31:53,0.8224561403508772,292.35,7.5723863,0.5590390102016414,1078846.0,14597688320.0
BAH,2025-12-04 18:31:53,0.8442105263157894,88.37,7.128143,0.86937659533204,2108887.0,10891487232.0
BAP,2025-12-04 18:31:53,0.8908771929824562,277.7,5.525159,1.4153876890626944,305322.0,22040027136.0
BBAI,2025-12-04 18:31:53,0.7166666666666667,6.97,14.23895,0.7991600178735655,119282300.0,3042761984.0
BE,2025-12-04 18:31:53,0.8705263157894737,116.17,13.336583,0.8375742608879181,15199623.0,27475453952.0
CCJ,2025-12-04 18:31:53,0.7136842105263157,94.43,5.56736,0.5130366966270714,5203312.0,41233047552.0
CM,2025-12-04 18:31:53,0.7771929824561403,90.255,3.9325209,1.2681763482248345,912422.0,83898122240.0
COHR,2025-12-04 18:31:53,0.8289473684210527,179.435,4.9572945,1.0147619960454048,4126339.0,28198858752.0
CRM,2025-12-04 18:31:53,0.8170175438596492,248.815,4.2287154,1.592473747518364,8470723.0,237867139072.0
CRWV,2025-12-04 18:31:53,0.7842105263157894,86.6,9.122981,0.6080188190868695,30202103.0,43154296832.0
DCI,2025-12-04 18:31:53,0.8459649122807018,94.99,8.436072,0.6921011732737302,613838.0,11068229632.0
DG,2025-12-04 18:31:53,0.9349122807017544,123.6169,12.49149,2.850499575163647,3025871.0,27208824832.0
DNLI,2025-12-04 18:31:53,0.7743859649122805,20.47,7.736839,0.807044055725841,1752939.0,3002167808.0
DOOO,2025-12-04 18:31:53,0.8963157894736842,75.705,6.9733014,4.37945413811712,183453.0,5537730560.0
DSGX,2025-12-04 18:31:53,0.9357894736842104,93.64,12.873674,1.7787196316632476,542547.0,8047002112.0
EOSE,2025-12-04 18:31:53,0.7817543859649121,15.93,17.564577,0.7991023407336804,23702312.0,5162884096.0
FIX,2025-12-04 18:31:53,0.7601754385964912,996.94,5.0184364,0.50061913628229,442552.0,35173490688.0
FLNC,2025-12-04 18:31:53,0.836140350877193,23.26,17.17884,0.8844714343632418,7841117.0,4253524736.0
FLY,2025-12-04 18:31:53,0.7689473684210526,20.2,8.894887,0.7176256070037592,2036849.0,3216872704.0
GEV,2025-12-04 18:31:53,0.8610526315789473,638.625,6.089179,0.7542854751201783,2962682.0,173849018368.0
HIMS,2025-12-04 18:31:53,0.7105263157894737,40.16,8.335582,0.5469230572550744,27494873.0,9142364160.0
IDYA,2025-12-04 18:31:53,0.7201754385964912,35.9,4.5428114,0.7562860372714016,1195984.0,3147224064.0
IONQ,2025-12-04 18:31:53,0.8098245614035088,54.97,12.99075,0.7145134237471668,30272285.0,19474749440.0
KLIC,2025-12-04 18:31:53,0.7666666666666666,49.02,4.2978735,1.2653821505249565,525853.0,2566834176.0
LEU,2025-12-04 18:31:53,0.7812280701754386,283.88,5.885863,0.5206391971992752,1374787.0,5170031616.0
LITE,2025-12-04 18:31:53,0.7221052631578948,325.2319,7.344343,0.4189966985893453,4202446.0,23063037952.0
LMND,2025-12-04 18:31:53,0.7103508771929824,77.835,5.7648554,0.4989597099984776,2719434.0,5816689152.0
META,2025-12-04 18:31:53,0.822280701754386,664.79,3.9383996,1.3783304777050465,16981085.0,1675621433344.0
MIDD,2025-12-04 18:31:53,0.8080701754385965,125.885,4.990204,0.7685008967068765,692534.0,6380151808.0
NTSK,2025-12-04 18:31:53,0.7456140350877193,19.7442,7.71522,0.7219926123366751,2878312.0,7543729152.0
OCUL,2025-12-04 18:31:53,0.7829824561403509,12.455,8.682372,1.3561626388456751,2818687.0,2653506304.0
OKLO,2025-12-04 18:31:53,0.8387719298245613,111.145,15.068068,0.6387171698021881,19606149.0,17366079488.0
PATH,2025-12-04 18:31:53,0.8610526315789473,18.3043,23.185045,2.8263381756300663,23443765.0,9793511424.0
POWL,2025-12-04 18:31:53,0.7571929824561403,345.71,6.872134,0.4624697037655801,243017.0,4180353792.0
PRAX,2025-12-04 18:31:53,0.7175438596491228,196.13,5.361274,0.4650950850706652,965609.0,4904656896.0
QBTS,2025-12-04 18:31:53,0.7521052631578946,28.3958,13.221418,0.6197529381273088,53048331.0,10137919488.0
RGC,2025-12-04 18:31:53,0.9331578947368422,16.59,27.517294,5.380469778608809,180766.0,8203570688.0
RGTI,2025-12-04 18:31:53,0.7178947368421053,29.4736,13.185157,0.546631981610124,81871569.0,9727056896.0
RKLB,2025-12-04 18:31:53,0.7836842105263158,48.82,9.168154,0.7068774069067225,21486863.0,26077511680.0
RRX,2025-12-04 18:31:53,0.7207017543859648,143.61,4.0727553,0.5716958753783898,798449.0,9534221312.0
SAIC,2025-12-04 18:31:53,0.960877192982456,101.48,15.937399,3.513663428929414,525161.0,4756651520.0
SITM,2025-12-04 18:31:53,0.887017543859649,365.985,5.6233726,1.0685324266019949,362033.0,9552438272.0
SMR,2025-12-04 18:31:53,0.8191228070175438,22.9751,14.076962,1.200935348016518,22751104.0,6498357248.0
SMTC,2025-12-04 18:31:53,0.7859649122807016,79.225,7.8478074,0.5532516983205354,1752761.0,7331485696.0
SNDK,2025-12-04 18:31:53,0.8905263157894736,212.565,9.355385,0.9001150273201397,10858290.0,31152078848.0
TTMI,2025-12-04 18:31:53,0.7529824561403509,72.298,8.295378,0.5050198291158716,2434047.0,7470604800.0
USAR,2025-12-04 18:31:53,0.8233333333333333,16.64,18.68758,1.023716221791373,13840358.0,2315931136.0
VKTX,2025-12-04 18:31:53,0.8203508771929825,39.26,10.87263,0.749095448485007,4590120.0,4437806592.0
AGX,2025-12-04 18:31:54,0.7447368421052631,362.43,3.22994,0.8238011077664705,371739.0,5005729280.0
ASTS,2025-12-04 18:31:54,0.9028070175438596,72.45,17.91992,1.2914850730895848,12864350.0,26618224640.0
AVAV,2025-12-04 18:31:54,0.8224561403508772,292.35,7.5723863,0.5590390102016414,1078846.0,14597688320.0
BAH,2025-12-04 18:31:54,0.8442105263157894,88.37,7.128143,0.86937659533204,2108887.0,10891487232.0
BAP,2025-12-04 18:31:54,0.8908771929824562,277.7,5.525159,1.4153876890626944,305322.0,22040027136.0
BBAI,2025-12-04 18:31:54,0.7166666666666667,6.97,14.23895,0.7991600178735655,119282300.0,3042761984.0
BE,2025-12-04 18:31:54,0.8705263157894737,116.17,13.336583,0.8375742608879181,15199623.0,27475453952.0
CCJ,2025-12-04 18:31:54,0.7136842105263157,94.43,5.56736,0.5130366966270714,5203312.0,41233047552.0
CM,2025-12-04 18:31:54,0.7771929824561403,90.255,3.9325209,1.2681763482248345,912422.0,83898122240.0
COHR,2025-12-04 18:31:54,0.8289473684210527,179.435,4.9572945,1.0147619960454048,4126339.0,28198858752.0
CRM,2025-12-04 18:31:54,0.8170175438596492,248.815,4.2287154,1.592473747518364,8470723.0,237867139072.0
CRWV,2025-12-04 18:31:54,0.7842105263157894,86.6,9.122981,0.6080188190868695,30202103.0,43154296832.0
DCI,2025-12-04 18:31:54,0.8459649122807018,94.99,8.436072,0.6921011732737302,613838.0,11068229632.0
DG,2025-12-04 18:31:54,0.9349122807017544,123.6169,12.49149,2.850499575163647,3025871.0,27208824832.0
DNLI,2025-12-04 18:31:54,0.7743859649122805,20.47,7.736839,0.807044055725841,1752939.0,3002167808.0
DOOO,2025-12-04 18:31:54,0.8963157894736842,75.705,6.9733014,4.37945413811712,183453.0,5537730560.0
DSGX,2025-12-04 18:31:54,0.9357894736842104,93.64,12.873674,1.7787196316632476,542547.0,8047002112.0
EOSE,2025-12-04 18:31:54,0.7817543859649121,15.93,17.564577,0.7991023407336804,23702312.0,5162884096.0
FIX,2025-12-04 18:31:54,0.7601754385964912,996.94,5.0184364,0.50061913628229,442552.0,35173490688.0
FLNC,2025-12-04 18:31:54,0.836140350877193,23.26,17.17884,0.8844714343632418,7841117.0,4253524736.0
FLY,2025-12-04 18:31:54,0.7689473684210526,20.2,8.894887,0.7176256070037592,2036849.0,3216872704.0
GEV,2025-12-04 18:31:54,0.8610526315789473,638.625,6.089179,0.7542854751201783,2962682.0,173849018368.0
HIMS,2025-12-04 18:31:54,0.7105263157894737,40.16,8.335582,0.5469230572550744,27494873.0,9142364160.0
IDYA,2025-12-04 18:31:54,0.7201754385964912,35.9,4.5428114,0.7562860372714016,1195984.0,3147224064.0
IONQ,2025-12-04 18:31:54,0.8098245614035088,54.97,12.99075,0.7145134237471668,30272285.0,19474749440.0
KLIC,2025-12-04 18:31:54,0.7666666666666666,49.02,4.2978735,1.2653821505249565,525853.0,2566834176.0
LEU,2025-12-04 18:31:54,0.7812280701754386,283.88,5.885863,0.5206391971992752,1374787.0,5170031616.0
LITE,2025-12-04 18:31:54,0.7221052631578948,325.2319,7.344343,0.4189966985893453,4202446.0,23063037952.0
LMND,2025-12-04 18:31:54,0.7103508771929824,77.835,5.7648554,0.4989597099984776,2719434.0,5816689152.0
META,2025-12-04 18:31:54,0.822280701754386,664.79,3.9383996,1.3783304777050465,16981085.0,1675621433344.0
MIDD,2025-12-04 18:31:54,0.8080701754385965,125.885,4.990204,0.7685008967068765,692534.0,6380151808.0
NTSK,2025-12-04 18:31:54,0.7456140350877193,19.7442,7.71522,0.7219926123366751,2878312.0,7543729152.0
OCUL,2025-12-04 18:31:54,0.7829824561403509,12.455,8.682372,1.3561626388456751,2818687.0,2653506304.0
OKLO,2025-12-04 18:31:54,0.8387719298245613,111.145,15.068068,0.6387171698021881,19606149.0,17366079488.0
PATH,2025-12-04 18:31:54,0.8610526315789473,18.3043,23.185045,2.8263381756300663,23443765.0,9793511424.0
POWL,2025-12-04 18:31:54,0.7571929824561403,345.71,6.872134,0.4624697037655801,243017.0,4180353792.0
PRAX,2025-12-04 18:31:54,0.7175438596491228,196.13,5.361274,0.4650950850706652,965609.0,4904656896.0
QBTS,2025-12-04 18:31:54,0.7521052631578946,28.3958,13.221418,0.6197529381273088,53048331.0,10137919488.0
RGC,2025-12-04 18:31:54,0.9331578947368422,16.59,27.517294,5.380469778608809,180766.0,8203570688.0
RGTI,2025-12-04 18:31:54,0.7178947368421053,29.4736,13.185157,0.546631981610124,81871569.0,9727056896.0
RKLB,2025-12-04 18:31:54,0.7836842105263158,48.82,9.168154,0.7068774069067225,21486863.0,26077511680.0
RRX,2025-12-04 18:31:54,0.7207017543859648,143.61,4.0727553,0.5716958753783898,798449.0,9534221312.0
SAIC,2025-12-04 18:31:54,0.960877192982456,101.48,15.937399,3.513663428929414,525161.0,4756651520.0
SITM,2025-12-04 18:31:54,0.887017543859649,365.985,5.6233726,1.0685324266019949,362033.0,9552438272.0
SMR,2025-12-04 18:31:54,0.8191228070175438,22.9751,14.076962,1.200935348016518,22751104.0,6498357248.0
SMTC,2025-12-04 18:31:54,0.7859649122807016,79.225,7.8478074,0.5532516983205354,1752761.0,7331485696.0
SNDK,2025-12-04 18:31:54,0.8905263157894736,212.565,9.355385,0.9001150273201397,10858290.0,31152078848.0
TTMI,2025-12-04 18:31:54,0.7529824561403509,72.298,8.295378,0.5050198291158716,2434047.0,7470604800.0
USAR,2025-12-04 18:31:54,0.8233333333333333,16.64,18.68758,1.023716221791373,13840358.0,2315931136.0
VKTX,2025-12-04 18:31:54,0.8203508771929825,39.26,10.87263,0.749095448485007,4590120.0,4437806592.0
AGX,2025-12-04 19:00:32,0.7330536912751677,361.735,3.031983,0.8938448750332895,371739.0,4996129792.0
ALK,2025-12-04 19:00:32,0.7560402684563758,47.41,4.4963655,1.148170746752163,3444985.0,5499020288.0
ASTS,2025-12-04 19:00:32,0.9033557046979864,72.99,18.798826,1.3934400883060551,12864350.0,26816620544.0
AVAV,2025-12-04 19:00:32,0.8117449664429529,290.885,7.029587,0.59665791039685,1078846.0,14524537856.0
BAH,2025-12-04 19:00:32,0.8531879194630873,88.27,7.0069084,0.9414003690098142,2108887.0,10879161344.0
BAP,2025-12-04 19:00:32,0.8954697986577181,277.389,5.406978,1.4629440394075763,305322.0,22015344640.0
BBAI,2025-12-04 19:00:32,0.7208053691275168,6.985,14.496556,0.885934769869461,119282300.0,3049310464.0
BE,2025-12-04 19:00:32,0.8676174496644296,116.0865,13.239172,0.8900097719528964,15199623.0,27455705088.0
CACI,2025-12-04 19:00:32,0.7154362416107382,618.355,4.2968183,0.5122041873096725,236763.0,13653098496.0
CHKP,2025-12-04 19:00:32,0.7392617449664429,195.55,2.328622,6.591701395779586,786084.0,20993216512.0
CM,2025-12-04 19:00:32,0.8,90.4,4.0994997,1.3355815620403717,912422.0,84032913408.0
COHR,2025-12-04 19:00:32,0.8422818791946307,179.83,5.188345,1.0520122074313332,4126339.0,28260935680.0
CRM,2025-12-04 19:00:32,0.8238255033557047,248.547,4.1165366,1.6691984851824335,8470723.0,237610926080.0
CRWV,2025-12-04 19:00:32,0.7708053691275167,86.46,8.946571,0.6357571855178429,30202103.0,43084529664.0
DCI,2025-12-04 19:00:32,0.8505033557046979,94.87,8.299091,0.7546991225697985,613838.0,11054246912.0
DG,2025-12-04 19:00:32,0.933221476510067,122.715,11.670759,2.966991983465257,3025871.0,27010310144.0
DNLI,2025-12-04 19:00:32,0.7632550335570469,20.335,7.026311,0.880024918151744,1752939.0,2982368256.0
DOOO,2025-12-04 19:00:32,0.9375838926174496,77.24,9.142294,4.626623712885589,183453.0,5650013696.0
DSGX,2025-12-04 19:00:32,0.9421140939597314,94.22,13.572809,1.8932627035077143,542547.0,8096844800.0
EOSE,2025-12-04 19:00:32,0.7758389261744965,15.815,16.715862,0.8374074647232725,23702312.0,5125612544.0
FIX,2025-12-04 19:00:32,0.7671140939597316,995.83,4.9015093,0.5553403893779714,442552.0,35134328832.0
FLNC,2025-12-04 19:00:32,0.834228187919463,23.3174,17.468008,0.9214551957329548,7841117.0,4264021248.0
FLY,2025-12-04 19:00:32,0.7647651006711409,20.21,8.948787,0.7509113341244246,2036849.0,3218465024.0
GEV,2025-12-04 19:00:32,0.8538590604026844,636.805,5.786837,0.7905171732909573,2962682.0,173353566208.0
IDYA,2025-12-04 19:00:32,0.7280201342281879,35.99,4.804897,0.7904169286545639,1195984.0,3155114240.0
IONQ,2025-12-04 19:00:32,0.806711409395973,54.99,13.031859,0.7632176758378166,30272285.0,19481835520.0
KLIC,2025-12-04 19:00:32,0.7580536912751678,48.85,3.936167,1.3191062901609385,525853.0,2557932544.0
LEU,2025-12-04 19:00:32,0.7442953020134228,281.5,4.994826,0.552572871288425,1374787.0,5126687232.0
LITE,2025-12-04 19:00:32,0.8187919463087248,326.75,7.845399,0.6035915750017966,4202446.0,23170689024.0
META,2025-12-04 19:00:32,0.8177852348993289,664.1501,3.8383539,1.4085966827208038,16981085.0,1674008592384.0
MIDD,2025-12-04 19:00:32,0.8048657718120805,125.78,4.9040847,0.8182775141725893,692534.0,6374830080.0
NTSK,2025-12-04 19:00:32,0.7308724832214764,19.59,6.873978,0.7906248523440127,2878312.0,7484813824.0
OCUL,2025-12-04 19:00:32,0.7813758389261743,12.41,8.289702,1.4062827834378204,2818687.0,2643919104.0
OII,2025-12-04 19:00:32,0.7228187919463088,27.57,5.068598,0.7426795854516454,699653.0,2762723584.0
OKLO,2025-12-04 19:00:32,0.837751677852349,112.41,16.371737,0.702162979583599,19606149.0,17563734016.0
PATH,2025-12-04 19:00:32,0.8649328859060402,18.4345,24.05451,3.007266878848172,23443765.0,9863173120.0
PEN,2025-12-04 19:00:32,0.7229865771812081,296.0325,3.6129327,0.6349171019759255,440300.0,11593276416.0
POWL,2025-12-04 19:00:32,0.7550335570469799,343.6,6.219857,0.5081537505606604,243017.0,4154839808.0
PRAX,2025-12-04 19:00:32,0.7186241610738255,196.645,5.637932,0.4938251404036209,965609.0,4917535232.0
QBTS,2025-12-04 19:00:32,0.7469798657718121,28.4401,13.397527,0.6668151350510915,53048331.0,10153735168.0
RGC,2025-12-04 19:00:32,0.9186241610738256,15.98,22.828588,5.55918148324353,180766.0,7901932544.0
RKLB,2025-12-04 19:00:32,0.7857382550335571,48.9701,9.501696,0.7535986523486468,21486863.0,26157688832.0
SAIC,2025-12-04 19:00:32,0.9598993288590604,100.82,15.183368,3.660730709249163,525161.0,4725715456.0
SITM,2025-12-04 19:00:32,0.8862416107382551,365.54,5.4949517,1.1680482165990391,362033.0,9540824064.0
SMR,2025-12-04 19:00:32,0.8241610738255033,23.1545,14.967724,1.2564845204874453,22751104.0,6549099520.0
SMTC,2025-12-04 19:00:32,0.7605704697986577,78.51,6.8744936,0.5926404113281845,1752761.0,7265319936.0
SNDK,2025-12-04 19:00:32,0.8897651006711409,213.65,9.913566,0.9278501495170972,10858290.0,31311087616.0
TTMI,2025-12-04 19:00:32,0.7488255033557046,71.95,7.774109,0.5530509476604191,2434047.0,7434645504.0
USAR,2025-12-04 19:00:32,0.8338926174496644,17.17,22.4679,1.1424057094476892,13840358.0,2389696000.0
VKTX,2025-12-04 19:00:32,0.8134228187919462,39.05,10.27958,0.7873325751832196,4590120.0,4414069248.0
AGX,2025-12-04 19:00:33,0.7330536912751677,361.735,3.031983,0.8938448750332895,371739.0,4996129792.0
ALK,2025-12-04 19:00:33,0.7560402684563758,47.41,4.4963655,1.148170746752163,3444985.0,5499020288.0
ASTS,2025-12-04 19:00:33,0.9033557046979864,72.99,18.798826,1.3934400883060551,12864350.0,26816620544.0
AVAV,2025-12-04 19:00:33,0.8117449664429529,290.885,7.029587,0.59665791039685,1078846.0,14524537856.0
BAH,2025-12-04 19:00:33,0.8531879194630873,88.27,7.0069084,0.9414003690098142,2108887.0,10879161344.0
BAP,2025-12-04 19:00:33,0.8954697986577181,277.389,5.406978,1.4629440394075763,305322.0,22015344640.0
BBAI,2025-12-04 19:00:33,0.7208053691275168,6.985,14.496556,0.885934769869461,119282300.0,3049310464.0
BE,2025-12-04 19:00:33,0.8676174496644296,116.0865,13.239172,0.8900097719528964,15199623.0,27455705088.0
CACI,2025-12-04 19:00:33,0.7154362416107382,618.355,4.2968183,0.5122041873096725,236763.0,13653098496.0
CHKP,2025-12-04 19:00:33,0.7392617449664429,195.55,2.328622,6.591701395779586,786084.0,20993216512.0
CM,2025-12-04 19:00:33,0.8,90.4,4.0994997,1.3355815620403717,912422.0,84032913408.0
COHR,2025-12-04 19:00:33,0.8422818791946307,179.83,5.188345,1.0520122074313332,4126339.0,28260935680.0
CRM,2025-12-04 19:00:33,0.8238255033557047,248.547,4.1165366,1.6691984851824335,8470723.0,237610926080.0
CRWV,2025-12-04 19:00:33,0.7708053691275167,86.46,8.946571,0.6357571855178429,30202103.0,43084529664.0
DCI,2025-12-04 19:00:33,0.8505033557046979,94.87,8.299091,0.7546991225697985,613838.0,11054246912.0
DG,2025-12-04 19:00:33,0.933221476510067,122.715,11.670759,2.966991983465257,3025871.0,27010310144.0
DNLI,2025-12-04 19:00:33,0.7632550335570469,20.335,7.026311,0.880024918151744,1752939.0,2982368256.0
DOOO,2025-12-04 19:00:33,0.9375838926174496,77.24,9.142294,4.626623712885589,183453.0,5650013696.0
DSGX,2025-12-04 19:00:33,0.9421140939597314,94.22,13.572809,1.8932627035077143,542547.0,8096844800.0
EOSE,2025-12-04 19:00:33,0.7758389261744965,15.815,16.715862,0.8374074647232725,23702312.0,5125612544.0
FIX,2025-12-04 19:00:33,0.7671140939597316,995.83,4.9015093,0.5553403893779714,442552.0,35134328832.0
FLNC,2025-12-04 19:00:33,0.834228187919463,23.3174,17.468008,0.9214551957329548,7841117.0,4264021248.0
FLY,2025-12-04 19:00:33,0.7647651006711409,20.21,8.948787,0.7509113341244246,2036849.0,3218465024.0
GEV,2025-12-04 19:00:33,0.8538590604026844,636.805,5.786837,0.7905171732909573,2962682.0,173353566208.0
IDYA,2025-12-04 19:00:33,0.7280201342281879,35.99,4.804897,0.7904169286545639,1195984.0,3155114240.0
IONQ,2025-12-04 19:00:33,0.806711409395973,54.99,13.031859,0.7632176758378166,30272285.0,19481835520.0
KLIC,2025-12-04 19:00:33,0.7580536912751678,48.85,3.936167,1.3191062901609385,525853.0,2557932544.0
LEU,2025-12-04 19:00:33,0.7442953020134228,281.5,4.994826,0.552572871288425,1374787.0,5126687232.0
LITE,2025-12-04 19:00:33,0.8187919463087248,326.75,7.845399,0.6035915750017966,4202446.0,23170689024.0
META,2025-12-04 19:00:33,0.8177852348993289,664.1501,3.8383539,1.4085966827208038,16981085.0,1674008592384.0
MIDD,2025-12-04 19:00:33,0.8048657718120805,125.78,4.9040847,0.8182775141725893,692534.0,6374830080.0
NTSK,2025-12-04 19:00:33,0.7308724832214764,19.59,6.873978,0.7906248523440127,2878312.0,7484813824.0
OCUL,2025-12-04 19:00:33,0.7813758389261743,12.41,8.289702,1.4062827834378204,2818687.0,2643919104.0
OII,2025-12-04 19:00:33,0.7228187919463088,27.57,5.068598,0.7426795854516454,699653.0,2762723584.0
OKLO,2025-12-04 19:00:33,0.837751677852349,112.41,16.371737,0.702162979583599,19606149.0,17563734016.0
PATH,2025-12-04 19:00:33,0.8649328859060402,18.4345,24.05451,3.007266878848172,23443765.0,9863173120.0
PEN,2025-12-04 19:00:33,0.7229865771812081,296.0325,3.6129327,0.6349171019759255,440300.0,11593276416.0
POWL,2025-12-04 19:00:33,0.7550335570469799,343.6,6.219857,0.5081537505606604,243017.0,4154839808.0
PRAX,2025-12-04 19:00:33,0.7186241610738255,196.645,5.637932,0.4938251404036209,965609.0,4917535232.0
QBTS,2025-12-04 19:00:33,0.7469798657718121,28.4401,13.397527,0.6668151350510915,53048331.0,10153735168.0
RGC,2025-12-04 19:00:33,0.9186241610738256,15.98,22.828588,5.55918148324353,180766.0,7901932544.0
RKLB,2025-12-04 19:00:33,0.7857382550335571,48.9701,9.501696,0.7535986523486468,21486863.0,26157688832.0
SAIC,2025-12-04 19:00:33,0.9598993288590604,100.82,15.183368,3.660730709249163,525161.0,4725715456.0
SITM,2025-12-04 19:00:33,0.8862416107382551,365.54,5.4949517,1.1680482165990391,362033.0,9540824064.0
SMR,2025-12-04 19:00:33,0.8241610738255033,23.1545,14.967724,1.2564845204874453,22751104.0,6549099520.0
SMTC,2025-12-04 19:00:33,0.7605704697986577,78.51,6.8744936,0.5926404113281845,1752761.0,7265319936.0
SNDK,2025-12-04 19:00:33,0.8897651006711409,213.65,9.913566,0.9278501495170972,10858290.0,31311087616.0
TTMI,2025-12-04 19:00:33,0.7488255033557046,71.95,7.774109,0.5530509476604191,2434047.0,7434645504.0
USAR,2025-12-04 19:00:33,0.8338926174496644,17.17,22.4679,1.1424057094476892,13840358.0,2389696000.0
VKTX,2025-12-04 19:00:33,0.8134228187919462,39.05,10.27958,0.7873325751832196,4590120.0,4414069248.0
ALK,2025-12-04 19:26:34,0.8136200716845878,47.825,5.411069,1.4034113356081377,3444985.0,5547155456.0
ASTS,2025-12-04 19:26:34,0.9089605734767024,72.1205,17.383627,1.4739006634614265,12864350.0,26497165312.0
AVAV,2025-12-04 19:26:34,0.8025089605734766,287.95,5.9496703,0.6409533890842622,1078846.0,14377987072.0
BAH,2025-12-04 19:26:34,0.8573476702508961,88.02,6.7038417,1.0070662866241766,2108887.0,10848349184.0
BAP,2025-12-04 19:26:34,0.899820788530466,277.56,5.471954,1.5143815381793648,305322.0,22028914688.0
BBAI,2025-12-04 19:26:34,0.7417562724014336,7.0144,14.990166,0.979149664283804,119282300.0,3062145024.0
BE,2025-12-04 19:26:34,0.8630824372759857,116.18,13.342176,0.9395141576866742,15199623.0,27477819392.0
CHKP,2025-12-04 19:26:34,0.7440860215053765,194.005,1.5201458,6.764722345194661,786084.0,20827353088.0
CM,2025-12-04 19:26:34,0.7999999999999999,90.1101,3.765665,1.4491682576702447,912422.0,83763429376.0
COHR,2025-12-04 19:26:34,0.8166666666666667,177.92,4.0711226,1.122229899191511,4126339.0,27960770560.0
CRM,2025-12-04 19:26:34,0.8093189964157705,247.4,3.636056,1.764026990376146,8470723.0,236514394112.0
CRWV,2025-12-04 19:26:34,0.7634408602150538,85.5845,7.841844,0.6830808106309683,30202103.0,42648256512.0
DCI,2025-12-04 19:26:34,0.8435483870967743,94.645,8.042235,0.7997452096481482,613838.0,11028029440.0
DG,2025-12-04 19:26:34,0.935663082437276,122.65,11.611614,3.176235867292426,3025871.0,26996004864.0
DNLI,2025-12-04 19:26:34,0.760573476702509,20.18,6.210528,0.9215985268169627,1752939.0,2959635968.0
DOOO,2025-12-04 19:26:34,0.9378136200716845,76.7,8.379257,4.755572271917058,183453.0,5610513408.0
DSGX,2025-12-04 19:26:34,0.9440860215053763,93.96,13.259402,2.0747566570269487,542547.0,8074501632.0
EOSE,2025-12-04 19:26:34,0.7724014336917563,15.5599,14.833211,0.947948917388312,23702312.0,5042935296.0
FIX,2025-12-04 19:26:34,0.7700716845878136,993.9702,4.7055964,0.6082268298414649,442552.0,35068710912.0
FLNC,2025-12-04 19:26:34,0.836021505376344,23.12,16.473555,0.9594755441093406,7841117.0,4227923200.0
FLY,2025-12-04 19:26:34,0.7541218637992831,19.815,6.819414,0.8099736406577022,2036849.0,3155560960.0
GEV,2025-12-04 19:26:34,0.8422939068100357,632.955,5.1472745,0.8544872517536476,2962682.0,172305498112.0
IDYA,2025-12-04 19:26:34,0.7421146953405017,35.96,4.7175274,0.8394184203133153,1195984.0,3152483840.0
IMCR,2025-12-04 19:26:34,0.7342293906810037,40.09,5.834211,0.638246640519514,311060.0,2025764608.0
INSP,2025-12-04 19:26:34,0.7412186379928316,140.6,4.3413773,0.6363630611084262,1264261.0,4158149120.0
IONQ,2025-12-04 19:26:34,0.7998207885304659,54.2621,11.533786,0.8089180251837613,30272285.0,19223953408.0
KLIC,2025-12-04 19:26:34,0.7279569892473118,48.51,3.2127624,1.40120337813039,525853.0,2540129024.0
LITE,2025-12-04 19:26:34,0.8059139784946237,326.42,7.736485,0.6368848047065923,4202446.0,23147288576.0
META,2025-12-04 19:26:34,0.8259856630824373,663.29,3.703878,1.4450932905641778,16981085.0,1671840661504.0
MIDD,2025-12-04 19:26:34,0.8123655913978495,125.15,4.3786488,0.9404087019554276,692534.0,6342900224.0
MYRG,2025-12-04 19:26:34,0.7349462365591397,229.26,4.308659,0.5996008811503727,246042.0,3558764800.0
NTSK,2025-12-04 19:26:34,0.7256272401433692,19.39,5.782867,0.8221787631083775,2878312.0,7408398848.0
OCUL,2025-12-04 19:26:34,0.8030465949820789,12.415,8.333333,1.451469780078455,2818687.0,2644984320.0
OII,2025-12-04 19:26:34,0.7232974910394265,27.425,4.516004,0.8082635249187812,699653.0,2748193280.0
OKLO,2025-12-04 19:26:34,0.8340501792114695,111.5,15.436385,0.7598257567052051,19606149.0,17421547520.0
PATH,2025-12-04 19:26:34,0.8709677419354838,18.3401,23.419245,3.204611332693362,23443765.0,9812665344.0
PEN,2025-12-04 19:26:34,0.7516129032258063,296.34,3.7188003,0.7232523279582103,440300.0,11605318656.0
POWL,2025-12-04 19:26:34,0.7491039426523298,343.34,6.139478,0.5435545661414634,243017.0,4151695616.0
QBTS,2025-12-04 19:26:34,0.7383512544802867,28.1186,12.117616,0.7124009801552474,53048331.0,10038952960.0
RGC,2025-12-04 19:26:34,0.928853046594982,15.96,22.674862,5.611934766493699,180766.0,7892042752.0
RKLB,2025-12-04 19:26:34,0.7827956989247312,48.575,8.623195,0.797383359311222,21486863.0,25946644480.0
SAIC,2025-12-04 19:26:34,0.964336917562724,101.24,15.6632,3.801946450707497,525161.0,4745401856.0
SITM,2025-12-04 19:26:34,0.8713261648745521,362.5,4.6176047,1.254073523684305,362033.0,9461478400.0
SMR,2025-12-04 19:26:34,0.8240143369175627,22.85,13.455814,1.3359357857974716,22751104.0,6462973952.0
SMTC,2025-12-04 19:26:34,0.7485663082437276,77.84,5.9624248,0.6189075407314517,1752761.0,7203317760.0
SNDK,2025-12-04 19:26:34,0.8808243727598567,211.375,8.74318,0.9561872081147216,10858290.0,30977679360.0
TTAN,2025-12-04 19:26:34,0.7584229390681003,96.7,3.6330504,0.9572207436977896,1082160.0,8988142592.0
TTMI,2025-12-04 19:26:34,0.7460573476702509,71.14,6.5514874,0.6077922899598899,2434047.0,7350947840.0
USAR,2025-12-04 19:26:34,0.8313620071684589,16.765,19.579163,1.2221284304929108,13840358.0,2333328384.0
VKTX,2025-12-04 19:26:34,0.8132616487455198,38.8734,9.780858,0.8230654100546391,4590120.0,4394107392.0
ALK,2025-12-04 19:26:35,0.8136200716845878,47.825,5.411069,1.4034113356081377,3444985.0,5547155456.0
ASTS,2025-12-04 19:26:35,0.9089605734767024,72.1205,17.383627,1.4739006634614265,12864350.0,26497165312.0
AVAV,2025-12-04 19:26:35,0.8025089605734766,287.95,5.9496703,0.6409533890842622,1078846.0,14377987072.0
BAH,2025-12-04 19:26:35,0.8573476702508961,88.02,6.7038417,1.0070662866241766,2108887.0,10848349184.0
BAP,2025-12-04 19:26:35,0.899820788530466,277.56,5.471954,1.5143815381793648,305322.0,22028914688.0
BBAI,2025-12-04 19:26:35,0.7417562724014336,7.0144,14.990166,0.979149664283804,119282300.0,3062145024.0
BE,2025-12-04 19:26:35,0.8630824372759857,116.18,13.342176,0.9395141576866742,15199623.0,27477819392.0
CHKP,2025-12-04 19:26:35,0.7440860215053765,194.005,1.5201458,6.764722345194661,786084.0,20827353088.0
CM,2025-12-04 19:26:35,0.7999999999999999,90.1101,3.765665,1.4491682576702447,912422.0,83763429376.0
COHR,2025-12-04 19:26:35,0.8166666666666667,177.92,4.0711226,1.122229899191511,4126339.0,27960770560.0
CRM,2025-12-04 19:26:35,0.8093189964157705,247.4,3.636056,1.764026990376146,8470723.0,236514394112.0
CRWV,2025-12-04 19:26:35,0.7634408602150538,85.5845,7.841844,0.6830808106309683,30202103.0,42648256512.0
DCI,2025-12-04 19:26:35,0.8435483870967743,94.645,8.042235,0.7997452096481482,613838.0,11028029440.0
DG,2025-12-04 19:26:35,0.935663082437276,122.65,11.611614,3.176235867292426,3025871.0,26996004864.0
DNLI,2025-12-04 19:26:35,0.760573476702509,20.18,6.210528,0.9215985268169627,1752939.0,2959635968.0
DOOO,2025-12-04 19:26:35,0.9378136200716845,76.7,8.379257,4.755572271917058,183453.0,5610513408.0
DSGX,2025-12-04 19:26:35,0.9440860215053763,93.96,13.259402,2.0747566570269487,542547.0,8074501632.0
EOSE,2025-12-04 19:26:35,0.7724014336917563,15.5599,14.833211,0.947948917388312,23702312.0,5042935296.0
FIX,2025-12-04 19:26:35,0.7700716845878136,993.9702,4.7055964,0.6082268298414649,442552.0,35068710912.0
FLNC,2025-12-04 19:26:35,0.836021505376344,23.12,16.473555,0.9594755441093406,7841117.0,4227923200.0
FLY,2025-12-04 19:26:35,0.7541218637992831,19.815,6.819414,0.8099736406577022,2036849.0,3155560960.0
GEV,2025-12-04 19:26:35,0.8422939068100357,632.955,5.1472745,0.8544872517536476,2962682.0,172305498112.0
IDYA,2025-12-04 19:26:35,0.7421146953405017,35.96,4.7175274,0.8394184203133153,1195984.0,3152483840.0
IMCR,2025-12-04 19:26:35,0.7342293906810037,40.09,5.834211,0.638246640519514,311060.0,2025764608.0
INSP,2025-12-04 19:26:35,0.7412186379928316,140.6,4.3413773,0.6363630611084262,1264261.0,4158149120.0
IONQ,2025-12-04 19:26:35,0.7998207885304659,54.2621,11.533786,0.8089180251837613,30272285.0,19223953408.0
KLIC,2025-12-04 19:26:35,0.7279569892473118,48.51,3.2127624,1.40120337813039,525853.0,2540129024.0
LITE,2025-12-04 19:26:35,0.8059139784946237,326.42,7.736485,0.6368848047065923,4202446.0,23147288576.0
META,2025-12-04 19:26:35,0.8259856630824373,663.29,3.703878,1.4450932905641778,16981085.0,1671840661504.0
MIDD,2025-12-04 19:26:35,0.8123655913978495,125.15,4.3786488,0.9404087019554276,692534.0,6342900224.0
MYRG,2025-12-04 19:26:35,0.7349462365591397,229.26,4.308659,0.5996008811503727,246042.0,3558764800.0
NTSK,2025-12-04 19:26:35,0.7256272401433692,19.39,5.782867,0.8221787631083775,2878312.0,7408398848.0
OCUL,2025-12-04 19:26:35,0.8030465949820789,12.415,8.333333,1.451469780078455,2818687.0,2644984320.0
OII,2025-12-04 19:26:35,0.7232974910394265,27.425,4.516004,0.8082635249187812,699653.0,2748193280.0
OKLO,2025-12-04 19:26:35,0.8340501792114695,111.5,15.436385,0.7598257567052051,19606149.0,17421547520.0
PATH,2025-12-04 19:26:35,0.8709677419354838,18.3401,23.419245,3.204611332693362,23443765.0,9812665344.0
PEN,2025-12-04 19:26:35,0.7516129032258063,296.34,3.7188003,0.7232523279582103,440300.0,11605318656.0
POWL,2025-12-04 19:26:35,0.7491039426523298,343.34,6.139478,0.5435545661414634,243017.0,4151695616.0
QBTS,2025-12-04 19:26:35,0.7383512544802867,28.1186,12.117616,0.7124009801552474,53048331.0,10038952960.0
RGC,2025-12-04 19:26:35,0.928853046594982,15.96,22.674862,5.611934766493699,180766.0,7892042752.0
RKLB,2025-12-04 19:26:35,0.7827956989247312,48.575,8.623195,0.797383359311222,21486863.0,25946644480.0
SAIC,2025-12-04 19:26:35,0.964336917562724,101.24,15.6632,3.801946450707497,525161.0,4745401856.0
SITM,2025-12-04 19:26:35,0.8713261648745521,362.5,4.6176047,1.254073523684305,362033.0,9461478400.0
SMR,2025-12-04 19:26:35,0.8240143369175627,22.85,13.455814,1.3359357857974716,22751104.0,6462973952.0
SMTC,2025-12-04 19:26:35,0.7485663082437276,77.84,5.9624248,0.6189075407314517,1752761.0,7203317760.0
SNDK,2025-12-04 19:26:35,0.8808243727598567,211.375,8.74318,0.9561872081147216,10858290.0,30977679360.0
TTAN,2025-12-04 19:26:35,0.7584229390681003,96.7,3.6330504,0.9572207436977896,1082160.0,8988142592.0
TTMI,2025-12-04 19:26:35,0.7460573476702509,71.14,6.5514874,0.6077922899598899,2434047.0,7350947840.0
USAR,2025-12-04 19:26:35,0.8313620071684589,16.765,19.579163,1.2221284304929108,13840358.0,2333328384.0
VKTX,2025-12-04 19:26:35,0.8132616487455198,38.8734,9.780858,0.8230654100546391,4590120.0,4394107392.0
ALK,2025-12-04 19:40:41,0.8105015673981192,47.895,5.565355,1.4875272316134904,3444985.0,5555274752.0
ASTS,2025-12-04 19:40:41,0.9079937304075234,72.6132,18.185545,1.513372459549064,12864350.0,26678183936.0
AVAV,2025-12-04 19:40:41,0.8106583072100313,289.02,6.3433623,0.6591246572726784,1078846.0,14431413248.0
BAH,2025-12-04 19:40:41,0.8575235109717868,88.2,6.92205,1.0397991926547037,2108887.0,10870534144.0
BAP,2025-12-04 19:40:41,0.9018808777429468,277.965,5.627242,1.5491579381767446,305322.0,22061058048.0
BBAI,2025-12-04 19:40:41,0.7467084639498431,7.145,17.13115,1.0513070002841998,119282300.0,3119158528.0
BE,2025-12-04 19:40:41,0.8771159874608151,118.15,15.268294,0.9770994977967544,15199623.0,27943745536.0
CHKP,2025-12-04 19:40:41,0.7355799373040752,194.65,1.8576597,6.825863393734003,786084.0,20896595968.0
CM,2025-12-04 19:40:41,0.825705329153605,90.535,4.25496,1.491751623700437,912422.0,84158406656.0
COHR,2025-12-04 19:40:41,0.8434169278996865,179.47,4.9777694,1.1737198519074656,4126339.0,28204359680.0
CRM,2025-12-04 19:40:41,0.8144200626959246,247.62,3.7282145,1.7972128235098703,8470723.0,236724715520.0
CRSP,2025-12-04 19:40:41,0.7742946708463951,59.3,5.9117656,0.7959787238218611,2547450.0,5651303936.0
CRWV,2025-12-04 19:40:41,0.7874608150470219,87.15,9.81603,0.7170238774432364,30202103.0,43428372480.0
DCI,2025-12-04 19:40:41,0.845141065830721,94.67,8.070776,0.8256787621489708,613838.0,11030942720.0
DG,2025-12-04 19:40:41,0.9410658307210032,123.41,12.303217,3.294617318451448,3025871.0,27163285504.0
DNLI,2025-12-04 19:40:41,0.7600313479623824,20.25,6.5789475,0.9417532498278606,1752939.0,2969902336.0
DOOO,2025-12-04 19:40:41,0.9216300940438872,76.275,7.778727,4.847236076815315,183453.0,5579425280.0
DSGX,2025-12-04 19:40:41,0.9463949843260188,94.47,13.874159,2.1074708734911445,542547.0,8118328832.0
EOSE,2025-12-04 19:40:41,0.7858934169278997,15.91,17.416971,0.972175035076747,23702312.0,5156402176.0
FIX,2025-12-04 19:40:41,0.786833855799373,997.25,5.051091,0.6301406388401815,442552.0,35184427008.0
FLNC,2025-12-04 19:40:41,0.8278996865203762,23.005,15.890197,1.0012522450564123,7841117.0,4206892800.0
FLY,2025-12-04 19:40:41,0.759090909090909,20.1,8.3513,0.8239486579515712,2036849.0,3200947456.0
GEV,2025-12-04 19:40:41,0.8512539184952979,634.935,5.476191,0.8799894825026783,2962682.0,172844498944.0
IDYA,2025-12-04 19:40:41,0.7449843260188087,36.05,4.979613,0.852824954179989,1195984.0,3160374016.0
INSP,2025-12-04 19:40:41,0.7589341692789968,141.11,4.719852,0.6618704523828545,1264261.0,4173231872.0
IONQ,2025-12-04 19:40:41,0.8084639498432603,55.03,13.112835,0.8368975450647349,30272285.0,19496005632.0
KLIC,2025-12-04 19:40:41,0.738087774294671,48.635,3.47872,1.4304929324354905,525853.0,2546674432.0
LEU,2025-12-04 19:40:41,0.7518808777429467,280.565,4.649383,0.6226179037189034,1374787.0,5109658624.0
LITE,2025-12-04 19:40:41,0.8344827586206897,328.3,8.348439,0.6879631528876278,4202446.0,23280603136.0
META,2025-12-04 19:40:41,0.807680250783699,661.92,3.4896824,1.464410607449406,16981085.0,1668387569664.0
MIDD,2025-12-04 19:40:41,0.8115987460815047,125.275,4.4829025,0.9612769914545712,692534.0,6349235712.0
MYRG,2025-12-04 19:40:41,0.75,229.945,4.6116185,0.6217759569504393,246042.0,3569398272.0
NTSK,2025-12-04 19:40:41,0.7454545454545456,19.66,7.2558646,0.8504717348223542,2878312.0,7511558656.0
OCUL,2025-12-04 19:40:41,0.7851097178683386,12.435,8.507856,1.4737993257144195,2818687.0,2649245440.0
OKLO,2025-12-04 19:40:41,0.845141065830721,113.53,17.53805,0.7970311252862559,19606149.0,17738729472.0
PATH,2025-12-04 19:40:41,0.8658307210031349,18.415,23.923292,3.2852837417539376,23443765.0,9852740608.0
PEN,2025-12-04 19:40:41,0.7551724137931034,296.24,3.6871681,0.7444651374063139,440300.0,11601402880.0
POWL,2025-12-04 19:40:41,0.7641065830721003,343.62,6.2260365,0.5661003139698045,243017.0,4155081472.0
QBTS,2025-12-04 19:40:41,0.7589341692789968,28.71,14.4736805,0.7477624319603947,53048331.0,10250095616.0
RGC,2025-12-04 19:40:41,0.9238244514106584,16.0166,23.109911,5.6491652191230655,180766.0,7920030720.0
RKLB,2025-12-04 19:40:41,0.7943573667711599,49.145,9.8949,0.8274162217164972,21486863.0,26251112448.0
SAIC,2025-12-04 19:40:41,0.9647335423197492,101.5,15.960244,3.862126090855947,525161.0,4757588992.0
SITM,2025-12-04 19:40:41,0.8920062695924765,365.46,5.4764423,1.3081790886466151,362033.0,9538736128.0
SMR,2025-12-04 19:40:41,0.8271159874608149,23.235,15.3674345,1.384286494404843,22751104.0,6571868672.0
SMTC,2025-12-04 19:40:41,0.7619122257053291,78.19,6.438883,0.6322367966881965,1752761.0,7235707392.0
SNDK,2025-12-04 19:40:41,0.880564263322884,213.5065,9.839745,0.9717485902476356,10858290.0,31290056704.0
TTAN,2025-12-04 19:40:41,0.7836990595611286,96.995,3.9492073,1.0104356102609595,1082160.0,9015563264.0
TTMI,2025-12-04 19:40:41,0.7525078369905955,71.35,6.8777795,0.624498623075068,2434047.0,7372647424.0
USAR,2025-12-04 19:40:41,0.8409090909090909,17.28,23.252499,1.2819328083854478,13840358.0,2405005568.0
VKTX,2025-12-04 19:40:41,0.8167711598746081,39.105,10.434905,0.8395575714796127,4590120.0,4420285952.0
ALK,2025-12-04 19:40:42,0.8105015673981192,47.895,5.565355,1.4875272316134904,3444985.0,5555274752.0
ASTS,2025-12-04 19:40:42,0.9079937304075234,72.6132,18.185545,1.513372459549064,12864350.0,26678183936.0
AVAV,2025-12-04 19:40:42,0.8106583072100313,289.02,6.3433623,0.6591246572726784,1078846.0,14431413248.0
BAH,2025-12-04 19:40:42,0.8575235109717868,88.2,6.92205,1.0397991926547037,2108887.0,10870534144.0
BAP,2025-12-04 19:40:42,0.9018808777429468,277.965,5.627242,1.5491579381767446,305322.0,22061058048.0
BBAI,2025-12-04 19:40:42,0.7467084639498431,7.145,17.13115,1.0513070002841998,119282300.0,3119158528.0
BE,2025-12-04 19:40:42,0.8771159874608151,118.15,15.268294,0.9770994977967544,15199623.0,27943745536.0
CHKP,2025-12-04 19:40:42,0.7355799373040752,194.65,1.8576597,6.825863393734003,786084.0,20896595968.0
CM,2025-12-04 19:40:42,0.825705329153605,90.535,4.25496,1.491751623700437,912422.0,84158406656.0
COHR,2025-12-04 19:40:42,0.8434169278996865,179.47,4.9777694,1.1737198519074656,4126339.0,28204359680.0
CRM,2025-12-04 19:40:42,0.8144200626959246,247.62,3.7282145,1.7972128235098703,8470723.0,236724715520.0
CRSP,2025-12-04 19:40:42,0.7742946708463951,59.3,5.9117656,0.7959787238218611,2547450.0,5651303936.0
CRWV,2025-12-04 19:40:42,0.7874608150470219,87.15,9.81603,0.7170238774432364,30202103.0,43428372480.0
DCI,2025-12-04 19:40:42,0.845141065830721,94.67,8.070776,0.8256787621489708,613838.0,11030942720.0
DG,2025-12-04 19:40:42,0.9410658307210032,123.41,12.303217,3.294617318451448,3025871.0,27163285504.0
DNLI,2025-12-04 19:40:42,0.7600313479623824,20.25,6.5789475,0.9417532498278606,1752939.0,2969902336.0
DOOO,2025-12-04 19:40:42,0.9216300940438872,76.275,7.778727,4.847236076815315,183453.0,5579425280.0
DSGX,2025-12-04 19:40:42,0.9463949843260188,94.47,13.874159,2.1074708734911445,542547.0,8118328832.0
EOSE,2025-12-04 19:40:42,0.7858934169278997,15.91,17.416971,0.972175035076747,23702312.0,5156402176.0
FIX,2025-12-04 19:40:42,0.786833855799373,997.25,5.051091,0.6301406388401815,442552.0,35184427008.0
FLNC,2025-12-04 19:40:42,0.8278996865203762,23.005,15.890197,1.0012522450564123,7841117.0,4206892800.0
FLY,2025-12-04 19:40:42,0.759090909090909,20.1,8.3513,0.8239486579515712,2036849.0,3200947456.0
GEV,2025-12-04 19:40:42,0.8512539184952979,634.935,5.476191,0.8799894825026783,2962682.0,172844498944.0
IDYA,2025-12-04 19:40:42,0.7449843260188087,36.05,4.979613,0.852824954179989,1195984.0,3160374016.0
INSP,2025-12-04 19:40:42,0.7589341692789968,141.11,4.719852,0.6618704523828545,1264261.0,4173231872.0
IONQ,2025-12-04 19:40:42,0.8084639498432603,55.03,13.112835,0.8368975450647349,30272285.0,19496005632.0
KLIC,2025-12-04 19:40:42,0.738087774294671,48.635,3.47872,1.4304929324354905,525853.0,2546674432.0
LEU,2025-12-04 19:40:42,0.7518808777429467,280.565,4.649383,0.6226179037189034,1374787.0,5109658624.0
LITE,2025-12-04 19:40:42,0.8344827586206897,328.3,8.348439,0.6879631528876278,4202446.0,23280603136.0
META,2025-12-04 19:40:42,0.807680250783699,661.92,3.4896824,1.464410607449406,16981085.0,1668387569664.0
MIDD,2025-12-04 19:40:42,0.8115987460815047,125.275,4.4829025,0.9612769914545712,692534.0,6349235712.0
MYRG,2025-12-04 19:40:42,0.75,229.945,4.6116185,0.6217759569504393,246042.0,3569398272.0
NTSK,2025-12-04 19:40:42,0.7454545454545456,19.66,7.2558646,0.8504717348223542,2878312.0,7511558656.0
OCUL,2025-12-04 19:40:42,0.7851097178683386,12.435,8.507856,1.4737993257144195,2818687.0,2649245440.0
OKLO,2025-12-04 19:40:42,0.845141065830721,113.53,17.53805,0.7970311252862559,19606149.0,17738729472.0
PATH,2025-12-04 19:40:42,0.8658307210031349,18.415,23.923292,3.2852837417539376,23443765.0,9852740608.0
PEN,2025-12-04 19:40:42,0.7551724137931034,296.24,3.6871681,0.7444651374063139,440300.0,11601402880.0
POWL,2025-12-04 19:40:42,0.7641065830721003,343.62,6.2260365,0.5661003139698045,243017.0,4155081472.0
QBTS,2025-12-04 19:40:42,0.7589341692789968,28.71,14.4736805,0.7477624319603947,53048331.0,10250095616.0
RGC,2025-12-04 19:40:42,0.9238244514106584,16.0166,23.109911,5.6491652191230655,180766.0,7920030720.0
RKLB,2025-12-04 19:40:42,0.7943573667711599,49.145,9.8949,0.8274162217164972,21486863.0,26251112448.0
SAIC,2025-12-04 19:40:42,0.9647335423197492,101.5,15.960244,3.862126090855947,525161.0,4757588992.0
SITM,2025-12-04 19:40:42,0.8920062695924765,365.46,5.4764423,1.3081790886466151,362033.0,9538736128.0
SMR,2025-12-04 19:40:42,0.8271159874608149,23.235,15.3674345,1.384286494404843,22751104.0,6571868672.0
SMTC,2025-12-04 19:40:42,0.7619122257053291,78.19,6.438883,0.6322367966881965,1752761.0,7235707392.0
SNDK,2025-12-04 19:40:42,0.880564263322884,213.5065,9.839745,0.9717485902476356,10858290.0,31290056704.0
TTAN,2025-12-04 19:40:42,0.7836990595611286,96.995,3.9492073,1.0104356102609595,1082160.0,9015563264.0
TTMI,2025-12-04 19:40:42,0.7525078369905955,71.35,6.8777795,0.624498623075068,2434047.0,7372647424.0
USAR,2025-12-04 19:40:42,0.8409090909090909,17.28,23.252499,1.2819328083854478,13840358.0,2405005568.0
VKTX,2025-12-04 19:40:42,0.8167711598746081,39.105,10.434905,0.8395575714796127,4590120.0,4420285952.0
ALK,2025-12-04 19:51:01,0.7958588957055215,47.56,4.8269835,1.529813047081482,3444985.0,5516418560.0
ASTS,2025-12-04 19:51:01,0.9093558282208588,72.81,18.511883,1.537420234990497,12864350.0,26750488576.0
AVAV,2025-12-04 19:51:01,0.8096625766871166,289.485,6.5144553,0.6723906841198837,1078846.0,14454631424.0
BAH,2025-12-04 19:51:01,0.8602760736196318,88.185,6.9038672,1.0665720828095575,2108887.0,10868684800.0
BAP,2025-12-04 19:51:01,0.888803680981595,276.16,4.9399605,1.57548096763417,305322.0,21917802496.0
BBAI,2025-12-04 19:51:01,0.7486196319018404,7.1349,16.965578,1.0995347507551414,119282300.0,3114749440.0
BE,2025-12-04 19:51:01,0.8742331288343559,116.665,13.819513,0.9982891680931824,15199623.0,27592527872.0
CM,2025-12-04 19:51:01,0.8312883435582821,90.69,4.433448,1.5271157424963449,912422.0,84302487552.0
COHR,2025-12-04 19:51:01,0.847239263803681,179.53,5.0128636,1.1884391951315685,4126339.0,28213788672.0
CRM,2025-12-04 19:51:01,0.8165644171779141,247.39,3.631869,1.8149366943057872,8470723.0,236504842240.0
CRSP,2025-12-04 19:51:01,0.7680981595092025,59.18,5.6974435,0.8074635419733459,2547450.0,5639867904.0
CRWV,2025-12-04 19:51:01,0.789723926380368,87.485,10.238155,0.7356733734733638,30202103.0,43595309056.0
DCI,2025-12-04 19:51:01,0.8475460122699386,94.38,7.734427,0.8570095041362705,613838.0,10997151744.0
DG,2025-12-04 19:51:01,0.9429447852760736,123.095,12.016564,3.367916874182673,3025871.0,27093952512.0
DNLI,2025-12-04 19:51:01,0.7391104294478527,20.1,5.789476,0.9601320981505916,1752939.0,2947902976.0
DOOO,2025-12-04 19:51:01,0.9203987730061348,75.95,7.319486,4.919587033191062,183453.0,5555651584.0
DSGX,2025-12-04 19:51:01,0.9492331288343558,94.575,14.00072,2.170090333187724,542547.0,8127351296.0
EOSE,2025-12-04 19:51:01,0.7877300613496931,15.845,16.93727,0.990901056403274,23702312.0,5135335936.0
FIX,2025-12-04 19:51:01,0.7828220858895705,997.15,5.0405602,0.6426340859379237,442552.0,35180900352.0
FLNC,2025-12-04 19:51:01,0.8257668711656442,22.88,15.264477,1.0142279473702536,7841117.0,4184034304.0
FLY,2025-12-04 19:51:01,0.7636503067484662,20.1791,8.782215,0.8317381406279994,2036849.0,3213544192.0
GEV,2025-12-04 19:51:01,0.8501533742331289,633.63,5.258531,0.8939541942064656,2962682.0,172489261056.0
IDYA,2025-12-04 19:51:01,0.7544478527607361,36.15,5.2708254,0.866439684811837,1195984.0,3169140736.0
IMCR,2025-12-04 19:51:01,0.742638036809816,40.19,6.0981984,0.6725422748022889,311060.0,2030817536.0
INSP,2025-12-04 19:51:01,0.7421779141104294,140.43,4.215208,0.6883404613446116,1264261.0,4153121024.0
IONQ,2025-12-04 19:51:01,0.8090490797546013,55.0803,13.214859,0.853272357867931,30272285.0,19513825280.0
LEU,2025-12-04 19:51:01,0.7397239263803681,279.66,4.311823,0.6409632910407213,1374787.0,5093176832.0
LITE,2025-12-04 19:51:01,0.8337423312883436,328.1718,8.314674,0.6995007193429731,4202446.0,23271514112.0
META,2025-12-04 19:51:01,0.820398773006135,662.4291,3.569278,1.479502870399624,16981085.0,1669670764544.0
MIDD,2025-12-04 19:51:01,0.7949386503067485,124.85,4.128438,0.9749961734730712,692534.0,6327695360.0
MYRG,2025-12-04 19:51:01,0.7457055214723927,230.0,4.6453466,0.6298192991440485,246042.0,3570251776.0
NTSK,2025-12-04 19:51:01,0.747239263803681,19.69,7.419534,0.8710244059712776,2878312.0,7523021312.0
OCUL,2025-12-04 19:51:01,0.7799079754601228,12.38,8.027924,1.493275769888604,2818687.0,2637527808.0
OKLO,2025-12-04 19:51:01,0.8452453987730061,113.715,17.72958,0.8147436296643467,19606149.0,17767634944.0
PATH,2025-12-04 19:51:01,0.8668711656441717,18.4301,24.020208,3.3330719276532585,23443765.0,9860818944.0
PEN,2025-12-04 19:51:01,0.7572085889570552,296.085,3.6313045,0.765116965705201,440300.0,11595332608.0
POWL,2025-12-04 19:51:01,0.757361963190184,343.085,6.0606465,0.5743836850919894,243017.0,4148612096.0
QBTS,2025-12-04 19:51:01,0.7619631901840491,28.78,14.752793,0.765065577652198,53048331.0,10275087360.0
RGC,2025-12-04 19:51:01,0.9283742331288344,16.04,23.289782,5.681538563667947,180766.0,7931602432.0
RGTI,2025-12-04 19:51:01,0.7371165644171779,29.94,14.976956,0.6727143460509472,81871569.0,9880981504.0
RKLB,2025-12-04 19:51:01,0.8150306748466256,48.65,8.788014,0.999668308956966,21486863.0,25986705408.0
SAIC,2025-12-04 19:51:01,0.9670245398773004,102.11,16.657148,3.944529391938853,525161.0,4786181120.0
SITM,2025-12-04 19:51:01,0.8949386503067484,365.5,5.4834056,1.3535257835611672,362033.0,9539780608.0
SMR,2025-12-04 19:51:01,0.8237730061349693,23.065,14.524497,1.4108426122969682,22751104.0,6523785216.0
SMTC,2025-12-04 19:51:01,0.7565950920245398,78.34,6.6430674,0.6399931308375757,1752761.0,7249587712.0
SNDK,2025-12-04 19:51:01,0.8796012269938651,213.1199,9.640857,0.9786400068519076,10858290.0,31233400832.0
TTAN,2025-12-04 19:51:01,0.7819018404907974,96.93,3.8795443,1.0449896503289715,1082160.0,9009520640.0
TTMI,2025-12-04 19:51:01,0.7762269938650306,71.74,7.45955,0.6638528343947344,2434047.0,7412946432.0
USAR,2025-12-04 19:51:01,0.8423312883435582,17.2428,22.96717,1.3056803154947292,13840358.0,2399827968.0
VKTX,2025-12-04 19:51:01,0.8088957055214723,39.01,10.1666155,0.8482830514234923,4590120.0,4409547776.0
ALK,2025-12-04 20:23:21,0.775,47.305,4.264936,1.6203455167439045,3444985.0,5486841344.0
ASTS,2025-12-04 20:23:21,0.9111607142857144,73.29,19.287113,1.6265119496904237,12864350.0,26926841856.0
AVAV,2025-12-04 20:23:21,0.8135416666666666,289.115,6.3783174,0.7318727603383616,1078846.0,14436156416.0
BAH,2025-12-04 20:23:21,0.8522321428571429,87.45,6.014307,1.1599606806813263,2108887.0,10778097664.0
BAP,2025-12-04 20:23:21,0.8961309523809524,276.72,5.1527576,1.6578202684379115,305322.0,21962248192.0
BBAI,2025-12-04 20:23:21,0.7514880952380951,7.065,15.8196745,1.2310249718524875,119282300.0,3084234496.0
BE,2025-12-04 20:23:21,0.8839285714285714,117.785,14.912199,1.073992361521072,15199623.0,27857420288.0
CHKP,2025-12-04 20:23:21,0.7669642857142857,194.97,2.025115,7.15708372133258,786084.0,20930949120.0
CM,2025-12-04 20:23:21,0.8263392857142857,90.48,4.1911426,1.6537632805872722,912422.0,84107280384.0
COHR,2025-12-04 20:23:21,0.8415178571428571,178.955,4.6765294,1.2708575325488285,4126339.0,28123424768.0
CRM,2025-12-04 20:23:21,0.8087797619047619,247.02,3.476878,1.8972610720478047,8470723.0,236151128064.0
CRSP,2025-12-04 20:23:21,0.765625,58.885,5.17056,0.9018151484818152,2547450.0,5611753984.0
CRWV,2025-12-04 20:23:21,0.7955357142857142,87.3572,10.077116,0.8028888584347917,30202103.0,43531620352.0
DCI,2025-12-04 20:23:21,0.8589285714285714,94.26,7.602744,0.9667729922227036,613838.0,10983170048.0
DG,2025-12-04 20:23:21,0.9482142857142856,124.415,13.217343,3.6413122039901897,3025871.0,27384492032.0
DNLI,2025-12-04 20:23:21,0.738095238095238,19.98,5.157892,1.0278446654447189,1752939.0,2930303488.0
DOOO,2025-12-04 20:23:21,0.9041666666666666,75.0,5.977114,5.472202689517206,183453.0,5486160384.0
DSGX,2025-12-04 20:23:21,0.9522321428571427,94.955,14.458778,2.3460363802583,542547.0,8160007680.0
EOSE,2025-12-04 20:23:21,0.7895833333333334,15.9339,17.591927,1.0344732615113663,23702312.0,5164147712.0
FIX,2025-12-04 20:23:21,0.7760416666666666,994.055,4.714527,0.7020350150942714,442552.0,35071705088.0
FLNC,2025-12-04 20:23:21,0.8276785714285714,23.01,15.919395,1.0575133619355508,7841117.0,4207807488.0
FLY,2025-12-04 20:23:21,0.7775297619047619,20.395,9.946098,0.8951439208306556,2036849.0,3247926784.0
GEV,2025-12-04 20:23:21,0.8544642857142856,634.935,5.476191,0.9432075396549476,2962682.0,172844498944.0
IMCR,2025-12-04 20:23:21,0.773065476190476,40.325,6.454592,0.7959011123255963,311060.0,2037639168.0
INSP,2025-12-04 20:23:21,0.7822916666666666,141.255,4.8274617,0.7719640169237206,1264261.0,4177520128.0
IONQ,2025-12-04 20:23:21,0.8066964285714285,54.81,12.66187,0.8979383287386465,30272285.0,19418064896.0
IOT,2025-12-04 20:23:21,0.7681547619047618,40.865,4.7552,1.272213610192012,5220088.0,23441580032.0
LEU,2025-12-04 20:23:21,0.7845238095238095,283.66,5.8038034,0.699864779053046,1374787.0,5166025216.0
LITE,2025-12-04 20:23:21,0.833779761904762,328.16,8.310777,0.7527368584867004,4202446.0,23270676480.0
META,2025-12-04 20:23:21,0.8183035714285714,662.3,3.5490952,1.5290113087591282,16981085.0,1669345443840.0
MIDD,2025-12-04 20:23:21,0.809375,124.885,4.153648,1.0816941839678629,692534.0,6329469440.0
MKTX,2025-12-04 20:23:21,0.7357142857142857,167.275,4.736702,0.6719352566113916,844565.0,6250024960.0
MYRG,2025-12-04 20:23:21,0.7828869047619047,231.0,5.1003265,0.7275993529559994,246042.0,3585774592.0
NTSK,2025-12-04 20:23:21,0.7492559523809524,19.61,6.9830914,0.934478263648972,2878312.0,7492455424.0
OCUL,2025-12-04 20:23:21,0.7834821428571429,12.349,7.7574167,1.581568652354802,2818687.0,2630923264.0
OKLO,2025-12-04 20:23:21,0.846875,113.445,17.45005,0.8683364081339991,19606149.0,17725448192.0
PATH,2025-12-04 20:23:21,0.8665178571428571,18.415,23.931185,3.4788213838519537,23443765.0,9852740608.0
PSTG,2025-12-04 20:23:21,0.7668154761904761,71.3001,3.5586112,2.373396257167834,3374450.0,23431821312.0
QBTS,2025-12-04 20:23:21,0.7571428571428571,28.5145,13.696635,0.8127599716567897,53048331.0,10180297728.0
RGC,2025-12-04 20:23:21,0.9354166666666668,16.23,24.750187,5.760690616598254,180766.0,8025554432.0
RKLB,2025-12-04 20:23:21,0.8270833333333334,49.24,10.105077,1.0656897193415344,21486863.0,26301857792.0
SAIC,2025-12-04 20:23:21,0.9683035714285714,101.4713,15.927452,4.187584378885713,525161.0,4756243456.0
SITM,2025-12-04 20:23:21,0.8333333333333333,359.21,3.6681073,1.5147790394798264,362033.0,9375606784.0
SMR,2025-12-04 20:23:21,0.8275297619047619,23.11,14.746779,1.5031660002081657,22751104.0,6536513024.0
SMTC,2025-12-04 20:23:21,0.7912202380952381,78.705,7.1399436,0.7309764423101609,1752761.0,7283365376.0
SNDK,2025-12-04 20:23:21,0.8816964285714285,214.06,10.124495,1.0156133240132654,10858290.0,31371173888.0
TTAN,2025-12-04 20:23:21,0.7525297619047618,96.4847,3.4054122,1.1530716345087602,1082160.0,8968131584.0
TTMI,2025-12-04 20:23:21,0.8120535714285715,71.92,7.729173,0.8098072880268952,2434047.0,7431545856.0
USAR,2025-12-04 20:23:21,0.8550595238095238,17.67,26.034233,1.4272558556650052,13840358.0,2459285248.0
VKTX,2025-12-04 20:23:21,0.816220238095238,39.2,10.703194,0.8922670866992584,4590120.0,4431024640.0
ALK,2025-12-04 20:23:22,0.775,47.305,4.264936,1.6203455167439045,3444985.0,5486841344.0
ASTS,2025-12-04 20:23:22,0.9111607142857144,73.29,19.287113,1.6265119496904237,12864350.0,26926841856.0
AVAV,2025-12-04 20:23:22,0.8135416666666666,289.115,6.3783174,0.7318727603383616,1078846.0,14436156416.0
BAH,2025-12-04 20:23:22,0.8522321428571429,87.45,6.014307,1.1599606806813263,2108887.0,10778097664.0
BAP,2025-12-04 20:23:22,0.8961309523809524,276.72,5.1527576,1.6578202684379115,305322.0,21962248192.0
BBAI,2025-12-04 20:23:22,0.7514880952380951,7.065,15.8196745,1.2310249718524875,119282300.0,3084234496.0
BE,2025-12-04 20:23:22,0.8839285714285714,117.785,14.912199,1.073992361521072,15199623.0,27857420288.0
CHKP,2025-12-04 20:23:22,0.7669642857142857,194.97,2.025115,7.15708372133258,786084.0,20930949120.0
CM,2025-12-04 20:23:22,0.8263392857142857,90.48,4.1911426,1.6537632805872722,912422.0,84107280384.0
COHR,2025-12-04 20:23:22,0.8415178571428571,178.955,4.6765294,1.2708575325488285,4126339.0,28123424768.0
CRM,2025-12-04 20:23:22,0.8087797619047619,247.02,3.476878,1.8972610720478047,8470723.0,236151128064.0
CRSP,2025-12-04 20:23:22,0.765625,58.885,5.17056,0.9018151484818152,2547450.0,5611753984.0
CRWV,2025-12-04 20:23:22,0.7955357142857142,87.3572,10.077116,0.8028888584347917,30202103.0,43531620352.0
DCI,2025-12-04 20:23:22,0.8589285714285714,94.26,7.602744,0.9667729922227036,613838.0,10983170048.0
DG,2025-12-04 20:23:22,0.9482142857142856,124.415,13.217343,3.6413122039901897,3025871.0,27384492032.0
DNLI,2025-12-04 20:23:22,0.738095238095238,19.98,5.157892,1.0278446654447189,1752939.0,2930303488.0
DOOO,2025-12-04 20:23:22,0.9041666666666666,75.0,5.977114,5.472202689517206,183453.0,5486160384.0
DSGX,2025-12-04 20:23:22,0.9522321428571427,94.955,14.458778,2.3460363802583,542547.0,8160007680.0
EOSE,2025-12-04 20:23:22,0.7895833333333334,15.9339,17.591927,1.0344732615113663,23702312.0,5164147712.0
FIX,2025-12-04 20:23:22,0.7760416666666666,994.055,4.714527,0.7020350150942714,442552.0,35071705088.0
FLNC,2025-12-04 20:23:22,0.8276785714285714,23.01,15.919395,1.0575133619355508,7841117.0,4207807488.0
FLY,2025-12-04 20:23:22,0.7775297619047619,20.395,9.946098,0.8951439208306556,2036849.0,3247926784.0
GEV,2025-12-04 20:23:22,0.8544642857142856,634.935,5.476191,0.9432075396549476,2962682.0,172844498944.0
IMCR,2025-12-04 20:23:22,0.773065476190476,40.325,6.454592,0.7959011123255963,311060.0,2037639168.0
INSP,2025-12-04 20:23:22,0.7822916666666666,141.255,4.8274617,0.7719640169237206,1264261.0,4177520128.0
IONQ,2025-12-04 20:23:22,0.8066964285714285,54.81,12.66187,0.8979383287386465,30272285.0,19418064896.0
IOT,2025-12-04 20:23:22,0.7681547619047618,40.865,4.7552,1.272213610192012,5220088.0,23441580032.0
LEU,2025-12-04 20:23:22,0.7845238095238095,283.66,5.8038034,0.699864779053046,1374787.0,5166025216.0
LITE,2025-12-04 20:23:22,0.833779761904762,328.16,8.310777,0.7527368584867004,4202446.0,23270676480.0
META,2025-12-04 20:23:22,0.8183035714285714,662.3,3.5490952,1.5290113087591282,16981085.0,1669345443840.0
MIDD,2025-12-04 20:23:22,0.809375,124.885,4.153648,1.0816941839678629,692534.0,6329469440.0
MKTX,2025-12-04 20:23:22,0.7357142857142857,167.275,4.736702,0.6719352566113916,844565.0,6250024960.0
MYRG,2025-12-04 20:23:22,0.7828869047619047,231.0,5.1003265,0.7275993529559994,246042.0,3585774592.0
NTSK,2025-12-04 20:23:22,0.7492559523809524,19.61,6.9830914,0.934478263648972,2878312.0,7492455424.0
OCUL,2025-12-04 20:23:22,0.7834821428571429,12.349,7.7574167,1.581568652354802,2818687.0,2630923264.0
OKLO,2025-12-04 20:23:22,0.846875,113.445,17.45005,0.8683364081339991,19606149.0,17725448192.0
PATH,2025-12-04 20:23:22,0.8665178571428571,18.415,23.931185,3.4788213838519537,23443765.0,9852740608.0
PSTG,2025-12-04 20:23:22,0.7668154761904761,71.3001,3.5586112,2.373396257167834,3374450.0,23431821312.0
QBTS,2025-12-04 20:23:22,0.7571428571428571,28.5145,13.696635,0.8127599716567897,53048331.0,10180297728.0
RGC,2025-12-04 20:23:22,0.9354166666666668,16.23,24.750187,5.760690616598254,180766.0,8025554432.0
RKLB,2025-12-04 20:23:22,0.8270833333333334,49.24,10.105077,1.0656897193415344,21486863.0,26301857792.0
SAIC,2025-12-04 20:23:22,0.9683035714285714,101.4713,15.927452,4.187584378885713,525161.0,4756243456.0
SITM,2025-12-04 20:23:22,0.8333333333333333,359.21,3.6681073,1.5147790394798264,362033.0,9375606784.0
SMR,2025-12-04 20:23:22,0.8275297619047619,23.11,14.746779,1.5031660002081657,22751104.0,6536513024.0
SMTC,2025-12-04 20:23:22,0.7912202380952381,78.705,7.1399436,0.7309764423101609,1752761.0,7283365376.0
SNDK,2025-12-04 20:23:22,0.8816964285714285,214.06,10.124495,1.0156133240132654,10858290.0,31371173888.0
TTAN,2025-12-04 20:23:22,0.7525297619047618,96.4847,3.4054122,1.1530716345087602,1082160.0,8968131584.0
TTMI,2025-12-04 20:23:22,0.8120535714285715,71.92,7.729173,0.8098072880268952,2434047.0,7431545856.0
USAR,2025-12-04 20:23:22,0.8550595238095238,17.67,26.034233,1.4272558556650052,13840358.0,2459285248.0
VKTX,2025-12-04 20:23:22,0.816220238095238,39.2,10.703194,0.8922670866992584,4590120.0,4431024640.0
ALK,2025-12-04 20:46:07,0.768859649122807,47.18,3.9894235,1.7128762534524824,3444985.0,5472343040.0
ASND,2025-12-04 20:46:07,0.770906432748538,208.685,4.082293,0.8470753410048643,482911.0,12750268416.0
ASTS,2025-12-04 20:46:07,0.9105263157894736,72.74,18.391926,1.6927986256592833,12864350.0,26724769792.0
AVAV,2025-12-04 20:46:07,0.7978070175438596,287.49,5.7804074,0.7709552614552958,1078846.0,14355016704.0
BAH,2025-12-04 20:46:07,0.8599415204678362,87.315,5.849909,1.25692272748611,2108887.0,10761459712.0
BAP,2025-12-04 20:46:07,0.9078947368421052,277.65,5.506152,1.7532015380483554,305322.0,22036058112.0
BBAI,2025-12-04 20:46:07,0.7497076023391812,6.97,14.250611,1.333288870184428,119282300.0,3042761984.0
BE,2025-12-04 20:46:07,0.8830409356725146,116.9,14.061129,1.1308761408095451,15199623.0,27648106496.0
CHKP,2025-12-04 20:46:07,0.7847953216374269,194.96,2.0195682,7.276799934867012,786084.0,20929875968.0
CM,2025-12-04 20:46:07,0.8293859649122807,90.37,4.0640187,1.7689007937116816,912422.0,84005027840.0
COHR,2025-12-04 20:46:07,0.8286549707602341,177.9509,4.089196,1.3651229334283974,4126339.0,27965626368.0
CRM,2025-12-04 20:46:07,0.8467836257309941,248.455,4.0779996,1.9698603059030495,8470723.0,237522976768.0
CRSP,2025-12-04 20:46:07,0.7821637426900585,59.025,5.421095,0.9533961412392784,2547450.0,5625096192.0
CRWV,2025-12-04 20:46:07,0.786111111111111,86.29,8.732359,0.8506095751014424,30202103.0,42999816192.0
DCI,2025-12-04 20:46:07,0.8728070175438596,93.8601,7.1462345,1.1065052994438271,613838.0,10936573952.0
DG,2025-12-04 20:46:07,0.9570175438596492,124.4,13.204116,3.9845614700692793,3025871.0,27381190656.0
DNLI,2025-12-04 20:46:07,0.7847953216374268,20.27,6.684213,1.1443278973198725,1752939.0,2972835584.0
DOOO,2025-12-04 20:46:07,0.8966374269005847,74.54,5.327122,5.865300649212605,183453.0,5452512256.0
DSGX,2025-12-04 20:46:07,0.9584795321637428,95.14,14.681774,2.563497724621093,542547.0,8175905280.0
EOSE,2025-12-04 20:46:07,0.7833333333333333,15.7009,15.8738,1.0747187869267774,23702312.0,5088632832.0
FIX,2025-12-04 20:46:07,0.7881578947368421,996.85,5.008953,0.7705602957392578,442552.0,35170316288.0
FLNC,2025-12-04 20:46:07,0.8359649122807018,23.0701,16.222168,1.1151503032029748,7841117.0,4218798080.0
FLY,2025-12-04 20:46:07,0.790204678362573,20.267,9.256071,0.9759604172916108,2036849.0,3227542528.0
GEV,2025-12-04 20:46:07,0.8304093567251462,629.5,4.573323,0.9969244083570225,2962682.0,171364974592.0
IDYA,2025-12-04 20:46:07,0.7567251461988304,36.02,4.892255,0.9867857763983464,1195984.0,3157744128.0
IMCR,2025-12-04 20:46:07,0.7808479532163742,40.29,6.362196,0.878187487944448,311060.0,2035870720.0
INSP,2025-12-04 20:46:07,0.7535087719298246,140.07,3.9480574,0.8720066505254849,1264261.0,4142474752.0
IONQ,2025-12-04 20:46:07,0.8007309941520468,54.3723,11.762173,0.9347346591114613,30272285.0,19262996480.0
IOT,2025-12-04 20:46:07,0.7839181286549706,40.91,4.87055,1.5191724737207497,5220088.0,23467393024.0
LEU,2025-12-04 20:46:07,0.7435672514619884,280.77,4.725842,0.7294468161249706,1374787.0,5113392128.0
LITE,2025-12-04 20:46:07,0.8254385964912281,327.377,8.050275,0.7905588792812567,4202446.0,23215153152.0
META,2025-12-04 20:46:07,0.8038011695906432,660.649,3.290965,1.5794885898044797,16981085.0,1665184038912.0
MIDD,2025-12-04 20:46:07,0.8298245614035087,125.05,4.295247,1.1882449092752123,692534.0,6337832448.0
MYRG,2025-12-04 20:46:07,0.7997076023391811,231.44,5.3005185,0.812056478162265,246042.0,3592604672.0
NTSK,2025-12-04 20:46:07,0.7562865497076023,19.635,7.1194777,0.9784939923121608,2878312.0,7502007296.0
OCUL,2025-12-04 20:46:07,0.7850877192982456,12.3,7.3298445,1.695754796470839,2818687.0,2620483840.0
OKLO,2025-12-04 20:46:07,0.8435672514619883,112.0445,16.00011,0.9111208937563414,19606149.0,17506625536.0
PATH,2025-12-04 20:46:07,0.8747076023391812,18.54,24.764477,3.6688909823144873,23443765.0,9919621120.0
PEN,2025-12-04 20:46:07,0.7557017543859649,295.47,3.4160547,0.9496843061548944,440300.0,11571248128.0
PSTG,2025-12-04 20:46:07,0.752046783625731,71.065,3.2171445,2.5513820029930803,3374450.0,23354558464.0
QBTS,2025-12-04 20:46:07,0.7508771929824561,28.34,12.998406,0.8573256527146914,53048331.0,10117997568.0
RGC,2025-12-04 20:46:07,0.9431286549707604,16.26,24.980783,5.871231315623513,180766.0,8040389632.0
RKLB,2025-12-04 20:46:07,0.8293859649122808,49.095,9.783094,1.1080842280234209,21486863.0,26224404480.0
SAIC,2025-12-04 20:46:07,0.9706140350877192,100.885,15.25763,4.52257879012341,525161.0,4728762368.0
SMR,2025-12-04 20:46:07,0.8235380116959065,22.705,12.735852,1.5907673755084588,22751104.0,6421961216.0
SMTC,2025-12-04 20:46:07,0.8206140350877192,79.15,7.745715,0.8447620639665077,1752761.0,7324545536.0
SNDK,2025-12-04 20:46:07,0.875438596491228,212.255,9.199455,1.0375200883380349,10858290.0,31106646016.0
TTMI,2025-12-04 20:46:07,0.8264619883040936,72.02,7.878961,0.8906841157956276,2434047.0,7441878528.0
USAR,2025-12-04 20:46:07,0.8536549707602339,17.4201,24.251774,1.531567969556857,13840358.0,2424504320.0
VKTX,2025-12-04 20:46:07,0.8135964912280702,38.96,10.025414,0.9366689759744844,4590120.0,4403895808.0
ALK,2025-12-04 20:57:26,0.7745070422535211,47.27,4.187793,1.8075895831186493,3444985.0,5482781696.0
ASND,2025-12-04 20:57:26,0.7826760563380281,208.0,3.7406483,1.0595264966008229,482911.0,12708416512.0
ASTS,2025-12-04 20:57:26,0.909014084507042,72.6,18.164062,1.7651525339406966,12864350.0,26673334272.0
AVAV,2025-12-04 20:57:26,0.790281690140845,286.605,5.454784,0.828225715255004,1078846.0,14310828032.0
BAH,2025-12-04 20:57:26,0.8615492957746479,87.6,6.194691,1.3418822345625916,2108887.0,10796584960.0
BAP,2025-12-04 20:57:26,0.9064788732394364,277.46,5.433952,1.890718651128972,305322.0,22020978688.0
BBAI,2025-12-04 20:57:26,0.7492957746478872,7.0312,15.265574,1.3777225036740572,119282300.0,3069478912.0
BE,2025-12-04 20:57:26,0.8869014084507043,118.52,15.634603,1.1762670034644938,15199623.0,28031254528.0
CHKP,2025-12-04 20:57:26,0.7842253521126761,195.11,2.0961812,7.4327603665766,786084.0,20945979392.0
CM,2025-12-04 20:57:26,0.841830985915493,90.54,4.260715,1.920400867142616,912422.0,84163051520.0
COHR,2025-12-04 20:57:26,0.8349295774647887,178.27,4.275852,1.4312243855873208,4126339.0,28015775744.0
CRM,2025-12-04 20:57:26,0.8461971830985915,248.78,4.214141,2.035528136146112,8470723.0,237833682944.0
CRWV,2025-12-04 20:57:26,0.7752112676056337,85.82,8.14012,0.8934226202725022,30202103.0,42765606912.0
DCI,2025-12-04 20:57:26,0.8790140845070422,94.18,7.511418,1.2117431635056806,613838.0,10973848576.0
DG,2025-12-04 20:57:26,0.9561971830985916,124.51,13.304215,4.163995755271788,3025871.0,27405402112.0
DNLI,2025-12-04 20:57:26,0.7704225352112675,20.145,6.026318,1.231686898403196,1752939.0,2954502912.0
DOOO,2025-12-04 20:57:26,0.9130985915492956,75.1,6.1184144,6.396597493635972,183453.0,5493475328.0
DSGX,2025-12-04 20:57:26,0.9576056338028168,94.88,14.368367,2.867005070528452,542547.0,8153562112.0
EOSE,2025-12-04 20:57:26,0.7783098591549296,15.605,15.166047,1.1340394135390677,23702312.0,5057551872.0
FIVE,2025-12-04 20:57:26,0.8016901408450704,168.305,3.1596684,3.110667865033171,1248366.0,9281256448.0
FIX,2025-12-04 20:57:26,0.8254929577464788,1005.4,5.9096217,0.8858665196406298,442552.0,35471974400.0
FLNC,2025-12-04 20:57:26,0.8392957746478873,23.29,17.329977,1.16438512523152,7841117.0,4259010816.0
FLY,2025-12-04 20:57:26,0.7804225352112675,20.18,8.787068,1.032960715300938,2036849.0,3213687552.0
GEV,2025-12-04 20:57:26,0.8329577464788732,628.955,4.4827895,1.0471110298034012,2962682.0,171216617472.0
IDYA,2025-12-04 20:57:26,0.7580281690140845,35.98,4.7757697,1.0635184082730205,1195984.0,3154237440.0
IMCR,2025-12-04 20:57:26,0.8191549295774647,40.275,6.320096,1.1046100430785055,311060.0,2035112704.0
INSP,2025-12-04 20:57:26,0.8140845070422535,142.225,5.547314,0.9563816332228868,1264261.0,4206207232.0
IONQ,2025-12-04 20:57:26,0.7936619718309859,54.7,12.435764,0.9616320340535908,30272285.0,19379093504.0
IOT,2025-12-04 20:57:26,0.772112676056338,40.74,4.434769,1.7154243376740008,5220088.0,23369875456.0
LITE,2025-12-04 20:57:26,0.8207042253521127,328.19,8.320678,0.8326310439206119,4202446.0,23272804352.0
META,2025-12-04 20:57:26,0.8080281690140845,661.33,3.3974426,1.6237076135005508,16981085.0,1666900557824.0
MIDD,2025-12-04 20:57:26,0.853943661971831,125.9,5.00417,1.30078378823278,692534.0,6380912128.0
MKTX,2025-12-04 20:57:26,0.7516901408450705,167.25,4.7210526,0.8012006180696571,844565.0,6249091072.0
MYRG,2025-12-04 20:57:26,0.7987323943661971,230.61,4.9228845,0.8892099722811553,246042.0,3579720704.0
NTSK,2025-12-04 20:57:26,0.7567605633802817,19.6835,7.385482,1.0448641425946874,2878312.0,7520537600.0
OCUL,2025-12-04 20:57:26,0.7947887323943662,12.399,8.193004,1.8901460147934128,2818687.0,2641575680.0
OKLO,2025-12-04 20:57:26,0.8336619718309859,111.9326,15.884259,0.9394928091182008,19606149.0,17489141760.0
PATH,2025-12-04 20:57:26,0.8746478873239436,18.545,24.798119,3.790493293206104,23443765.0,9922295808.0
PEN,2025-12-04 20:57:26,0.7433802816901408,294.785,3.176302,1.027163297751533,440300.0,11544422400.0
PSTG,2025-12-04 20:57:26,0.8364788732394365,71.99,4.5609694,2.803688897449955,3374450.0,23658547200.0
QBTS,2025-12-04 20:57:26,0.7454929577464788,28.545,13.815789,0.881758937901364,53048331.0,10191186944.0
RGC,2025-12-04 20:57:26,0.9409859154929576,16.22,24.67332,5.986429970237766,180766.0,8020609536.0
RKLB,2025-12-04 20:57:26,0.8314084507042254,49.45,10.576921,1.1705378304874006,21486863.0,26414030848.0
SAIC,2025-12-04 20:57:26,0.974225352112676,101.63,16.10876,4.806984905581336,525161.0,4763682304.0
SMR,2025-12-04 20:57:26,0.8207042253521126,22.62,12.313811,1.6540244816251557,22751104.0,6397919744.0
SMTC,2025-12-04 20:57:26,0.8125352112676056,78.38,6.6975203,0.9519221388426602,1752761.0,7253289472.0
SNDK,2025-12-04 20:57:26,0.8738028169014085,213.48,9.826109,1.0705954620847298,10858290.0,31286173696.0
TTMI,2025-12-04 20:57:26,0.8414084507042253,72.65,8.822647,0.9969585632487786,2434047.0,7506977792.0
USAR,2025-12-04 20:57:26,0.8514084507042253,17.425,24.286724,1.6018600819429671,13840358.0,2425186304.0
VKTX,2025-12-04 20:57:26,0.8001408450704225,38.66,9.178198,0.9830390055161956,4590120.0,4369985024.0
ALK,2025-12-04 21:21:45,0.7863509749303621,47.32,4.298,2.0804888845669867,3444985.0,5488581120.0
ASND,2025-12-04 21:21:45,0.8214484679665739,208.58,4.0299263,1.363356809018639,482911.0,12743853056.0
ASTS,2025-12-04 21:21:45,0.9103064066852368,72.65,18.24545,1.889592245235865,12864350.0,26691706880.0
AVAV,2025-12-04 21:21:45,0.7927576601671309,287.45,5.765698,0.9570355731958036,1078846.0,14353020928.0
BAH,2025-12-04 21:21:45,0.8629526462395543,87.65,6.25531,1.4517349673073996,2108887.0,10802747392.0
BAP,2025-12-04 21:21:45,0.9068245125348188,277.65,5.50615,1.981396689396768,305322.0,22036058112.0
BE,2025-12-04 21:21:45,0.8760445682451253,118.09,15.2098,1.2333440770208577,15199623.0,27929552896.0
BEAM,2025-12-04 21:21:45,0.755849582172702,28.91,8.115184,1.013676900913157,2493328.0,2933640704.0
CAI,2025-12-04 21:21:45,0.7576601671309192,28.32,3.9647574,2.091243204594023,1247534.0,7990400512.0
CBZ,2025-12-04 21:21:45,0.7449860724233984,53.57,4.18126,1.1583502158345775,675749.0,2914284288.0
CHKP,2025-12-04 21:21:45,0.79025069637883,195.83,2.4751415,7.776551869774732,786084.0,21023275008.0
CM,2025-12-04 21:21:45,0.8456824512534818,90.58,4.30678,2.176415079864361,912422.0,84200235008.0
COHR,2025-12-04 21:21:45,0.8073816155988857,177.35,3.73772,1.5910966113060512,4126339.0,27871195136.0
CRM,2025-12-04 21:21:45,0.8246518105849583,247.46,3.6612,2.351588760487151,8470723.0,236571770880.0
CRWV,2025-12-04 21:21:45,0.7509749303621169,85.75,8.051915,0.9623606674012072,30202103.0,42730725376.0
DCI,2025-12-04 21:21:45,0.887325905292479,94.16,7.48859,1.4236704146696686,613838.0,10971517952.0
DG,2025-12-04 21:21:45,0.9586350974930362,125.29,14.014016,4.638967424586177,3025871.0,27577085952.0
DNLI,2025-12-04 21:21:45,0.7664345403899722,20.11,5.8421087,1.3923251179875626,1752939.0,2949369600.0
DOOO,2025-12-04 21:21:45,0.918802228412256,75.29,6.3868933,6.660954031822865,183453.0,5507373568.0
DSGX,2025-12-04 21:21:45,0.9597493036211698,94.87,14.356321,3.1511574112473206,542547.0,8152702976.0
EOSE,2025-12-04 21:21:45,0.7600278551532034,15.59,15.055349,1.173933454255433,23702312.0,5052690432.0
FIVE,2025-12-04 21:21:45,0.8105849582172702,168.42,3.230159,3.389427459575157,1248366.0,9287599104.0
FIX,2025-12-04 21:21:45,0.8206128133704734,1004.65,5.83062,0.9966218659050236,442552.0,35445510144.0
FLNC,2025-12-04 21:21:45,0.8376044568245125,23.34,17.581861,1.2866183478705904,7841117.0,4268154112.0
FLY,2025-12-04 21:21:45,0.773816155988858,20.22,9.002696,1.1114711988959418,2036849.0,3220057600.0
GEV,2025-12-04 21:21:45,0.8104456824512536,629.11,4.50853,1.100475177558712,2962682.0,171258789888.0
IDYA,2025-12-04 21:21:45,0.7660167130919219,36.01,4.863128,1.218067298559178,1195984.0,3156867328.0
IMCR,2025-12-04 21:21:45,0.8068245125348189,40.215,6.1642003,1.1828746865556483,311060.0,2032080896.0
INSP,2025-12-04 21:21:45,0.7527855153203342,140.03,3.91837,1.087094357889708,1264261.0,4141291520.0
IONQ,2025-12-04 21:21:45,0.7674094707520891,54.76,12.5591,0.9860664961366478,30272285.0,19400349696.0
IOT,2025-12-04 21:21:45,0.7768802228412257,40.71,4.35786,2.088988921259565,5220088.0,23352664064.0
LITE,2025-12-04 21:21:45,0.8324512534818941,327.85,8.208461,0.995673947981723,4202446.0,23248693248.0
MASI,2025-12-04 21:21:45,0.7447075208913648,142.26,3.0197685,1.4155032671394734,720661.0,7641346048.0
META,2025-12-04 21:21:45,0.8153203342618385,661.53,3.428714,1.744646057657682,16981085.0,1667404660736.0
MIDD,2025-12-04 21:21:45,0.8625348189415041,125.86,4.9708085,1.532840264882302,692534.0,6378885120.0
MKTX,2025-12-04 21:21:45,0.7622562674094708,167.25,4.7210526,0.9585253947298312,844565.0,6249091072.0
MYRG,2025-12-04 21:21:45,0.8002785515320334,230.23,4.74999,1.0428097641866023,246042.0,3573821952.0
OCUL,2025-12-04 21:21:45,0.7977715877437326,12.43,8.464226,2.0466607324616035,2818687.0,2648180224.0
OKLO,2025-12-04 21:21:45,0.8036211699164345,111.65,15.5917,0.9744829032973278,19606149.0,17444984832.0
PATH,2025-12-04 21:21:45,0.8727019498607242,18.48,24.3607,3.9051424547209033,23443765.0,9887517696.0
PSTG,2025-12-04 21:21:45,0.8522284122562673,72.2,4.86565,2.9880433848479013,3374450.0,23727560704.0
RGC,2025-12-04 21:21:45,0.9371866295264624,16.0,22.982319,6.163028445614772,180766.0,7911822336.0
RKLB,2025-12-04 21:21:45,0.8245125348189415,49.37,10.398026,1.27108722199234,21486863.0,26371297280.0
SAIC,2025-12-04 21:21:45,0.9746518105849582,101.79,16.291561,5.308956681855659,525161.0,4771182080.0
SMR,2025-12-04 21:21:45,0.8288300835654596,22.85,13.455814,1.820356234141429,22751104.0,6462973952.0
SMTC,2025-12-04 21:21:45,0.825208913649025,78.28,6.5613933,1.131792069768782,1752761.0,7244035584.0
SNDK,2025-12-04 21:21:45,0.855849582172702,213.31,9.738652,1.1157163789141753,10858290.0,31261259776.0
TTMI,2025-12-04 21:21:45,0.8520891364902506,72.84,9.107241,1.1668952982419811,2434047.0,7526609920.0
USAR,2025-12-04 21:21:45,0.8550139275766017,17.48,24.679024,1.6545730970253805,13840358.0,2432841216.0
VKTX,2025-12-04 21:21:45,0.7874651810584958,38.57,8.924032,1.0843398429670683,4590120.0,4359811584.0
ALK,2025-12-04 21:41:20,0.7866295264623955,47.32,4.298,2.0804888845669867,3444985.0,5488581120.0
ASND,2025-12-04 21:41:20,0.8214484679665739,208.58,4.0299263,1.363356809018639,482911.0,12743853056.0
ASTS,2025-12-04 21:41:20,0.9100278551532032,72.65,18.24545,1.889592245235865,12864350.0,26691706880.0
AVAV,2025-12-04 21:41:20,0.7937325905292479,287.45,5.765698,0.9570355731958036,1078846.0,14353020928.0
BAH,2025-12-04 21:41:20,0.8629526462395543,87.65,6.25531,1.4517349673073996,2108887.0,10802747392.0
BAP,2025-12-04 21:41:20,0.9068245125348188,277.65,5.50615,1.981396689396768,305322.0,22036058112.0
BE,2025-12-04 21:41:20,0.8763231197771587,118.09,15.2098,1.2333440770208577,15199623.0,27929552896.0
BEAM,2025-12-04 21:41:20,0.7551532033426184,28.91,8.115184,1.013676900913157,2493328.0,2933640704.0
CAI,2025-12-04 21:41:20,0.7582172701949861,28.32,3.9647574,2.091243204594023,1247534.0,7990400512.0
CBZ,2025-12-04 21:41:20,0.7459610027855154,53.57,4.18126,1.1583502158345775,675749.0,2914284288.0
CHKP,2025-12-04 21:41:20,0.79025069637883,195.83,2.4751415,7.776551869774732,786084.0,21023275008.0
CM,2025-12-04 21:41:20,0.8456824512534818,90.58,4.30678,2.176415079864361,912422.0,84200235008.0
COHR,2025-12-04 21:41:20,0.8073816155988857,177.35,3.73772,1.5910966113060512,4126339.0,27871195136.0
CRM,2025-12-04 21:41:20,0.8246518105849583,247.46,3.6612,2.351588760487151,8470723.0,236571770880.0
CRWV,2025-12-04 21:41:20,0.7509749303621169,85.75,8.051915,0.9623606674012072,30202103.0,42730725376.0
DCI,2025-12-04 21:41:20,0.887325905292479,94.16,7.48859,1.4236704146696686,613838.0,10971517952.0
DG,2025-12-04 21:41:20,0.9586350974930362,125.29,14.014,4.424285437151815,3025871.0,27577085952.0
DNLI,2025-12-04 21:41:20,0.7672701949860724,20.11,5.8421087,1.3923251179875626,1752939.0,2949369600.0
DOOO,2025-12-04 21:41:20,0.918802228412256,75.29,6.3868933,6.660954031822865,183453.0,5507373568.0
DSGX,2025-12-04 21:41:20,0.9597493036211698,94.87,14.356321,3.1511574112473206,542547.0,8152702976.0
EOSE,2025-12-04 21:41:20,0.7610027855153203,15.59,15.055349,1.173933454255433,23702312.0,5052690432.0
FIVE,2025-12-04 21:41:20,0.8105849582172702,168.42,3.230159,3.389427459575157,1248366.0,9287599104.0
FIX,2025-12-04 21:41:20,0.8196378830083565,1004.65,5.83062,0.9966218659050236,442552.0,35445510144.0
FLNC,2025-12-04 21:41:20,0.8376044568245125,23.34,17.581861,1.2866183478705904,7841117.0,4268154112.0
FLY,2025-12-04 21:41:20,0.7740947075208914,20.22,9.002696,1.1114711988959418,2036849.0,3220057600.0
GEV,2025-12-04 21:41:20,0.8104456824512536,629.11,4.50853,1.100475177558712,2962682.0,171258789888.0
IDYA,2025-12-04 21:41:20,0.7660167130919219,36.01,4.863128,1.218067298559178,1195984.0,3156867328.0
IMCR,2025-12-04 21:41:20,0.807799442896936,40.215,6.1642003,1.1828746865556483,311060.0,2032080896.0
INSP,2025-12-04 21:41:20,0.7527855153203342,140.03,3.91837,1.087094357889708,1264261.0,4141291520.0
IONQ,2025-12-04 21:41:20,0.766434540389972,54.76,12.5591,0.9860664961366478,30272285.0,19400349696.0
IOT,2025-12-04 21:41:20,0.7771587743732591,40.71,4.35786,2.088988921259565,5220088.0,23352664064.0
LITE,2025-12-04 21:41:20,0.8314763231197771,327.85,8.208461,0.995673947981723,4202446.0,23248693248.0
MASI,2025-12-04 21:41:20,0.7447075208913648,142.26,3.0197685,1.4155032671394734,720661.0,7641346048.0
META,2025-12-04 21:41:20,0.8153203342618385,661.53,3.428714,1.744646057657682,16981085.0,1667404660736.0
MIDD,2025-12-04 21:41:20,0.8625348189415041,125.86,4.9708085,1.532840264882302,692534.0,6378885120.0
MKTX,2025-12-04 21:41:20,0.7632311977715878,167.25,4.7210526,0.9585253947298312,844565.0,6249091072.0
MYRG,2025-12-04 21:41:20,0.7993036211699164,230.23,4.74999,1.0428097641866023,246042.0,3573821952.0
OCUL,2025-12-04 21:41:20,0.7980501392757661,12.43,8.464226,2.0466607324616035,2818687.0,2648180224.0
OKLO,2025-12-04 21:41:20,0.803342618384401,111.65,15.5917,0.9744829032973278,19606149.0,17444984832.0
PATH,2025-12-04 21:41:20,0.8727019498607242,18.48,24.3607,3.9051424547209033,23443765.0,9887517696.0
PSTG,2025-12-04 21:41:20,0.8522284122562673,72.2,4.86565,2.9880433848479013,3374450.0,23727560704.0
RGC,2025-12-04 21:41:20,0.9371866295264624,16.0,22.982319,6.163028445614772,180766.0,7911822336.0
RKLB,2025-12-04 21:41:20,0.8245125348189415,49.37,10.398026,1.27108722199234,21486863.0,26371297280.0
SAIC,2025-12-04 21:41:20,0.9746518105849582,101.79,16.291561,5.308956681855659,525161.0,4771182080.0
SMR,2025-12-04 21:41:20,0.8298050139275766,22.85,13.4558,1.8318946192677068,22751104.0,6462973952.0
SMTC,2025-12-04 21:41:20,0.825208913649025,78.28,6.5613933,1.131792069768782,1752761.0,7244035584.0
SNDK,2025-12-04 21:41:20,0.8561281337047354,213.31,9.738652,1.1157163789141753,10858290.0,31261259776.0
TTMI,2025-12-04 21:41:20,0.8530640668523677,72.84,9.107241,1.1668952982419811,2434047.0,7526609920.0
USAR,2025-12-04 21:41:20,0.8550139275766017,17.48,24.679024,1.6545730970253805,13840358.0,2432841216.0
VKTX,2025-12-04 21:41:20,0.7877437325905292,38.57,8.924032,1.0843398429670683,4590120.0,4359811584.0
ALK,2025-12-04 21:50:52,0.7863509749303621,47.32,4.298,2.0804888845669867,3444985.0,5488581120.0
ASND,2025-12-04 21:50:52,0.8214484679665739,208.58,4.0299263,1.363356809018639,482911.0,12743853056.0
ASTS,2025-12-04 21:50:52,0.9103064066852368,72.65,18.24545,1.889592245235865,12864350.0,26691706880.0
AVAV,2025-12-04 21:50:52,0.7947075208913649,287.45,5.765698,0.9570355731958036,1078846.0,14353020928.0
BAH,2025-12-04 21:50:52,0.8629526462395543,87.65,6.25531,1.4517349673073996,2108887.0,10802747392.0
BAP,2025-12-04 21:50:52,0.9068245125348188,277.65,5.50615,1.981396689396768,305322.0,22036058112.0
BE,2025-12-04 21:50:52,0.8760445682451253,118.09,15.2098,1.2333440770208577,15199623.0,27929552896.0
BEAM,2025-12-04 21:50:52,0.755849582172702,28.91,8.115184,1.013676900913157,2493328.0,2933640704.0
CAI,2025-12-04 21:50:52,0.7576601671309192,28.32,3.9647574,2.091243204594023,1247534.0,7990400512.0
CBZ,2025-12-04 21:50:52,0.7459610027855154,53.57,4.18126,1.1583502158345775,675749.0,2914284288.0
CHKP,2025-12-04 21:50:52,0.79025069637883,195.83,2.4751415,7.776551869774732,786084.0,21023275008.0
CM,2025-12-04 21:50:52,0.8456824512534818,90.58,4.30678,2.176415079864361,912422.0,84200235008.0
COHR,2025-12-04 21:50:52,0.8073816155988857,177.35,3.73772,1.5910966113060512,4126339.0,27871195136.0
CRM,2025-12-04 21:50:52,0.8246518105849583,247.46,3.6612,2.351588760487151,8470723.0,236571770880.0
CRWV,2025-12-04 21:50:52,0.7519498607242339,85.75,8.051915,0.9623606674012072,30202103.0,42730725376.0
DCI,2025-12-04 21:50:52,0.887325905292479,94.16,7.48859,1.4236704146696686,613838.0,10971517952.0
DG,2025-12-04 21:50:52,0.9586350974930362,125.29,14.014,4.424285437151815,3025871.0,27577085952.0
DNLI,2025-12-04 21:50:52,0.7664345403899722,20.11,5.8421087,1.3923251179875626,1752939.0,2949369600.0
DOOO,2025-12-04 21:50:52,0.918802228412256,75.29,6.3868933,6.660954031822865,183453.0,5507373568.0
DSGX,2025-12-04 21:50:52,0.9597493036211698,94.87,14.356321,3.1511574112473206,542547.0,8152702976.0
EOSE,2025-12-04 21:50:52,0.7610027855153203,15.59,15.055349,1.173933454255433,23702312.0,5052690432.0
FIVE,2025-12-04 21:50:52,0.8105849582172702,168.42,3.230159,3.389427459575157,1248366.0,9287599104.0
FIX,2025-12-04 21:50:52,0.8206128133704734,1004.65,5.83062,0.9966218659050236,442552.0,35445510144.0
FLNC,2025-12-04 21:50:52,0.8376044568245125,23.34,17.581861,1.2866183478705904,7841117.0,4268154112.0
FLY,2025-12-04 21:50:52,0.7747910863509749,20.22,9.002696,1.1114711988959418,2036849.0,3220057600.0
GEV,2025-12-04 21:50:52,0.8114206128133705,629.11,4.50853,1.100475177558712,2962682.0,171258789888.0
IDYA,2025-12-04 21:50:52,0.7660167130919219,36.01,4.863128,1.218067298559178,1195984.0,3156867328.0
IMCR,2025-12-04 21:50:52,0.807799442896936,40.215,6.1642003,1.1828746865556483,311060.0,2032080896.0
INSP,2025-12-04 21:50:52,0.7537604456824513,140.03,3.91837,1.087094357889708,1264261.0,4141291520.0
IONQ,2025-12-04 21:50:52,0.7674094707520891,54.76,12.5591,0.9860664961366478,30272285.0,19400349696.0
IOT,2025-12-04 21:50:52,0.7768802228412257,40.71,4.35786,2.088988921259565,5220088.0,23352664064.0
LITE,2025-12-04 21:50:52,0.8324512534818941,327.85,8.208461,0.995673947981723,4202446.0,23248693248.0
META,2025-12-04 21:50:52,0.8153203342618385,661.53,3.428714,1.744646057657682,16981085.0,1667404660736.0
MIDD,2025-12-04 21:50:52,0.8625348189415041,125.86,4.9708085,1.532840264882302,692534.0,6378885120.0
MKTX,2025-12-04 21:50:52,0.7642061281337047,167.25,4.7210526,0.9585253947298312,844565.0,6249091072.0
MYRG,2025-12-04 21:50:52,0.8002785515320334,230.23,4.74999,1.0428097641866023,246042.0,3573821952.0
NTSK,2025-12-04 21:50:52,0.7455431754874651,19.68,7.364978,1.1267972339343335,2878312.0,7519200256.0
OCUL,2025-12-04 21:50:52,0.7977715877437326,12.43,8.464226,2.0466607324616035,2818687.0,2648180224.0
OKLO,2025-12-04 21:50:52,0.8045961002785516,111.65,15.5917,0.9744829032973278,19606149.0,17444984832.0
PATH,2025-12-04 21:50:52,0.8727019498607242,18.48,24.3607,3.9051424547209033,23443765.0,9887517696.0
PSTG,2025-12-04 21:50:52,0.8522284122562673,72.2,4.86565,2.9880433848479013,3374450.0,23727560704.0
RGC,2025-12-04 21:50:52,0.9371866295264624,16.0,22.982319,6.163028445614772,180766.0,7911822336.0
RKLB,2025-12-04 21:50:52,0.8245125348189415,49.37,10.398026,1.27108722199234,21486863.0,26371297280.0
SAIC,2025-12-04 21:50:52,0.9746518105849582,101.79,16.291561,5.308956681855659,525161.0,4771182080.0
SMR,2025-12-04 21:50:52,0.8298050139275766,22.85,13.4558,1.8318946192677068,22751104.0,6462973952.0
SMTC,2025-12-04 21:50:52,0.826183844011142,78.28,6.5613933,1.131792069768782,1752761.0,7244035584.0
SNDK,2025-12-04 21:50:52,0.856824512534819,213.31,9.738652,1.1157163789141753,10858290.0,31261259776.0
TTMI,2025-12-04 21:50:52,0.8530640668523677,72.84,9.107241,1.1668952982419811,2434047.0,7526609920.0
USAR,2025-12-04 21:50:52,0.8550139275766017,17.48,24.679024,1.6545730970253805,13840358.0,2432841216.0
VKTX,2025-12-04 21:50:52,0.7884401114206129,38.57,8.924032,1.0843398429670683,4590120.0,4359811584.0
ALK,2025-12-04 21:50:53,0.7863509749303621,47.32,4.298,2.0804888845669867,3444985.0,5488581120.0
ASND,2025-12-04 21:50:53,0.8214484679665739,208.58,4.0299263,1.363356809018639,482911.0,12743853056.0
ASTS,2025-12-04 21:50:53,0.9103064066852368,72.65,18.24545,1.889592245235865,12864350.0,26691706880.0
AVAV,2025-12-04 21:50:53,0.7947075208913649,287.45,5.765698,0.9570355731958036,1078846.0,14353020928.0
BAH,2025-12-04 21:50:53,0.8629526462395543,87.65,6.25531,1.4517349673073996,2108887.0,10802747392.0
BAP,2025-12-04 21:50:53,0.9068245125348188,277.65,5.50615,1.981396689396768,305322.0,22036058112.0
BE,2025-12-04 21:50:53,0.8760445682451253,118.09,15.2098,1.2333440770208577,15199623.0,27929552896.0
BEAM,2025-12-04 21:50:53,0.755849582172702,28.91,8.115184,1.013676900913157,2493328.0,2933640704.0
CAI,2025-12-04 21:50:53,0.7576601671309192,28.32,3.9647574,2.091243204594023,1247534.0,7990400512.0
CBZ,2025-12-04 21:50:53,0.7459610027855154,53.57,4.18126,1.1583502158345775,675749.0,2914284288.0
CHKP,2025-12-04 21:50:53,0.79025069637883,195.83,2.4751415,7.776551869774732,786084.0,21023275008.0
CM,2025-12-04 21:50:53,0.8456824512534818,90.58,4.30678,2.176415079864361,912422.0,84200235008.0
COHR,2025-12-04 21:50:53,0.8073816155988857,177.35,3.73772,1.5910966113060512,4126339.0,27871195136.0
CRM,2025-12-04 21:50:53,0.8246518105849583,247.46,3.6612,2.351588760487151,8470723.0,236571770880.0
CRWV,2025-12-04 21:50:53,0.7519498607242339,85.75,8.051915,0.9623606674012072,30202103.0,42730725376.0
DCI,2025-12-04 21:50:53,0.887325905292479,94.16,7.48859,1.4236704146696686,613838.0,10971517952.0
DG,2025-12-04 21:50:53,0.9586350974930362,125.29,14.014,4.424285437151815,3025871.0,27577085952.0
DNLI,2025-12-04 21:50:53,0.7664345403899722,20.11,5.8421087,1.3923251179875626,1752939.0,2949369600.0
DOOO,2025-12-04 21:50:53,0.918802228412256,75.29,6.3868933,6.660954031822865,183453.0,5507373568.0
DSGX,2025-12-04 21:50:53,0.9597493036211698,94.87,14.356321,3.1511574112473206,542547.0,8152702976.0
EOSE,2025-12-04 21:50:53,0.7610027855153203,15.59,15.055349,1.173933454255433,23702312.0,5052690432.0
FIVE,2025-12-04 21:50:53,0.8105849582172702,168.42,3.230159,3.389427459575157,1248366.0,9287599104.0
FIX,2025-12-04 21:50:53,0.8206128133704734,1004.65,5.83062,0.9966218659050236,442552.0,35445510144.0
FLNC,2025-12-04 21:50:53,0.8376044568245125,23.34,17.581861,1.2866183478705904,7841117.0,4268154112.0
FLY,2025-12-04 21:50:53,0.7747910863509749,20.22,9.002696,1.1114711988959418,2036849.0,3220057600.0
GEV,2025-12-04 21:50:53,0.8114206128133705,629.11,4.50853,1.100475177558712,2962682.0,171258789888.0
IDYA,2025-12-04 21:50:53,0.7660167130919219,36.01,4.863128,1.218067298559178,1195984.0,3156867328.0
IMCR,2025-12-04 21:50:53,0.807799442896936,40.215,6.1642003,1.1828746865556483,311060.0,2032080896.0
INSP,2025-12-04 21:50:53,0.7537604456824513,140.03,3.91837,1.087094357889708,1264261.0,4141291520.0
IONQ,2025-12-04 21:50:53,0.7674094707520891,54.76,12.5591,0.9860664961366478,30272285.0,19400349696.0
IOT,2025-12-04 21:50:53,0.7768802228412257,40.71,4.35786,2.088988921259565,5220088.0,23352664064.0
LITE,2025-12-04 21:50:53,0.8324512534818941,327.85,8.208461,0.995673947981723,4202446.0,23248693248.0
META,2025-12-04 21:50:53,0.8153203342618385,661.53,3.428714,1.744646057657682,16981085.0,1667404660736.0
MIDD,2025-12-04 21:50:53,0.8625348189415041,125.86,4.9708085,1.532840264882302,692534.0,6378885120.0
MKTX,2025-12-04 21:50:53,0.7642061281337047,167.25,4.7210526,0.9585253947298312,844565.0,6249091072.0
MYRG,2025-12-04 21:50:53,0.8002785515320334,230.23,4.74999,1.0428097641866023,246042.0,3573821952.0
NTSK,2025-12-04 21:50:53,0.7455431754874651,19.68,7.364978,1.1267972339343335,2878312.0,7519200256.0
OCUL,2025-12-04 21:50:53,0.7977715877437326,12.43,8.464226,2.0466607324616035,2818687.0,2648180224.0
OKLO,2025-12-04 21:50:53,0.8045961002785516,111.65,15.5917,0.9744829032973278,19606149.0,17444984832.0
PATH,2025-12-04 21:50:53,0.8727019498607242,18.48,24.3607,3.9051424547209033,23443765.0,9887517696.0
PSTG,2025-12-04 21:50:53,0.8522284122562673,72.2,4.86565,2.9880433848479013,3374450.0,23727560704.0
RGC,2025-12-04 21:50:53,0.9371866295264624,16.0,22.982319,6.163028445614772,180766.0,7911822336.0
RKLB,2025-12-04 21:50:53,0.8245125348189415,49.37,10.398026,1.27108722199234,21486863.0,26371297280.0
SAIC,2025-12-04 21:50:53,0.9746518105849582,101.79,16.291561,5.308956681855659,525161.0,4771182080.0
SMR,2025-12-04 21:50:53,0.8298050139275766,22.85,13.4558,1.8318946192677068,22751104.0,6462973952.0
SMTC,2025-12-04 21:50:53,0.826183844011142,78.28,6.5613933,1.131792069768782,1752761.0,7244035584.0
SNDK,2025-12-04 21:50:53,0.856824512534819,213.31,9.738652,1.1157163789141753,10858290.0,31261259776.0
TTMI,2025-12-04 21:50:53,0.8530640668523677,72.84,9.107241,1.1668952982419811,2434047.0,7526609920.0
USAR,2025-12-04 21:50:53,0.8550139275766017,17.48,24.679024,1.6545730970253805,13840358.0,2432841216.0
VKTX,2025-12-04 21:50:53,0.7884401114206129,38.57,8.924032,1.0843398429670683,4590120.0,4359811584.0
ALK,2025-12-04 22:17:33,0.7859331476323119,47.32,4.298,2.0804888845669867,3444985.0,5488581120.0
ASND,2025-12-04 22:17:33,0.8214484679665739,208.58,4.0299263,1.363356809018639,482911.0,12743853056.0
ASTS,2025-12-04 22:17:33,0.9090529247910862,72.65,18.24545,1.889592245235865,12864350.0,26691706880.0
AVAV,2025-12-04 22:17:33,0.7878830083565459,287.45,5.765698,0.9570355731958036,1078846.0,14353020928.0
BAH,2025-12-04 22:17:33,0.8619777158774373,87.65,6.25531,1.4517349673073996,2108887.0,10802747392.0
BAP,2025-12-04 22:17:33,0.9068245125348188,277.65,5.50615,1.981396689396768,305322.0,22036058112.0
BE,2025-12-04 22:17:33,0.8785515320334263,118.09,15.2098,1.3192125883648562,15199623.0,27929552896.0
BEAM,2025-12-04 22:17:33,0.7778551532033426,28.91,8.115184,1.1122082614080455,2493328.0,2933640704.0
CAI,2025-12-04 22:17:33,0.7569637883008355,28.32,3.9647574,2.091243204594023,1247534.0,7990400512.0
CBZ,2025-12-04 22:17:33,0.7430362116991643,53.57,4.18126,1.1583502158345775,675749.0,2914284288.0
CHKP,2025-12-04 22:17:33,0.79025069637883,195.83,2.4751415,7.776551869774732,786084.0,21023275008.0
CM,2025-12-04 22:17:33,0.8447075208913649,90.58,4.30678,2.176415079864361,912422.0,84200235008.0
COHR,2025-12-04 22:17:33,0.8064066852367687,177.35,3.73772,1.5913159340519525,4126339.0,27871195136.0
CRM,2025-12-04 22:17:33,0.8243732590529249,247.46,3.6612,2.351588760487151,8470723.0,236571770880.0
CRWV,2025-12-04 22:17:33,0.7467966573816156,85.75,8.051915,0.9688346536663356,30202103.0,42730725376.0
DCI,2025-12-04 22:17:33,0.885376044568245,94.16,7.48859,1.4236704146696686,613838.0,10971517952.0
DG,2025-12-04 22:17:33,0.9586350974930362,125.29,14.014,4.424285437151815,3025871.0,27577085952.0
DNLI,2025-12-04 22:17:33,0.7704735376044567,20.11,5.8421087,1.423930325014162,1752939.0,2949369600.0
DOOO,2025-12-04 22:17:33,0.918802228412256,75.29,6.3868933,6.660954031822865,183453.0,5507373568.0
DSGX,2025-12-04 22:17:33,0.9597493036211698,94.87,14.356321,3.1511574112473206,542547.0,8152702976.0
EOSE,2025-12-04 22:17:33,0.7580779944289693,15.59,15.055349,1.173933454255433,23702312.0,5052690432.0
FIVE,2025-12-04 22:17:33,0.8105849582172702,168.42,3.230159,3.398343915165905,1248366.0,9287599104.0
FIX,2025-12-04 22:17:33,0.8137883008356547,1004.65,5.83062,0.9966218659050236,442552.0,35445510144.0
FLNC,2025-12-04 22:17:33,0.8344011142061281,23.34,17.581861,1.3053724360955206,7841117.0,4268154112.0
FLY,2025-12-04 22:17:33,0.76949860724234,20.22,9.002696,1.1114711988959418,2036849.0,3220057600.0
GEV,2025-12-04 22:17:33,0.8396935933147633,629.11,4.50853,1.247157811739498,2962682.0,171258789888.0
IDYA,2025-12-04 22:17:33,0.7628133704735377,36.01,4.863128,1.218067298559178,1195984.0,3156867328.0
IMCR,2025-12-04 22:17:33,0.8048746518105849,40.215,6.1642003,1.1828746865556483,311060.0,2032080896.0
INSP,2025-12-04 22:17:33,0.7479108635097492,140.03,3.91837,1.087094357889708,1264261.0,4141291520.0
IONQ,2025-12-04 22:17:33,0.7610027855153203,54.76,12.5591,0.9860664961366478,30272285.0,19400349696.0
IOT,2025-12-04 22:17:33,0.7764623955431755,40.71,4.35786,2.088988921259565,5220088.0,23352664064.0
LITE,2025-12-04 22:17:33,0.8256267409470752,327.85,8.208461,0.995673947981723,4202446.0,23248693248.0
MASI,2025-12-04 22:17:33,0.7427576601671309,142.26,3.0197685,1.4155032671394734,720661.0,7641346048.0
META,2025-12-04 22:17:33,0.8123955431754875,661.53,3.428714,1.750363065728721,16981085.0,1667404660736.0
MIDD,2025-12-04 22:17:33,0.8615598885793871,125.86,4.9708085,1.532840264882302,692534.0,6378885120.0
MKTX,2025-12-04 22:17:33,0.7573816155988858,167.25,4.7210526,0.9585253947298312,844565.0,6249091072.0
MYRG,2025-12-04 22:17:33,0.7954038997214484,230.23,4.74999,1.0662204013948835,246042.0,3573821952.0
OCUL,2025-12-04 22:17:33,0.7973537604456823,12.43,8.464226,2.0466607324616035,2818687.0,2648180224.0
OKLO,2025-12-04 22:17:33,0.8189415041782729,111.65,15.5917,1.0433029454177871,19606149.0,17444984832.0
PATH,2025-12-04 22:17:33,0.8724233983286908,18.48,24.3607,3.9051424547209033,23443765.0,9887517696.0
PSTG,2025-12-04 22:17:33,0.851949860724234,72.2,4.86565,2.9880433848479013,3374450.0,23727560704.0
RGC,2025-12-04 22:17:33,0.9371866295264624,16.0,22.982319,6.163028445614772,180766.0,7911822336.0
RKLB,2025-12-04 22:17:33,0.8213091922005571,49.37,10.398026,1.27108722199234,21486863.0,26371297280.0
SAIC,2025-12-04 22:17:33,0.9746518105849582,101.79,16.291561,5.308956681855659,525161.0,4771182080.0
SMR,2025-12-04 22:17:33,0.8285515320334262,22.85,13.4558,1.8427107976826087,22751104.0,6462973952.0
SMTC,2025-12-04 22:17:33,0.8213091922005571,78.28,6.5613933,1.131792069768782,1752761.0,7244035584.0
SNDK,2025-12-04 22:17:33,0.8522284122562674,213.31,9.738652,1.1170646575105287,10858290.0,31261259776.0
TTMI,2025-12-04 22:17:33,0.8498607242339833,72.84,9.107241,1.1668952982419811,2434047.0,7526609920.0
USAR,2025-12-04 22:17:33,0.8537604456824512,17.48,24.679024,1.676495290078479,13840358.0,2432841216.0
VKTX,2025-12-04 22:17:33,0.7831476323119777,38.57,8.924032,1.0843398429670683,4590120.0,4359811584.0
ALK,2025-12-04 22:17:34,0.7859331476323119,47.32,4.298,2.0804888845669867,3444985.0,5488581120.0
ASND,2025-12-04 22:17:34,0.8214484679665739,208.58,4.0299263,1.363356809018639,482911.0,12743853056.0
ASTS,2025-12-04 22:17:34,0.9090529247910862,72.65,18.24545,1.889592245235865,12864350.0,26691706880.0
AVAV,2025-12-04 22:17:34,0.7878830083565459,287.45,5.765698,0.9570355731958036,1078846.0,14353020928.0
BAH,2025-12-04 22:17:34,0.8619777158774373,87.65,6.25531,1.4517349673073996,2108887.0,10802747392.0
BAP,2025-12-04 22:17:34,0.9068245125348188,277.65,5.50615,1.981396689396768,305322.0,22036058112.0
BE,2025-12-04 22:17:34,0.8785515320334263,118.09,15.2098,1.3192125883648562,15199623.0,27929552896.0
BEAM,2025-12-04 22:17:34,0.7778551532033426,28.91,8.115184,1.1122082614080455,2493328.0,2933640704.0
CAI,2025-12-04 22:17:34,0.7569637883008355,28.32,3.9647574,2.091243204594023,1247534.0,7990400512.0
CBZ,2025-12-04 22:17:34,0.7430362116991643,53.57,4.18126,1.1583502158345775,675749.0,2914284288.0
CHKP,2025-12-04 22:17:34,0.79025069637883,195.83,2.4751415,7.776551869774732,786084.0,21023275008.0
CM,2025-12-04 22:17:34,0.8447075208913649,90.58,4.30678,2.176415079864361,912422.0,84200235008.0
COHR,2025-12-04 22:17:34,0.8064066852367687,177.35,3.73772,1.5913159340519525,4126339.0,27871195136.0
CRM,2025-12-04 22:17:34,0.8243732590529249,247.46,3.6612,2.351588760487151,8470723.0,236571770880.0
CRWV,2025-12-04 22:17:34,0.7467966573816156,85.75,8.051915,0.9688346536663356,30202103.0,42730725376.0
DCI,2025-12-04 22:17:34,0.885376044568245,94.16,7.48859,1.4236704146696686,613838.0,10971517952.0
DG,2025-12-04 22:17:34,0.9586350974930362,125.29,14.014,4.424285437151815,3025871.0,27577085952.0
DNLI,2025-12-04 22:17:34,0.7704735376044567,20.11,5.8421087,1.423930325014162,1752939.0,2949369600.0
DOOO,2025-12-04 22:17:34,0.918802228412256,75.29,6.3868933,6.660954031822865,183453.0,5507373568.0
DSGX,2025-12-04 22:17:34,0.9597493036211698,94.87,14.356321,3.1511574112473206,542547.0,8152702976.0
EOSE,2025-12-04 22:17:34,0.7580779944289693,15.59,15.055349,1.173933454255433,23702312.0,5052690432.0
FIVE,2025-12-04 22:17:34,0.8105849582172702,168.42,3.230159,3.398343915165905,1248366.0,9287599104.0
FIX,2025-12-04 22:17:34,0.8137883008356547,1004.65,5.83062,0.9966218659050236,442552.0,35445510144.0
FLNC,2025-12-04 22:17:34,0.8344011142061281,23.34,17.581861,1.3053724360955206,7841117.0,4268154112.0
FLY,2025-12-04 22:17:34,0.76949860724234,20.22,9.002696,1.1114711988959418,2036849.0,3220057600.0
GEV,2025-12-04 22:17:34,0.8396935933147633,629.11,4.50853,1.247157811739498,2962682.0,171258789888.0
IDYA,2025-12-04 22:17:34,0.7628133704735377,36.01,4.863128,1.218067298559178,1195984.0,3156867328.0
IMCR,2025-12-04 22:17:34,0.8048746518105849,40.215,6.1642003,1.1828746865556483,311060.0,2032080896.0
INSP,2025-12-04 22:17:34,0.7479108635097492,140.03,3.91837,1.087094357889708,1264261.0,4141291520.0
IONQ,2025-12-04 22:17:34,0.7610027855153203,54.76,12.5591,0.9860664961366478,30272285.0,19400349696.0
IOT,2025-12-04 22:17:34,0.7764623955431755,40.71,4.35786,2.088988921259565,5220088.0,23352664064.0
LITE,2025-12-04 22:17:34,0.8256267409470752,327.85,8.208461,0.995673947981723,4202446.0,23248693248.0
MASI,2025-12-04 22:17:34,0.7427576601671309,142.26,3.0197685,1.4155032671394734,720661.0,7641346048.0
META,2025-12-04 22:17:34,0.8123955431754875,661.53,3.428714,1.750363065728721,16981085.0,1667404660736.0
MIDD,2025-12-04 22:17:34,0.8615598885793871,125.86,4.9708085,1.532840264882302,692534.0,6378885120.0
MKTX,2025-12-04 22:17:34,0.7573816155988858,167.25,4.7210526,0.9585253947298312,844565.0,6249091072.0
MYRG,2025-12-04 22:17:34,0.7954038997214484,230.23,4.74999,1.0662204013948835,246042.0,3573821952.0
OCUL,2025-12-04 22:17:34,0.7973537604456823,12.43,8.464226,2.0466607324616035,2818687.0,2648180224.0
OKLO,2025-12-04 22:17:34,0.8189415041782729,111.65,15.5917,1.0433029454177871,19606149.0,17444984832.0
PATH,2025-12-04 22:17:34,0.8724233983286908,18.48,24.3607,3.9051424547209033,23443765.0,9887517696.0
PSTG,2025-12-04 22:17:34,0.851949860724234,72.2,4.86565,2.9880433848479013,3374450.0,23727560704.0
RGC,2025-12-04 22:17:34,0.9371866295264624,16.0,22.982319,6.163028445614772,180766.0,7911822336.0
RKLB,2025-12-04 22:17:34,0.8213091922005571,49.37,10.398026,1.27108722199234,21486863.0,26371297280.0
SAIC,2025-12-04 22:17:34,0.9746518105849582,101.79,16.291561,5.308956681855659,525161.0,4771182080.0
SMR,2025-12-04 22:17:34,0.8285515320334262,22.85,13.4558,1.8427107976826087,22751104.0,6462973952.0
SMTC,2025-12-04 22:17:34,0.8213091922005571,78.28,6.5613933,1.131792069768782,1752761.0,7244035584.0
SNDK,2025-12-04 22:17:34,0.8522284122562674,213.31,9.738652,1.1170646575105287,10858290.0,31261259776.0
TTMI,2025-12-04 22:17:34,0.8498607242339833,72.84,9.107241,1.1668952982419811,2434047.0,7526609920.0
USAR,2025-12-04 22:17:34,0.8537604456824512,17.48,24.679024,1.676495290078479,13840358.0,2432841216.0
VKTX,2025-12-04 22:17:34,0.7831476323119777,38.57,8.924032,1.0843398429670683,4590120.0,4359811584.0
ALK,2025-12-04 22:42:28,0.7859331476323119,47.32,4.298,2.0804888845669867,3444985.0,5488581120.0
ASND,2025-12-04 22:42:28,0.8214484679665739,208.58,4.0299263,1.363356809018639,482911.0,12743853056.0
ASTS,2025-12-04 22:42:28,0.9090529247910862,72.65,18.24545,1.889592245235865,12864350.0,26691706880.0
AVAV,2025-12-04 22:42:28,0.7878830083565459,287.45,5.765698,0.9570355731958036,1078846.0,14353020928.0
BAH,2025-12-04 22:42:28,0.8619777158774373,87.65,6.25531,1.4517349673073996,2108887.0,10802747392.0
BAP,2025-12-04 22:42:28,0.9068245125348188,277.65,5.50615,1.981396689396768,305322.0,22036058112.0
BE,2025-12-04 22:42:28,0.8785515320334263,118.09,15.2098,1.3192125883648562,15199623.0,27929552896.0
BEAM,2025-12-04 22:42:28,0.7778551532033426,28.91,8.115184,1.1122082614080455,2493328.0,2933640704.0
CAI,2025-12-04 22:42:28,0.7569637883008355,28.32,3.9647574,2.091243204594023,1247534.0,7990400512.0
CBZ,2025-12-04 22:42:28,0.7430362116991643,53.57,4.18126,1.1583502158345775,675749.0,2914284288.0
CHKP,2025-12-04 22:42:28,0.79025069637883,195.83,2.4751415,7.776551869774732,786084.0,21023275008.0
CM,2025-12-04 22:42:28,0.8447075208913649,90.58,4.30678,2.176415079864361,912422.0,84200235008.0
COHR,2025-12-04 22:42:28,0.8064066852367687,177.35,3.73772,1.5913159340519525,4126339.0,27871195136.0
CRM,2025-12-04 22:42:28,0.8243732590529249,247.46,3.6612,2.351588760487151,8470723.0,236571770880.0
CRWV,2025-12-04 22:42:28,0.7467966573816156,85.75,8.051915,0.9688346536663356,30202103.0,42730725376.0
DCI,2025-12-04 22:42:28,0.885376044568245,94.16,7.48859,1.4236704146696686,613838.0,10971517952.0
DG,2025-12-04 22:42:28,0.9586350974930362,125.29,14.014,4.424285437151815,3025871.0,27577085952.0
DNLI,2025-12-04 22:42:28,0.7704735376044567,20.11,5.8421087,1.423930325014162,1752939.0,2949369600.0
DOOO,2025-12-04 22:42:28,0.918802228412256,75.29,6.3868933,6.660954031822865,183453.0,5507373568.0
DSGX,2025-12-04 22:42:28,0.9597493036211698,94.87,14.356321,3.1511574112473206,542547.0,8152702976.0
EOSE,2025-12-04 22:42:28,0.7580779944289693,15.59,15.055349,1.173933454255433,23702312.0,5052690432.0
FIVE,2025-12-04 22:42:28,0.8105849582172702,168.42,3.230159,3.398343915165905,1248366.0,9287599104.0
FIX,2025-12-04 22:42:28,0.8137883008356547,1004.65,5.83062,0.9966218659050236,442552.0,35445510144.0
FLNC,2025-12-04 22:42:28,0.8344011142061281,23.34,17.581861,1.3053724360955206,7841117.0,4268154112.0
FLY,2025-12-04 22:42:28,0.76949860724234,20.22,9.002696,1.1114711988959418,2036849.0,3220057600.0
GEV,2025-12-04 22:42:28,0.8396935933147633,629.11,4.50853,1.247157811739498,2962682.0,171258789888.0
IDYA,2025-12-04 22:42:28,0.7628133704735377,36.01,4.863128,1.218067298559178,1195984.0,3156867328.0
IMCR,2025-12-04 22:42:28,0.8048746518105849,40.215,6.1642003,1.1828746865556483,311060.0,2032080896.0
INSP,2025-12-04 22:42:28,0.7479108635097492,140.03,3.91837,1.087094357889708,1264261.0,4141291520.0
IONQ,2025-12-04 22:42:28,0.7610027855153203,54.76,12.5591,0.9860664961366478,30272285.0,19400349696.0
IOT,2025-12-04 22:42:28,0.7764623955431755,40.71,4.35786,2.088988921259565,5220088.0,23352664064.0
LITE,2025-12-04 22:42:28,0.8256267409470752,327.85,8.208461,0.995673947981723,4202446.0,23248693248.0
MASI,2025-12-04 22:42:28,0.7427576601671309,142.26,3.0197685,1.4155032671394734,720661.0,7641346048.0
META,2025-12-04 22:42:28,0.8123955431754875,661.53,3.428714,1.750363065728721,16981085.0,1667404660736.0
MIDD,2025-12-04 22:42:28,0.8615598885793871,125.86,4.9708085,1.532840264882302,692534.0,6378885120.0
MKTX,2025-12-04 22:42:28,0.7573816155988858,167.25,4.7210526,0.9585253947298312,844565.0,6249091072.0
MYRG,2025-12-04 22:42:28,0.7954038997214484,230.23,4.74999,1.0662204013948835,246042.0,3573821952.0
OCUL,2025-12-04 22:42:28,0.7973537604456823,12.43,8.464226,2.0466607324616035,2818687.0,2648180224.0
OKLO,2025-12-04 22:42:28,0.8189415041782729,111.65,15.5917,1.0433029454177871,19606149.0,17444984832.0
PATH,2025-12-04 22:42:28,0.8724233983286908,18.48,24.3607,3.9051424547209033,23443765.0,9887517696.0
PSTG,2025-12-04 22:42:28,0.851949860724234,72.2,4.86565,2.9880433848479013,3374450.0,23727560704.0
RGC,2025-12-04 22:42:28,0.9371866295264624,16.0,22.982319,6.163028445614772,180766.0,7911822336.0
RKLB,2025-12-04 22:42:28,0.8213091922005571,49.37,10.398026,1.27108722199234,21486863.0,26371297280.0
SAIC,2025-12-04 22:42:28,0.9746518105849582,101.79,16.291561,5.308956681855659,525161.0,4771182080.0
SMR,2025-12-04 22:42:28,0.8285515320334262,22.85,13.4558,1.8427107976826087,22751104.0,6462973952.0
SMTC,2025-12-04 22:42:28,0.8213091922005571,78.28,6.5613933,1.131792069768782,1752761.0,7244035584.0
SNDK,2025-12-04 22:42:28,0.8522284122562674,213.31,9.738652,1.1170646575105287,10858290.0,31261259776.0
TTMI,2025-12-04 22:42:28,0.8498607242339833,72.84,9.107241,1.1668952982419811,2434047.0,7526609920.0
USAR,2025-12-04 22:42:28,0.8537604456824512,17.48,24.679024,1.676495290078479,13840358.0,2432841216.0
VKTX,2025-12-04 22:42:28,0.7831476323119777,38.57,8.924032,1.0843398429670683,4590120.0,4359811584.0
ALK,2025-12-04 22:52:50,0.7871866295264623,47.32,4.298,2.0804888845669867,3444985.0,5488581120.0
ASND,2025-12-04 22:52:50,0.8214484679665739,208.58,4.0299263,1.363356809018639,482911.0,12743853056.0
ASTS,2025-12-04 22:52:50,0.9103064066852368,72.65,18.24545,1.889592245235865,12864350.0,26691706880.0
AVAV,2025-12-04 22:52:50,0.7888579387186629,287.45,5.765698,0.9570355731958036,1078846.0,14353020928.0
BAH,2025-12-04 22:52:50,0.8622562674094707,87.65,6.25531,1.4517349673073996,2108887.0,10802747392.0
BAP,2025-12-04 22:52:50,0.9077994428969358,277.65,5.50615,1.981396689396768,305322.0,22036058112.0
BE,2025-12-04 22:52:50,0.8782729805013928,118.09,15.2098,1.3192125883648562,15199623.0,27929552896.0
BEAM,2025-12-04 22:52:50,0.7791086350974931,28.91,8.115184,1.1122082614080455,2493328.0,2933640704.0
CAI,2025-12-04 22:52:50,0.758774373259053,28.32,3.9647574,2.091243204594023,1247534.0,7990400512.0
CBZ,2025-12-04 22:52:50,0.7438718662952646,53.57,4.18126,1.1583502158345775,675749.0,2914284288.0
CM,2025-12-04 22:52:50,0.8465181058495821,90.58,4.30678,2.176415079864361,912422.0,84200235008.0
COHR,2025-12-04 22:52:50,0.8066852367688022,177.35,3.73772,1.5913159340519525,4126339.0,27871195136.0
CRM,2025-12-04 22:52:50,0.8256267409470752,247.46,3.6612,2.351588760487151,8470723.0,236571770880.0
CRWV,2025-12-04 22:52:50,0.7477715877437325,85.75,8.051915,0.9688346536663356,30202103.0,42730725376.0
DCI,2025-12-04 22:52:50,0.8856545961002784,94.16,7.48859,1.4236704146696686,613838.0,10971517952.0
DG,2025-12-04 22:52:50,0.9598885793871864,125.29,14.014,4.424285437151815,3025871.0,27577085952.0
DNLI,2025-12-04 22:52:50,0.7707520891364902,20.11,5.8421087,1.423930325014162,1752939.0,2949369600.0
DOOO,2025-12-04 22:52:50,0.9203342618384402,75.29,6.3868933,6.660954031822865,183453.0,5507373568.0
DSGX,2025-12-04 22:52:50,0.9610027855153204,94.87,14.356321,3.1511574112473206,542547.0,8152702976.0
EOSE,2025-12-04 22:52:50,0.7586350974930361,15.59,15.055349,1.173933454255433,23702312.0,5052690432.0
FIVE,2025-12-04 22:52:50,0.8118384401114206,168.42,3.230159,3.398343915165905,1248366.0,9287599104.0
FIX,2025-12-04 22:52:50,0.8147632311977716,1004.65,5.83062,0.9966218659050236,442552.0,35445510144.0
FLNC,2025-12-04 22:52:50,0.834958217270195,23.34,17.581861,1.3053724360955206,7841117.0,4268154112.0
FLY,2025-12-04 22:52:50,0.7707520891364902,20.22,9.002696,1.1114711988959418,2036849.0,3220057600.0
GEV,2025-12-04 22:52:50,0.8399721448467967,629.11,4.50853,1.247157811739498,2962682.0,171258789888.0
IDYA,2025-12-04 22:52:50,0.7636490250696378,36.01,4.863128,1.218067298559178,1195984.0,3156867328.0
IMCR,2025-12-04 22:52:50,0.8057103064066852,40.215,6.1642003,1.1828746865556483,311060.0,2032080896.0
INSP,2025-12-04 22:52:50,0.7491643454038996,140.03,3.91837,1.087094357889708,1264261.0,4141291520.0
IONQ,2025-12-04 22:52:50,0.7619777158774373,54.76,12.5591,0.9860664961366478,30272285.0,19400349696.0
IOT,2025-12-04 22:52:50,0.777715877437326,40.71,4.35786,2.088988921259565,5220088.0,23352664064.0
LITE,2025-12-04 22:52:50,0.8268802228412256,327.85,8.208461,0.995673947981723,4202446.0,23248693248.0
MASI,2025-12-04 22:52:50,0.7435933147632312,142.26,3.0197685,1.4155032671394734,720661.0,7641346048.0
META,2025-12-04 22:52:50,0.8136490250696378,661.53,3.428714,1.750363065728721,16981085.0,1667404660736.0
MIDD,2025-12-04 22:52:50,0.8618384401114205,125.86,4.9708085,1.532840264882302,692534.0,6378885120.0
MKTX,2025-12-04 22:52:50,0.7586350974930361,167.25,4.7210526,0.9585253947298312,844565.0,6249091072.0
MYRG,2025-12-04 22:52:50,0.7963788300835655,230.23,4.74999,1.0662204013948835,246042.0,3573821952.0
NTSK,2025-12-04 22:52:50,0.7422005571030641,19.68,7.364978,1.1267972339343335,2878312.0,7519200256.0
OCUL,2025-12-04 22:52:50,0.7986072423398329,12.43,8.464226,2.0466607324616035,2818687.0,2648180224.0
OKLO,2025-12-04 22:52:50,0.8201949860724235,111.65,15.5917,1.0433029454177871,19606149.0,17444984832.0
PATH,2025-12-04 22:52:50,0.8739554317548746,18.48,24.3607,3.9051424547209033,23443765.0,9887517696.0
PSTG,2025-12-04 22:52:50,0.8537604456824512,72.2,4.86565,2.9880433848479013,3374450.0,23727560704.0
RGC,2025-12-04 22:52:50,0.9389972144846797,16.0,22.982319,6.163028445614772,180766.0,7911822336.0
RKLB,2025-12-04 22:52:50,0.8218662952646238,49.37,10.398026,1.27108722199234,21486863.0,26371297280.0
SAIC,2025-12-04 22:52:50,0.9759052924791084,101.79,16.291561,5.308956681855659,525161.0,4771182080.0
SMR,2025-12-04 22:52:50,0.8300835654596099,22.85,13.4558,1.8427107976826087,22751104.0,6462973952.0
SMTC,2025-12-04 22:52:50,0.8225626740947074,78.28,6.5613933,1.131792069768782,1752761.0,7244035584.0
SNDK,2025-12-04 22:52:50,0.8532033426183844,213.31,9.738652,1.1170646575105287,10858290.0,31261259776.0
TTMI,2025-12-04 22:52:50,0.8501392757660168,72.84,9.107241,1.1668952982419811,2434047.0,7526609920.0
USAR,2025-12-04 22:52:50,0.8543175487465181,17.48,24.679024,1.676495290078479,13840358.0,2432841216.0
VKTX,2025-12-04 22:52:50,0.7844011142061282,38.57,8.924032,1.0843398429670683,4590120.0,4359811584.0
ALK,2025-12-04 22:52:51,0.7871866295264623,47.32,4.298,2.0804888845669867,3444985.0,5488581120.0
ASND,2025-12-04 22:52:51,0.8214484679665739,208.58,4.0299263,1.363356809018639,482911.0,12743853056.0
ASTS,2025-12-04 22:52:51,0.9103064066852368,72.65,18.24545,1.889592245235865,12864350.0,26691706880.0
AVAV,2025-12-04 22:52:51,0.7888579387186629,287.45,5.765698,0.9570355731958036,1078846.0,14353020928.0
BAH,2025-12-04 22:52:51,0.8622562674094707,87.65,6.25531,1.4517349673073996,2108887.0,10802747392.0
BAP,2025-12-04 22:52:51,0.9077994428969358,277.65,5.50615,1.981396689396768,305322.0,22036058112.0
BE,2025-12-04 22:52:51,0.8782729805013928,118.09,15.2098,1.3192125883648562,15199623.0,27929552896.0
BEAM,2025-12-04 22:52:51,0.7791086350974931,28.91,8.115184,1.1122082614080455,2493328.0,2933640704.0
CAI,2025-12-04 22:52:51,0.758774373259053,28.32,3.9647574,2.091243204594023,1247534.0,7990400512.0
CBZ,2025-12-04 22:52:51,0.7438718662952646,53.57,4.18126,1.1583502158345775,675749.0,2914284288.0
CM,2025-12-04 22:52:51,0.8465181058495821,90.58,4.30678,2.176415079864361,912422.0,84200235008.0
COHR,2025-12-04 22:52:51,0.8066852367688022,177.35,3.73772,1.5913159340519525,4126339.0,27871195136.0
CRM,2025-12-04 22:52:51,0.8256267409470752,247.46,3.6612,2.351588760487151,8470723.0,236571770880.0
CRWV,2025-12-04 22:52:51,0.7477715877437325,85.75,8.051915,0.9688346536663356,30202103.0,42730725376.0
DCI,2025-12-04 22:52:51,0.8856545961002784,94.16,7.48859,1.4236704146696686,613838.0,10971517952.0
DG,2025-12-04 22:52:51,0.9598885793871864,125.29,14.014,4.424285437151815,3025871.0,27577085952.0
DNLI,2025-12-04 22:52:51,0.7707520891364902,20.11,5.8421087,1.423930325014162,1752939.0,2949369600.0
DOOO,2025-12-04 22:52:51,0.9203342618384402,75.29,6.3868933,6.660954031822865,183453.0,5507373568.0
DSGX,2025-12-04 22:52:51,0.9610027855153204,94.87,14.356321,3.1511574112473206,542547.0,8152702976.0
EOSE,2025-12-04 22:52:51,0.7586350974930361,15.59,15.055349,1.173933454255433,23702312.0,5052690432.0
FIVE,2025-12-04 22:52:51,0.8118384401114206,168.42,3.230159,3.398343915165905,1248366.0,9287599104.0
FIX,2025-12-04 22:52:51,0.8147632311977716,1004.65,5.83062,0.9966218659050236,442552.0,35445510144.0
FLNC,2025-12-04 22:52:51,0.834958217270195,23.34,17.581861,1.3053724360955206,7841117.0,4268154112.0
FLY,2025-12-04 22:52:51,0.7707520891364902,20.22,9.002696,1.1114711988959418,2036849.0,3220057600.0
GEV,2025-12-04 22:52:51,0.8399721448467967,629.11,4.50853,1.247157811739498,2962682.0,171258789888.0
IDYA,2025-12-04 22:52:51,0.7636490250696378,36.01,4.863128,1.218067298559178,1195984.0,3156867328.0
IMCR,2025-12-04 22:52:51,0.8057103064066852,40.215,6.1642003,1.1828746865556483,311060.0,2032080896.0
INSP,2025-12-04 22:52:51,0.7491643454038996,140.03,3.91837,1.087094357889708,1264261.0,4141291520.0
IONQ,2025-12-04 22:52:51,0.7619777158774373,54.76,12.5591,0.9860664961366478,30272285.0,19400349696.0
IOT,2025-12-04 22:52:51,0.777715877437326,40.71,4.35786,2.088988921259565,5220088.0,23352664064.0
LITE,2025-12-04 22:52:51,0.8268802228412256,327.85,8.208461,0.995673947981723,4202446.0,23248693248.0
MASI,2025-12-04 22:52:51,0.7435933147632312,142.26,3.0197685,1.4155032671394734,720661.0,7641346048.0
META,2025-12-04 22:52:51,0.8136490250696378,661.53,3.428714,1.750363065728721,16981085.0,1667404660736.0
MIDD,2025-12-04 22:52:51,0.8618384401114205,125.86,4.9708085,1.532840264882302,692534.0,6378885120.0
MKTX,2025-12-04 22:52:51,0.7586350974930361,167.25,4.7210526,0.9585253947298312,844565.0,6249091072.0
MYRG,2025-12-04 22:52:51,0.7963788300835655,230.23,4.74999,1.0662204013948835,246042.0,3573821952.0
NTSK,2025-12-04 22:52:51,0.7422005571030641,19.68,7.364978,1.1267972339343335,2878312.0,7519200256.0
OCUL,2025-12-04 22:52:51,0.7986072423398329,12.43,8.464226,2.0466607324616035,2818687.0,2648180224.0
OKLO,2025-12-04 22:52:51,0.8201949860724235,111.65,15.5917,1.0433029454177871,19606149.0,17444984832.0
PATH,2025-12-04 22:52:51,0.8739554317548746,18.48,24.3607,3.9051424547209033,23443765.0,9887517696.0
PSTG,2025-12-04 22:52:51,0.8537604456824512,72.2,4.86565,2.9880433848479013,3374450.0,23727560704.0
RGC,2025-12-04 22:52:51,0.9389972144846797,16.0,22.982319,6.163028445614772,180766.0,7911822336.0
RKLB,2025-12-04 22:52:51,0.8218662952646238,49.37,10.398026,1.27108722199234,21486863.0,26371297280.0
SAIC,2025-12-04 22:52:51,0.9759052924791084,101.79,16.291561,5.308956681855659,525161.0,4771182080.0
SMR,2025-12-04 22:52:51,0.8300835654596099,22.85,13.4558,1.8427107976826087,22751104.0,6462973952.0
SMTC,2025-12-04 22:52:51,0.8225626740947074,78.28,6.5613933,1.131792069768782,1752761.0,7244035584.0
SNDK,2025-12-04 22:52:51,0.8532033426183844,213.31,9.738652,1.1170646575105287,10858290.0,31261259776.0
TTMI,2025-12-04 22:52:51,0.8501392757660168,72.84,9.107241,1.1668952982419811,2434047.0,7526609920.0
USAR,2025-12-04 22:52:51,0.8543175487465181,17.48,24.679024,1.676495290078479,13840358.0,2432841216.0
VKTX,2025-12-04 22:52:51,0.7844011142061282,38.57,8.924032,1.0843398429670683,4590120.0,4359811584.0
ALK,2025-12-05 14:20:44,0.7876044568245124,47.32,4.298,2.0392021131613376,3514734.0,5488581120.0
ASND,2025-12-05 14:20:44,0.8214484679665739,208.58,4.02993,1.3538361569954782,486307.0,12743853056.0
ASTS,2025-12-05 14:20:44,0.90974930362117,72.65,18.2454,1.8492132483110064,13145253.0,26691706880.0
AVAV,2025-12-05 14:20:44,0.7888579387186629,287.45,5.7657,0.9533884962967684,1082973.0,14353020928.0
BAH,2025-12-05 14:20:44,0.8612813370473538,87.65,6.25531,1.44065316179076,2125109.0,10802747392.0
BAP,2025-12-05 14:20:44,0.9077994428969358,277.65,5.50615,1.969662142143185,307141.0,22036058112.0
BE,2025-12-05 14:20:44,0.8788300835654597,118.09,15.2098,1.3043866647888405,15372385.0,27929552896.0
BEAM,2025-12-05 14:20:44,0.783008356545961,28.91,8.11518,1.1261822863153277,2462390.0,2933640704.0
CAI,2025-12-05 14:20:44,0.7565459610027855,28.32,3.96476,2.0373428689012987,1280539.0,7990400512.0
CBZ,2025-12-05 14:20:44,0.7428969359331477,53.57,4.18126,1.1513644941744416,679849.0,2914284288.0
CM,2025-12-05 14:20:44,0.8452646239554318,90.58,4.30678,2.128818788579172,932822.0,84446339072.0
COHR,2025-12-05 14:20:44,0.8083565459610028,177.35,3.73772,1.5952887504394369,4116063.0,27871195136.0
CRM,2025-12-05 14:20:44,0.8253481894150418,247.46,3.6612,2.316690940779964,8598323.0,236571770880.0
CRWV,2025-12-05 14:20:44,0.7467966573816156,85.75,8.05192,0.9632820700551864,30376195.0,42730725376.0
DCI,2025-12-05 14:20:44,0.8856545961002784,94.16,7.48859,1.4070767392770944,621077.0,10971517952.0
DG,2025-12-05 14:20:44,0.9593314763231198,125.29,14.014,4.156249485797773,3221009.0,27577085952.0
DNLI,2025-12-05 14:20:44,0.7727019498607243,20.11,5.84211,1.4455466588213763,1726726.0,2949369600.0
DOOO,2025-12-05 14:20:44,0.9203342618384402,75.29,6.38689,6.1602197968391605,198365.0,5507373568.0
DSGX,2025-12-05 14:20:44,0.9610027855153204,94.87,14.3563,3.0590225590816047,558888.0,8187876864.0
EOSE,2025-12-05 14:20:44,0.7554317548746518,15.59,15.0553,1.161979032881304,23946161.0,5052690432.0
FIVE,2025-12-05 14:20:44,0.8115598885793871,168.42,3.23016,3.2762046048130133,1294906.0,9287599104.0
FIX,2025-12-05 14:20:44,0.8137883008356547,1004.65,5.83062,0.9968178273987772,442465.0,35445510144.0
FLNC,2025-12-05 14:20:44,0.834958217270195,23.34,17.5819,1.2950795071915555,7903436.0,4268154112.0
FLY,2025-12-05 14:20:44,0.7655988857938718,20.22,9.0027,1.0953966611168608,2066739.0,3220057600.0
GEV,2025-12-05 14:20:44,0.8419220055710307,629.11,4.50853,1.2456849454771028,2966185.0,171258789888.0
IDYA,2025-12-05 14:20:44,0.7649025069637883,36.01,4.86313,1.220833605693244,1193274.0,3156867328.0
IMCR,2025-12-05 14:20:44,0.8079387186629526,40.215,6.1642,1.19890843923102,306900.0,2032080896.0
INSP,2025-12-05 14:20:44,0.7484679665738161,140.03,3.91837,1.079344149515565,1273339.0,4141291520.0
IONQ,2025-12-05 14:20:44,0.7571030640668523,54.76,12.5591,0.9748930427474332,30619242.0,19400349696.0
IOT,2025-12-05 14:20:44,0.7813370473537605,40.71,4.35786,2.1703365017849783,5024431.0,23352664064.0
LITE,2025-12-05 14:20:44,0.8288300835654596,327.85,8.20846,1.0031252172620546,4171230.0,23248693248.0
MASI,2025-12-05 14:20:44,0.7435933147632312,142.26,3.01977,1.4046796123456722,726214.0,7641346048.0
META,2025-12-05 14:20:44,0.8133704735376044,661.53,3.42871,1.717938492119914,17301588.0,1667404660736.0
MIDD,2025-12-05 14:20:44,0.8618384401114205,125.86,4.97081,1.5283866434766584,694552.0,6378885120.0
MKTX,2025-12-05 14:20:44,0.7586350974930361,167.25,4.72105,0.9573872741313836,845569.0,6249091072.0
MYRG,2025-12-05 14:20:44,0.7954038997214484,230.23,4.74999,1.0569798503583905,248193.0,3573821952.0
NTSK,2025-12-05 14:20:44,0.7424791086350975,19.68,7.36498,1.123992633497072,2885494.0,7519200256.0
OCUL,2025-12-05 14:20:44,0.7983286908077994,12.43,8.46423,2.037077671298227,2831947.0,2648180224.0
OKLO,2025-12-05 14:20:44,0.8189415041782729,111.65,15.5917,1.035706046999589,19749960.0,17444984832.0
PATH,2025-12-05 14:20:44,0.8733983286908077,18.48,24.3607,3.749996856271391,24413685.0,9887517696.0
PSTG,2025-12-05 14:20:44,0.8534818941504178,72.2,4.86565,2.8947819009435385,3483165.0,23727560704.0
RGC,2025-12-05 14:20:44,0.9387186629526462,16.0,22.9823,5.699626016176975,195463.0,7911822336.0
RKLB,2025-12-05 14:20:44,0.8225626740947075,49.37,10.398,1.2608134660459225,21661949.0,26371297280.0
SAIC,2025-12-05 14:20:44,0.9759052924791084,101.79,16.2916,5.031794588585207,554088.0,4771182080.0
SMR,2025-12-05 14:20:44,0.8275766016713092,22.85,13.4558,1.8057079621108771,23217323.0,6462973952.0
SMTC,2025-12-05 14:20:44,0.8225626740947074,78.28,6.56139,1.125135979763262,1763130.0,7244035584.0
SNDK,2025-12-05 14:20:44,0.8525069637883009,213.31,9.73865,1.1119725368889333,10908014.0,31261259776.0
TTMI,2025-12-05 14:20:44,0.8498607242339833,72.84,9.10724,1.1617795575443857,2444765.0,7526609920.0
USAR,2025-12-05 14:20:44,0.8543175487465181,17.48,24.679,1.6380907487772012,14164841.0,2432841216.0
VKTX,2025-12-05 14:20:44,0.786908077994429,38.57,8.92403,1.0849002419269231,4587749.0,4359811584.0
ALAB,2025-12-05 14:46:03,0.4776785714285714,157.38,3.1932402,0.0778085266618009,6538268.0,26582052864.0
ALB,2025-12-05 14:46:03,0.8053571428571429,125.62,5.5186896,0.2040263171681262,3779434.0,14785164288.0
ALC,2025-12-05 14:46:03,0.4803571428571428,81.44,3.1147113,0.0916804409259669,2138046.0,40156872704.0
AMD,2025-12-05 14:46:03,0.3544642857142857,218.7874,1.2998443,0.0913770902951362,58286207.0,356194975744.0
AR,2025-12-05 14:46:03,0.4767857142857143,37.865,3.4567654,0.121458515842231,4723514.0,11697673216.0
BBAR,2025-12-05 14:46:03,0.275,17.2357,3.2386997,0.0395356297816352,1477528.0,3969974784.0
BIDU,2025-12-05 14:46:03,0.7544642857142857,123.825,4.30003,0.2413040706240805,5199473.0,43166089216.0
BMA,2025-12-05 14:46:03,0.5526785714285715,92.17,4.4064336,0.0489222901334663,801700.0,6497571840.0
CEPU,2025-12-05 14:46:03,0.5321428571428571,17.82,3.5444546,0.1586017417196279,499736.0,3042538496.0
COHR,2025-12-05 14:46:03,0.7946428571428572,186.17,4.9968987,0.1885435184058164,4116063.0,29257287680.0
COO,2025-12-05 14:46:03,0.8633928571428571,85.03,10.385564,0.444528986373746,2717915.0,16964548608.0
CRK,2025-12-05 14:46:03,0.4401785714285714,27.9005,4.0675116,0.0616553821676496,2944009.0,8176710656.0
CRM,2025-12-05 14:46:03,0.7383928571428571,256.5151,3.5922427,0.2192129790890619,8598323.0,245228437504.0
DRD,2025-12-05 14:46:03,0.4357142857142856,29.58,3.5710638,0.0707270502216001,773014.0,2559393024.0
EDU,2025-12-05 14:46:03,0.4017857142857143,52.855,3.1115904,0.0687116164508574,1073865.0,8811569152.0
EQT,2025-12-05 14:46:03,0.4946428571428571,61.7653,2.8222091,0.1633958435604707,8150293.0,38545686528.0
EXE,2025-12-05 14:46:03,0.4767857142857143,125.895,3.1165538,0.0860386991028095,3445868.0,29984372736.0
GFI,2025-12-05 14:46:03,0.6339285714285714,43.345,4.1196256,0.1485133610340162,3739980.0,39009529856.0
GFS,2025-12-05 14:46:03,0.4785714285714285,39.045,3.8983402,0.0762953326026934,3219096.0,21696591872.0
GGAL,2025-12-05 14:46:03,0.3080357142857143,53.38,3.1002502,0.0369154899541268,3268357.0,8686288896.0
HBI,2025-12-05 14:46:03,0.4294642857142857,6.47,0.0,11.908675788126647,8749038.0,2289099776.0
HPE,2025-12-05 14:46:03,0.3624999999999999,22.47,-1.7060424,0.2614455094853478,30568779.0,29648044032.0
HSAI,2025-12-05 14:46:03,0.4285714285714286,20.62,3.151581,0.1277971976713502,3069590.0,3219652352.0
HUM,2025-12-05 14:46:03,0.4767857142857142,261.25,3.257048,0.0484423549417641,1919436.0,31421339648.0
INTC,2025-12-05 14:46:03,0.4633928571428571,41.945,3.568341,0.1181089361071616,114139052.0,200077639680.0
IOT,2025-12-05 14:46:03,0.8339285714285714,45.9,12.721022,0.4304188872332011,5024431.0,26329829376.0
JOYY,2025-12-05 14:46:03,0.60625,64.285,3.2685103,0.1327876458112407,362112.0,3301865728.0
KEP,2025-12-05 14:46:03,0.4633928571428571,17.81,3.6670496,0.0892256249043363,424665.0,22866759680.0
KEY,2025-12-05 14:46:03,0.4258928571428571,19.442,1.7106967,0.2778762642215049,22321741.0,21318459392.0
LION,2025-12-05 14:46:03,0.5946428571428571,7.475,5.355886,0.189239524237488,2278784.0,2165726464.0
LSCC,2025-12-05 14:46:03,0.7464285714285714,79.191,4.432283,0.1903488952707269,2174922.0,10840897536.0
LUV,2025-12-05 14:46:03,0.4857142857142856,36.915,3.0848675,0.196912151091545,9084188.0,19387303936.0
MESO,2025-12-05 14:46:03,0.4464285714285714,17.86,3.9078453,0.0605898260115312,235188.0,2299399168.0
NFLX,2025-12-05 14:46:03,0.4785714285714286,101.95,-1.2303858,0.6813129812983445,38430555.0,431995092992.0
NVDA,2025-12-05 14:46:03,0.3330357142857142,181.69,-0.9215849,0.1049994253547325,190839473.0,4423606599680.0
PATH,2025-12-05 14:46:03,0.3732142857142856,18.6001,0.6495439,0.2552015396282863,24413685.0,9951775744.0
PRAX,2025-12-05 14:46:03,0.9732142857142856,266.0,40.02211,0.758117402431222,975312.0,6651907584.0
QBTS,2025-12-05 14:46:03,0.2705357142857142,28.0165,-2.347508,0.1239393459210344,53350806.0,10002501632.0
RBRK,2025-12-05 14:46:03,0.9410714285714284,84.71,20.121956,1.1836211480153624,3673139.0,16726725632.0
SOFI,2025-12-05 14:46:03,0.4419642857142857,27.4706,-7.19392,0.4039521356609727,72113061.0,33126881280.0
STX,2025-12-05 14:46:03,0.4223214285714286,273.78,3.068175,0.05249922478275,4495514.0,59649007616.0
TERN,2025-12-05 14:46:03,0.6116071428571429,28.34,4.4732018,0.1324515235604339,2821319.0,2552861184.0
TSLA,2025-12-05 14:46:03,0.3553571428571428,456.515,0.44776526,0.0952105302562928,88941349.0,1518286405632.0
TTAN,2025-12-05 14:46:03,0.5776785714285714,97.0,1.4750535,0.5553170842544248,1056265.0,9016027136.0
U,2025-12-05 14:46:03,0.5883928571428572,45.77,3.6693065,0.1543453534429953,10059642.0,19585570816.0
ULTA,2025-12-05 14:46:03,0.9589285714285714,590.935,10.672344,1.1424211685955867,572773.0,26559932416.0
VERA,2025-12-05 14:46:03,0.6035714285714285,44.4675,4.359301,0.1036336572868633,1578107.0,2842721024.0
VSCO,2025-12-05 14:46:03,0.8767857142857143,47.04,13.267524,0.628092007826406,2355104.0,3770937600.0
WBD,2025-12-05 14:46:03,0.4946428571428571,25.105,2.302827,1.0269851130440797,49617061.0,62209548288.0
ZTO,2025-12-05 14:46:03,0.5071428571428571,21.78,3.5909684,0.1243792371439322,1557358.0,17138037760.0
ADBE,2025-12-05 14:55:07,0.779113924050633,341.1563,3.780093,0.2680895642690644,4305065.0,144718512128.0
AG,2025-12-05 14:55:07,0.4594936708860759,15.62,3.9574344,0.1340512687220015,21029469.0,7659361792.0
ALB,2025-12-05 14:55:07,0.8569620253164556,127.5,7.097855,0.2799461506670046,3779434.0,15006435328.0
ALC,2025-12-05 14:55:07,0.480379746835443,81.54,3.2413237,0.1152140786493836,2138046.0,40206180352.0
APLS,2025-12-05 14:55:07,0.4727848101265822,23.12,4.191078,0.0974159191772504,2556112.0,2925263104.0
AR,2025-12-05 14:55:07,0.5164556962025315,37.85,3.4153006,0.1648209362775256,4723514.0,11693038592.0
BIDU,2025-12-05 14:55:07,0.7525316455696202,123.5361,4.056689,0.2618159571171924,5199473.0,43065376768.0
COHR,2025-12-05 14:55:07,0.8056962025316456,185.77,4.747673,0.2352364383149626,4116063.0,29194428416.0
COO,2025-12-05 14:55:07,0.8791139240506329,84.14,9.227775,0.5923617920354389,2717915.0,16786982912.0
CPAY,2025-12-05 14:55:07,0.5094936708860759,307.625,3.4416037,0.0726740989560979,563846.0,21722748928.0
CRM,2025-12-05 14:55:07,0.790506329113924,257.43,4.0289283,0.2753119416425738,8598323.0,246103080960.0
DRD,2025-12-05 14:55:07,0.5284810126582279,29.9546,4.772995,0.0897254124763587,773014.0,2591804928.0
EDU,2025-12-05 14:55:07,0.4158227848101266,52.85,3.0817204,0.1008329724872307,1073865.0,8810735616.0
FIVE,2025-12-05 14:55:07,0.6594936708860759,174.42,3.5625224,0.1597003952410445,1294906.0,9618471936.0
GFI,2025-12-05 14:55:07,0.7177215189873417,43.86,5.383145,0.2128861651666586,3739980.0,39473016832.0
GFS,2025-12-05 14:55:07,0.5575949367088607,39.123,4.105905,0.1195748744367984,3219096.0,21739937792.0
GOOGL,2025-12-05 14:55:07,0.4569620253164557,322.4,1.5049427,0.1424597652013736,36750215.0,3904948142080.0
HBI,2025-12-05 14:55:07,0.4512658227848101,6.47,0.0,11.908675788126647,8749038.0,2289099776.0
HUM,2025-12-05 14:55:07,0.4512658227848101,261.22,3.2408493,0.0653363800616431,1919436.0,31417731072.0
IHS,2025-12-05 14:55:07,0.4810126582278481,7.6,3.6834922,0.158215117335227,605530.0,2549961216.0
INTC,2025-12-05 14:55:07,0.5329113924050632,42.025,3.765436,0.1594081314079952,114139052.0,200459255808.0
IOT,2025-12-05 14:55:07,0.8481012658227848,45.86,12.650457,0.5536913533094593,5024431.0,26306883584.0
JOYY,2025-12-05 14:55:07,0.5873417721518988,64.3,3.2676675,0.1654018646164722,362112.0,3302636288.0
KEP,2025-12-05 14:55:07,0.4367088607594936,17.74,3.4402342,0.1233772503031801,424665.0,22776885248.0
KEY,2025-12-05 14:55:07,0.4632911392405063,19.465,1.8571779,0.3935366421463272,22321741.0,21343680512.0
LION,2025-12-05 14:55:07,0.5683544303797469,7.3835,3.9893086,0.2312663244958714,2278784.0,2139216384.0
LITE,2025-12-05 14:55:07,0.7784810126582279,340.89,3.9807098,0.2286836256931408,4171230.0,24173393920.0
LSCC,2025-12-05 14:55:07,0.7816455696202531,80.26,5.8420153,0.225971781976549,2174922.0,10987238400.0
LULU,2025-12-05 14:55:07,0.5968354430379746,189.1525,3.0242321,0.1779884174980121,4348974.0,22670022656.0
LUV,2025-12-05 14:55:07,0.60126582278481,37.12,3.658189,0.2554086287073759,9084188.0,19494967296.0
MESO,2025-12-05 14:55:07,0.4259493670886076,17.81,3.6067417,0.1030069561372178,235188.0,2292961536.0
MRVL,2025-12-05 14:55:07,0.4322784810126582,100.9796,2.841019,0.1290781202822388,20067119.0,87054508032.0
NFLX,2025-12-05 14:55:07,0.4613924050632911,102.8607,-0.3480902,0.7970503418438791,38430555.0,435854049280.0
NOG,2025-12-05 14:55:07,0.4094936708860759,25.504,3.506495,0.1067070401066424,2091474.0,2489266176.0
NP,2025-12-05 14:55:07,0.5259493670886075,25.81,3.3640375,0.1679898538562815,682821.0,3562683392.0
OMC,2025-12-05 14:55:07,0.6658227848101266,73.175,4.282159,0.1491330138086757,4091703.0,23221297152.0
PRAX,2025-12-05 14:55:07,0.970886075949367,263.8,38.86402,1.0480328346211265,975312.0,6596891648.0
RBRK,2025-12-05 14:55:07,0.9443037974683544,85.5188,21.423822,1.3728184530996512,3673139.0,16886429696.0
S,2025-12-05 14:55:07,0.4911392405063291,14.92,-12.080137,1.150999995376237,5623126.0,5000601600.0
SOFI,2025-12-05 14:55:07,0.4462025316455696,27.2187,-8.047026,0.4904582818915425,72113061.0,32823115776.0
STX,2025-12-05 14:55:07,0.6101265822784809,276.55,4.110975,0.0914685172818948,4495514.0,60252512256.0
SYM,2025-12-05 14:55:07,0.5721518987341773,57.88,-4.298939,2.015632138152714,2552306.0,34310823936.0
TERN,2025-12-05 14:55:07,0.7272151898734178,28.45,4.8654685,0.2768063448337462,2821319.0,2562769920.0
TTAN,2025-12-05 14:55:07,0.8227848101265823,99.475,4.073824,0.6893582576342111,1056265.0,9246074880.0
U,2025-12-05 14:55:07,0.6208860759493671,45.87,3.896686,0.1855440780099331,10059642.0,19628361728.0
ULTA,2025-12-05 14:55:07,0.970886075949367,595.2752,11.485194,1.4111506652722807,572773.0,26755006464.0
VERA,2025-12-05 14:55:07,0.6715189873417722,44.93,5.442176,0.1437063519774007,1578107.0,2872288000.0
VSCO,2025-12-05 14:55:07,0.889873417721519,47.8,14.986768,0.7795451920594589,2355104.0,3831862528.0
WBD,2025-12-05 14:55:07,0.5284810126582278,25.2535,2.907494,1.132777473458172,49617061.0,62577528832.0
ZTO,2025-12-05 14:55:07,0.5253164556962024,21.735,3.4507396,0.1730199478860994,1557358.0,17102628864.0
ADBE,2025-12-05 15:21:23,0.887593984962406,345.27,5.031478,0.4509832023442154,4305065.0,146463522816.0
ALAB,2025-12-05 15:21:23,0.6139097744360902,158.81,4.1314206,0.1726033561181646,6538268.0,26823583744.0
ALB,2025-12-05 15:21:23,0.8639097744360902,128.195,7.600309,0.3967400938870741,3779434.0,15088236544.0
ALK,2025-12-05 15:21:23,0.6093984962406014,49.22,4.0152187,0.2392266384881473,3514734.0,5708959744.0
APLS,2025-12-05 15:21:23,0.7255639097744362,23.74,6.985125,0.3049792027892361,2556112.0,3003708672.0
AR,2025-12-05 15:21:23,0.631954887218045,38.085,4.057379,0.286580075765627,4723514.0,11765637120.0
BIDU,2025-12-05 15:21:23,0.7849624060150376,124.56,4.919963,0.3388054904795159,5199473.0,43422314496.0
BKV,2025-12-05 15:21:23,0.6221804511278195,29.6499,3.3817997,0.4453763478281044,689628.0,2872188160.0
BLLN,2025-12-05 15:21:23,0.5921052631578947,109.5612,5.3270583,0.0951780317960846,266385.0,4974412288.0
CEPU,2025-12-05 15:21:23,0.5609022556390977,17.86,3.8976152,0.2605075479853362,499736.0,3049368320.0
COHR,2025-12-05 15:21:23,0.8248120300751879,186.11,4.939382,0.3349710633680777,4116063.0,29247858688.0
COO,2025-12-05 15:21:23,0.8800751879699247,83.14,7.9319754,0.9355174830706626,2717915.0,16587469824.0
CPAY,2025-12-05 15:21:23,0.6526315789473685,309.285,3.9997942,0.1697005920056185,563846.0,21839970304.0
CRM,2025-12-05 15:21:23,0.8484962406015037,259.165,4.730058,0.4500626459368879,8598323.0,247761747968.0
DBRG,2025-12-05 15:21:23,0.8627819548872181,12.995,33.693413,1.6898625614831344,3292163.0,2533573120.0
DDS,2025-12-05 15:21:23,0.7101503759398495,701.595,3.0151489,0.395529548842549,116722.0,10944881664.0
DG,2025-12-05 15:21:23,0.8266917293233081,130.84,4.429719,0.5619223665627758,3221009.0,28798672896.0
DKS,2025-12-05 15:21:23,0.6890977443609022,235.435,4.193216,0.1823683994242639,1423569.0,21112944640.0
DRD,2025-12-05 15:21:23,0.5721804511278195,29.84,4.372158,0.1773887665682639,773014.0,2581889280.0
DUOL,2025-12-05 15:21:23,0.6334586466165414,196.405,4.260003,0.1545595880451749,1907782.0,9079283712.0
EQT,2025-12-05 15:21:23,0.5642857142857142,61.97,3.1629791,0.2933298226211008,8150293.0,38673432576.0
FIVE,2025-12-05 15:21:23,0.7545112781954887,175.45,4.174088,0.2826290093643863,1294906.0,9675271168.0
FROG,2025-12-05 15:21:23,0.7263157894736842,64.39,3.6542184,0.4597145213747681,1300903.0,7618163200.0
GFI,2025-12-05 15:21:23,0.6962406015037593,43.4425,4.3789096,0.3071088615447141,3739980.0,39097278464.0
GFS,2025-12-05 15:21:23,0.6515037593984963,39.57,5.295364,0.2087539483134395,3219096.0,21988325376.0
INTC,2025-12-05 15:21:23,0.6736842105263158,42.54,5.0370393,0.2802664770686898,114139052.0,202915790848.0
IOT,2025-12-05 15:21:23,0.8669172932330828,46.7685,14.882098,0.9554275897111534,5024431.0,26828032000.0
JOYY,2025-12-05 15:21:23,0.5763157894736842,64.235,3.172185,0.2515796217744786,362112.0,3299297536.0
LRN,2025-12-05 15:21:23,0.6135338345864662,63.23,3.6217618,0.259711052868547,1763506.0,2773257216.0
LSCC,2025-12-05 15:21:23,0.7868421052631579,80.5801,6.264142,0.2885901195537127,2174922.0,11031058432.0
LULU,2025-12-05 15:21:23,0.7274436090225563,190.76,3.898926,0.2920951010514204,4348974.0,22862682112.0
LUV,2025-12-05 15:21:23,0.6533834586466164,37.26,4.0491395,0.3902058169645983,9084188.0,19568492544.0
MU,2025-12-05 15:21:23,0.675187969924812,235.81,4.0414753,0.239135838667292,26486582.0,265368731648.0
OMC,2025-12-05 15:21:23,0.6567669172932331,72.91,3.9048107,0.2762566100227704,4091703.0,23137202176.0
PEGA,2025-12-05 15:21:23,0.5887218045112782,59.02,3.5438604,0.227005494588026,1331492.0,10097181696.0
PRAX,2025-12-05 15:21:23,0.9812030075187969,268.84,41.51708,1.406683194711026,975312.0,6722928128.0
PRCT,2025-12-05 15:21:23,0.6721804511278195,36.95,4.2901506,0.2845592610221931,1344560.0,2064713856.0
QFIN,2025-12-05 15:21:23,0.6680451127819548,19.57,4.4290285,0.3594150608604345,2026604.0,2702731520.0
RBRK,2025-12-05 15:21:23,0.9488721804511278,89.37,26.893864,1.9608735198967424,3673139.0,17646882816.0
RDDT,2025-12-05 15:21:23,0.6293233082706766,231.155,3.7732878,0.1954351451830487,5520307.0,43802890240.0
STX,2025-12-05 15:21:23,0.687218045112782,278.99,5.0295467,0.1592458615410829,4495514.0,60784119808.0
TEAM,2025-12-05 15:21:23,0.62593984962406,162.95,4.0948024,0.169692058115493,2802282.0,42893545472.0
TERN,2025-12-05 15:21:23,0.7462406015037594,28.61,5.4532113,0.403883077383309,2821319.0,2577182720.0
TTAN,2025-12-05 15:21:23,0.8906015037593984,101.1501,5.8020563,0.9741267579632004,1056265.0,9401774080.0
U,2025-12-05 15:21:23,0.6635338345864661,46.17,4.5753036,0.2657580657442879,10059642.0,19756734464.0
ULTA,2025-12-05 15:21:23,0.9766917293233082,606.4799,13.583652,1.956607591489124,572773.0,27258609664.0
VERA,2025-12-05 15:21:23,0.7112781954887217,44.865,5.292187,0.252681852371227,1578107.0,2868132608.0
VSCO,2025-12-05 15:21:23,0.9105263157894736,49.17,18.269226,1.4064873568216096,2355104.0,3941687808.0
WBD,2025-12-05 15:21:23,0.5654135338345865,25.305,3.1173568,1.346085331414531,49617061.0,62705147904.0
ZTO,2025-12-05 15:21:23,0.5721804511278195,21.755,3.5459254,0.3056670335272943,1557358.0,17118364672.0
ADBE,2025-12-05 15:21:24,0.887593984962406,345.27,5.031478,0.4509832023442154,4305065.0,146463522816.0
ALAB,2025-12-05 15:21:24,0.6139097744360902,158.81,4.1314206,0.1726033561181646,6538268.0,26823583744.0
ALB,2025-12-05 15:21:24,0.8639097744360902,128.195,7.600309,0.3967400938870741,3779434.0,15088236544.0
ALK,2025-12-05 15:21:24,0.6093984962406014,49.22,4.0152187,0.2392266384881473,3514734.0,5708959744.0
APLS,2025-12-05 15:21:24,0.7255639097744362,23.74,6.985125,0.3049792027892361,2556112.0,3003708672.0
AR,2025-12-05 15:21:24,0.631954887218045,38.085,4.057379,0.286580075765627,4723514.0,11765637120.0
BIDU,2025-12-05 15:21:24,0.7849624060150376,124.56,4.919963,0.3388054904795159,5199473.0,43422314496.0
BKV,2025-12-05 15:21:24,0.6221804511278195,29.6499,3.3817997,0.4453763478281044,689628.0,2872188160.0
BLLN,2025-12-05 15:21:24,0.5921052631578947,109.5612,5.3270583,0.0951780317960846,266385.0,4974412288.0
CEPU,2025-12-05 15:21:24,0.5609022556390977,17.86,3.8976152,0.2605075479853362,499736.0,3049368320.0
COHR,2025-12-05 15:21:24,0.8248120300751879,186.11,4.939382,0.3349710633680777,4116063.0,29247858688.0
COO,2025-12-05 15:21:24,0.8800751879699247,83.14,7.9319754,0.9355174830706626,2717915.0,16587469824.0
CPAY,2025-12-05 15:21:24,0.6526315789473685,309.285,3.9997942,0.1697005920056185,563846.0,21839970304.0
CRM,2025-12-05 15:21:24,0.8484962406015037,259.165,4.730058,0.4500626459368879,8598323.0,247761747968.0
DBRG,2025-12-05 15:21:24,0.8627819548872181,12.995,33.693413,1.6898625614831344,3292163.0,2533573120.0
DDS,2025-12-05 15:21:24,0.7101503759398495,701.595,3.0151489,0.395529548842549,116722.0,10944881664.0
DG,2025-12-05 15:21:24,0.8266917293233081,130.84,4.429719,0.5619223665627758,3221009.0,28798672896.0
DKS,2025-12-05 15:21:24,0.6890977443609022,235.435,4.193216,0.1823683994242639,1423569.0,21112944640.0
DRD,2025-12-05 15:21:24,0.5721804511278195,29.84,4.372158,0.1773887665682639,773014.0,2581889280.0
DUOL,2025-12-05 15:21:24,0.6334586466165414,196.405,4.260003,0.1545595880451749,1907782.0,9079283712.0
EQT,2025-12-05 15:21:24,0.5642857142857142,61.97,3.1629791,0.2933298226211008,8150293.0,38673432576.0
FIVE,2025-12-05 15:21:24,0.7545112781954887,175.45,4.174088,0.2826290093643863,1294906.0,9675271168.0
FROG,2025-12-05 15:21:24,0.7263157894736842,64.39,3.6542184,0.4597145213747681,1300903.0,7618163200.0
GFI,2025-12-05 15:21:24,0.6962406015037593,43.4425,4.3789096,0.3071088615447141,3739980.0,39097278464.0
GFS,2025-12-05 15:21:24,0.6515037593984963,39.57,5.295364,0.2087539483134395,3219096.0,21988325376.0
INTC,2025-12-05 15:21:24,0.6736842105263158,42.54,5.0370393,0.2802664770686898,114139052.0,202915790848.0
IOT,2025-12-05 15:21:24,0.8669172932330828,46.7685,14.882098,0.9554275897111534,5024431.0,26828032000.0
JOYY,2025-12-05 15:21:24,0.5763157894736842,64.235,3.172185,0.2515796217744786,362112.0,3299297536.0
LRN,2025-12-05 15:21:24,0.6135338345864662,63.23,3.6217618,0.259711052868547,1763506.0,2773257216.0
LSCC,2025-12-05 15:21:24,0.7868421052631579,80.5801,6.264142,0.2885901195537127,2174922.0,11031058432.0
LULU,2025-12-05 15:21:24,0.7274436090225563,190.76,3.898926,0.2920951010514204,4348974.0,22862682112.0
LUV,2025-12-05 15:21:24,0.6533834586466164,37.26,4.0491395,0.3902058169645983,9084188.0,19568492544.0
MU,2025-12-05 15:21:24,0.675187969924812,235.81,4.0414753,0.239135838667292,26486582.0,265368731648.0
OMC,2025-12-05 15:21:24,0.6567669172932331,72.91,3.9048107,0.2762566100227704,4091703.0,23137202176.0
PEGA,2025-12-05 15:21:24,0.5887218045112782,59.02,3.5438604,0.227005494588026,1331492.0,10097181696.0
PRAX,2025-12-05 15:21:24,0.9812030075187969,268.84,41.51708,1.406683194711026,975312.0,6722928128.0
PRCT,2025-12-05 15:21:24,0.6721804511278195,36.95,4.2901506,0.2845592610221931,1344560.0,2064713856.0
QFIN,2025-12-05 15:21:24,0.6680451127819548,19.57,4.4290285,0.3594150608604345,2026604.0,2702731520.0
RBRK,2025-12-05 15:21:24,0.9488721804511278,89.37,26.893864,1.9608735198967424,3673139.0,17646882816.0
RDDT,2025-12-05 15:21:24,0.6293233082706766,231.155,3.7732878,0.1954351451830487,5520307.0,43802890240.0
STX,2025-12-05 15:21:24,0.687218045112782,278.99,5.0295467,0.1592458615410829,4495514.0,60784119808.0
TEAM,2025-12-05 15:21:24,0.62593984962406,162.95,4.0948024,0.169692058115493,2802282.0,42893545472.0
TERN,2025-12-05 15:21:24,0.7462406015037594,28.61,5.4532113,0.403883077383309,2821319.0,2577182720.0
TTAN,2025-12-05 15:21:24,0.8906015037593984,101.1501,5.8020563,0.9741267579632004,1056265.0,9401774080.0
U,2025-12-05 15:21:24,0.6635338345864661,46.17,4.5753036,0.2657580657442879,10059642.0,19756734464.0
ULTA,2025-12-05 15:21:24,0.9766917293233082,606.4799,13.583652,1.956607591489124,572773.0,27258609664.0
VERA,2025-12-05 15:21:24,0.7112781954887217,44.865,5.292187,0.252681852371227,1578107.0,2868132608.0
VSCO,2025-12-05 15:21:24,0.9105263157894736,49.17,18.269226,1.4064873568216096,2355104.0,3941687808.0
WBD,2025-12-05 15:21:24,0.5654135338345865,25.305,3.1173568,1.346085331414531,49617061.0,62705147904.0
ZTO,2025-12-05 15:21:24,0.5721804511278195,21.755,3.5459254,0.3056670335272943,1557358.0,17118364672.0
ADBE,2025-12-05 15:45:04,0.9016949152542372,344.75,4.8732967,0.5518123419739307,4305065.0,146242945024.0
ALB,2025-12-05 15:45:04,0.8867231638418077,129.1,8.359919,0.4451364939829614,3779434.0,15194753024.0
ALK,2025-12-05 15:45:04,0.6596045197740112,49.04,3.6348293,0.3315371803385405,3514734.0,5688081920.0
APLS,2025-12-05 15:45:04,0.7502824858757061,23.58,6.26408,0.3764432074963851,2556112.0,2983464704.0
APPN,2025-12-05 15:45:04,0.6909604519774011,41.55,5.4878044,0.2396478184701769,795726.0,3076027904.0
AR,2025-12-05 15:45:04,0.6601694915254238,38.05,3.961751,0.3275209939041146,4723514.0,11754824704.0
BIDU,2025-12-05 15:45:04,0.8231638418079097,124.66,5.0033712,0.3804397099475273,5199473.0,43457175552.0
BLLN,2025-12-05 15:45:04,0.7293785310734463,114.37,9.950016,0.1850216791486007,266385.0,5192746496.0
CMC,2025-12-05 15:45:04,0.642090395480226,67.77,3.8939033,0.248281596211023,1148595.0,7525719040.0
COHR,2025-12-05 15:45:04,0.8121468926553671,184.43,3.9920983,0.441192712550804,4116063.0,28983840768.0
COO,2025-12-05 15:45:04,0.9011299435028248,82.935,7.6693273,1.148545484314263,2717915.0,16546569216.0
CPAY,2025-12-05 15:45:04,0.7372881355932204,310.27,4.331004,0.2220269364329976,563846.0,21909524480.0
CRM,2025-12-05 15:45:04,0.8497175141242939,257.945,4.237048,0.5360838386741229,8598323.0,246595420160.0
DBRG,2025-12-05 15:45:04,0.8903954802259887,12.46,28.215422,3.5327980418952523,3292163.0,2429266688.0
DG,2025-12-05 15:45:04,0.8206214689265537,130.235,3.9468431,0.8583962354653464,3221009.0,28665509888.0
DKS,2025-12-05 15:45:04,0.7463276836158191,234.68,3.8573766,0.2829276276738254,1423569.0,21045237760.0
DLTR,2025-12-05 15:45:04,0.7180790960451978,122.53,5.7478175,0.2297066648005661,4429915.0,24992178176.0
DRD,2025-12-05 15:45:04,0.6717514124293785,30.42,6.4008393,0.2125019727973879,773014.0,2632073472.0
DUOL,2025-12-05 15:45:04,0.8392655367231637,199.425,5.8631477,0.3194453034990371,1907782.0,9218890752.0
FIVE,2025-12-05 15:45:04,0.8604519774011301,176.5,4.797531,0.4073932779676671,1294906.0,9733174272.0
FROG,2025-12-05 15:45:04,0.7796610169491525,64.45,3.7508018,0.7074678127423797,1300903.0,7625261568.0
GFI,2025-12-05 15:45:04,0.7819209039548023,44.175,6.1388764,0.3628158439349943,3739980.0,39756509184.0
GFS,2025-12-05 15:45:04,0.7011299435028248,39.39,4.816385,0.2793936558586634,3219096.0,21888303104.0
HUBG,2025-12-05 15:45:04,0.680225988700565,40.9,3.4788108,0.4343028375039054,633726.0,2503880960.0
INTC,2025-12-05 15:45:04,0.6587570621468926,42.1386,4.0459247,0.3583055867679714,114139052.0,201001107456.0
IOT,2025-12-05 15:45:04,0.8932203389830509,46.185,13.448791,1.1859464285607664,5024431.0,26493315072.0
IVZ,2025-12-05 15:45:04,0.6415254237288135,26.05,3.332012,0.9868674119906482,4997111.0,11617355776.0
KLIC,2025-12-05 15:45:04,0.6409604519774013,49.195,3.4160185,0.3197255498027017,537511.0,2575997696.0
LRN,2025-12-05 15:45:04,0.7305084745762712,63.575,4.1871524,0.3072215234878702,1763506.0,2788388864.0
LSCC,2025-12-05 15:45:04,0.8053672316384181,80.57,6.250821,0.3342616424864891,2174922.0,11029676032.0
LUV,2025-12-05 15:45:04,0.7689265536723162,37.52,4.7752,0.5191879560396593,9084188.0,19705042944.0
MC,2025-12-05 15:45:04,0.6765536723163842,69.045,3.9051938,0.2590087932477538,793336.0,5121786368.0
MTRN,2025-12-05 15:45:04,0.6940677966101696,127.23,3.1037292,0.443458874869557,147574.0,2637826560.0
NTSK,2025-12-05 15:45:04,0.655367231638418,21.0156,6.7865853,0.2545096264279184,2885494.0,8029497344.0
OMC,2025-12-05 15:45:04,0.7446327683615819,73.01,4.0473194,0.3576906730522718,4091703.0,23168935936.0
PEGA,2025-12-05 15:45:04,0.6677966101694915,59.11,3.7017555,0.2884448423272539,1331492.0,10112578560.0
PII,2025-12-05 15:45:04,0.6951977401129943,68.33,3.9713945,0.2645033922339495,1177690.0,3843448576.0
PRAX,2025-12-05 15:45:04,0.9822033898305084,262.84,38.358685,1.6864941680200798,975312.0,6572884992.0
PRCT,2025-12-05 15:45:04,0.7610169491525424,37.1229,4.7781477,0.3797956208722556,1344560.0,2074375168.0
QFIN,2025-12-05 15:45:04,0.7161016949152542,19.54,4.2689495,0.4582552881569364,2026604.0,2698588672.0
RBRK,2025-12-05 15:45:04,0.9531073446327684,87.4249,24.130196,2.304941359420376,3673139.0,17262804992.0
RDDT,2025-12-05 15:45:04,0.7655367231638418,231.81,4.067339,0.3017654634062924,5520307.0,43927011328.0
ROKU,2025-12-05 15:45:04,0.8016949152542373,98.555,4.246879,0.4162629116694312,3189847.0,14561676288.0
TEAM,2025-12-05 15:45:04,0.7214689265536722,162.9725,4.1121325,0.259446765172099,2802282.0,42899472384.0
TERN,2025-12-05 15:45:04,0.8050847457627118,28.8376,6.2941456,0.4965932601028101,2821319.0,2597684736.0
TTAN,2025-12-05 15:45:04,0.9392655367231638,103.7471,8.533429,1.1595243617842113,1056265.0,9643161600.0
U,2025-12-05 15:45:04,0.6471751412429378,45.89,3.941105,0.2952510636064385,10059642.0,19636920320.0
ULTA,2025-12-05 15:45:04,0.9861581920903952,610.7968,14.381458,2.429899803237932,572773.0,27452635136.0
VERA,2025-12-05 15:45:04,0.7559322033898305,45.025,5.6676855,0.3056243968248034,1578107.0,2878361088.0
VSCO,2025-12-05 15:45:04,0.9240112994350282,48.0583,15.608131,1.785125837330326,2355104.0,3852569088.0
ADBE,2025-12-05 15:45:05,0.9016949152542372,344.75,4.8732967,0.5518123419739307,4305065.0,146242945024.0
ALB,2025-12-05 15:45:05,0.8867231638418077,129.1,8.359919,0.4451364939829614,3779434.0,15194753024.0
ALK,2025-12-05 15:45:05,0.6596045197740112,49.04,3.6348293,0.3315371803385405,3514734.0,5688081920.0
APLS,2025-12-05 15:45:05,0.7502824858757061,23.58,6.26408,0.3764432074963851,2556112.0,2983464704.0
APPN,2025-12-05 15:45:05,0.6909604519774011,41.55,5.4878044,0.2396478184701769,795726.0,3076027904.0
AR,2025-12-05 15:45:05,0.6601694915254238,38.05,3.961751,0.3275209939041146,4723514.0,11754824704.0
BIDU,2025-12-05 15:45:05,0.8231638418079097,124.66,5.0033712,0.3804397099475273,5199473.0,43457175552.0
BLLN,2025-12-05 15:45:05,0.7293785310734463,114.37,9.950016,0.1850216791486007,266385.0,5192746496.0
CMC,2025-12-05 15:45:05,0.642090395480226,67.77,3.8939033,0.248281596211023,1148595.0,7525719040.0
COHR,2025-12-05 15:45:05,0.8121468926553671,184.43,3.9920983,0.441192712550804,4116063.0,28983840768.0
COO,2025-12-05 15:45:05,0.9011299435028248,82.935,7.6693273,1.148545484314263,2717915.0,16546569216.0
CPAY,2025-12-05 15:45:05,0.7372881355932204,310.27,4.331004,0.2220269364329976,563846.0,21909524480.0
CRM,2025-12-05 15:45:05,0.8497175141242939,257.945,4.237048,0.5360838386741229,8598323.0,246595420160.0
DBRG,2025-12-05 15:45:05,0.8903954802259887,12.46,28.215422,3.5327980418952523,3292163.0,2429266688.0
DG,2025-12-05 15:45:05,0.8206214689265537,130.235,3.9468431,0.8583962354653464,3221009.0,28665509888.0
DKS,2025-12-05 15:45:05,0.7463276836158191,234.68,3.8573766,0.2829276276738254,1423569.0,21045237760.0
DLTR,2025-12-05 15:45:05,0.7180790960451978,122.53,5.7478175,0.2297066648005661,4429915.0,24992178176.0
DRD,2025-12-05 15:45:05,0.6717514124293785,30.42,6.4008393,0.2125019727973879,773014.0,2632073472.0
DUOL,2025-12-05 15:45:05,0.8392655367231637,199.425,5.8631477,0.3194453034990371,1907782.0,9218890752.0
FIVE,2025-12-05 15:45:05,0.8604519774011301,176.5,4.797531,0.4073932779676671,1294906.0,9733174272.0
FROG,2025-12-05 15:45:05,0.7796610169491525,64.45,3.7508018,0.7074678127423797,1300903.0,7625261568.0
GFI,2025-12-05 15:45:05,0.7819209039548023,44.175,6.1388764,0.3628158439349943,3739980.0,39756509184.0
GFS,2025-12-05 15:45:05,0.7011299435028248,39.39,4.816385,0.2793936558586634,3219096.0,21888303104.0
HUBG,2025-12-05 15:45:05,0.680225988700565,40.9,3.4788108,0.4343028375039054,633726.0,2503880960.0
INTC,2025-12-05 15:45:05,0.6587570621468926,42.1386,4.0459247,0.3583055867679714,114139052.0,201001107456.0
IOT,2025-12-05 15:45:05,0.8932203389830509,46.185,13.448791,1.1859464285607664,5024431.0,26493315072.0
IVZ,2025-12-05 15:45:05,0.6415254237288135,26.05,3.332012,0.9868674119906482,4997111.0,11617355776.0
KLIC,2025-12-05 15:45:05,0.6409604519774013,49.195,3.4160185,0.3197255498027017,537511.0,2575997696.0
LRN,2025-12-05 15:45:05,0.7305084745762712,63.575,4.1871524,0.3072215234878702,1763506.0,2788388864.0
LSCC,2025-12-05 15:45:05,0.8053672316384181,80.57,6.250821,0.3342616424864891,2174922.0,11029676032.0
LUV,2025-12-05 15:45:05,0.7689265536723162,37.52,4.7752,0.5191879560396593,9084188.0,19705042944.0
MC,2025-12-05 15:45:05,0.6765536723163842,69.045,3.9051938,0.2590087932477538,793336.0,5121786368.0
MTRN,2025-12-05 15:45:05,0.6940677966101696,127.23,3.1037292,0.443458874869557,147574.0,2637826560.0
NTSK,2025-12-05 15:45:05,0.655367231638418,21.0156,6.7865853,0.2545096264279184,2885494.0,8029497344.0
OMC,2025-12-05 15:45:05,0.7446327683615819,73.01,4.0473194,0.3576906730522718,4091703.0,23168935936.0
PEGA,2025-12-05 15:45:05,0.6677966101694915,59.11,3.7017555,0.2884448423272539,1331492.0,10112578560.0
PII,2025-12-05 15:45:05,0.6951977401129943,68.33,3.9713945,0.2645033922339495,1177690.0,3843448576.0
PRAX,2025-12-05 15:45:05,0.9822033898305084,262.84,38.358685,1.6864941680200798,975312.0,6572884992.0
PRCT,2025-12-05 15:45:05,0.7610169491525424,37.1229,4.7781477,0.3797956208722556,1344560.0,2074375168.0
QFIN,2025-12-05 15:45:05,0.7161016949152542,19.54,4.2689495,0.4582552881569364,2026604.0,2698588672.0
RBRK,2025-12-05 15:45:05,0.9531073446327684,87.4249,24.130196,2.304941359420376,3673139.0,17262804992.0
RDDT,2025-12-05 15:45:05,0.7655367231638418,231.81,4.067339,0.3017654634062924,5520307.0,43927011328.0
ROKU,2025-12-05 15:45:05,0.8016949152542373,98.555,4.246879,0.4162629116694312,3189847.0,14561676288.0
TEAM,2025-12-05 15:45:05,0.7214689265536722,162.9725,4.1121325,0.259446765172099,2802282.0,42899472384.0
TERN,2025-12-05 15:45:05,0.8050847457627118,28.8376,6.2941456,0.4965932601028101,2821319.0,2597684736.0
TTAN,2025-12-05 15:45:05,0.9392655367231638,103.7471,8.533429,1.1595243617842113,1056265.0,9643161600.0
U,2025-12-05 15:45:05,0.6471751412429378,45.89,3.941105,0.2952510636064385,10059642.0,19636920320.0
ULTA,2025-12-05 15:45:05,0.9861581920903952,610.7968,14.381458,2.429899803237932,572773.0,27452635136.0
VERA,2025-12-05 15:45:05,0.7559322033898305,45.025,5.6676855,0.3056243968248034,1578107.0,2878361088.0
VSCO,2025-12-05 15:45:05,0.9240112994350282,48.0583,15.608131,1.785125837330326,2355104.0,3852569088.0
ADBE,2025-12-05 15:56:16,0.9134078212290504,346.58,5.4299808,0.6112611540127734,4305065.0,147019235328.0
ALB,2025-12-05 15:56:16,0.8843575418994414,129.24,8.477427,0.4647984327812048,3779434.0,15211230208.0
ALK,2025-12-05 15:56:16,0.6829608938547486,49.16,3.8884196,0.3634440045818545,3514734.0,5702000128.0
APLS,2025-12-05 15:56:16,0.7460893854748601,23.54,6.0838227,0.4062075527206945,2556112.0,2978403584.0
APPN,2025-12-05 15:56:16,0.725977653631285,41.45,5.2297573,0.2980033328055134,795726.0,3068624896.0
BIDU,2025-12-05 15:56:16,0.7871508379888269,124.13,4.5569377,0.3990569813517639,5199473.0,43272413184.0
BLLN,2025-12-05 15:56:16,0.7304469273743017,115.485,11.021923,0.2106650149220113,266385.0,5243370496.0
BURL,2025-12-05 15:56:16,0.6463687150837989,266.01,3.5582259,0.2403390445788304,1041279.0,16739214336.0
CMC,2025-12-05 15:56:16,0.664804469273743,68.0,4.2504163,0.2668738763445775,1148595.0,7551260160.0
COHR,2025-12-05 15:56:16,0.7977653631284916,184.2,3.8617604,0.4671483405380335,4116063.0,28947695616.0
COO,2025-12-05 15:56:16,0.9011173184357542,82.58,7.204989,1.2046995583011242,2717915.0,16475743232.0
CPAY,2025-12-05 15:56:16,0.7245810055865922,311.515,4.7496552,0.2361407192744118,563846.0,21997441024.0
CRM,2025-12-05 15:56:16,0.8849162011173183,259.935,5.0412145,0.6272005599231385,8598323.0,248497864704.0
DBRG,2025-12-05 15:56:16,0.8905027932960893,12.55,29.115225,3.891912095482514,3292163.0,2446813696.0
DG,2025-12-05 15:56:16,0.8706703910614524,131.32,4.812839,0.9595142391716384,3221009.0,28904325120.0
DKS,2025-12-05 15:56:16,0.7181564245810055,234.27,3.677641,0.2976118474060618,1423569.0,21008472064.0
DLTR,2025-12-05 15:56:16,0.7516759776536313,122.47,5.6960373,0.2834212394594478,4429915.0,24979941376.0
DUOL,2025-12-05 15:56:16,0.8522346368715082,200.25,6.3044376,0.3632270353740626,1907782.0,9257027584.0
ENPH,2025-12-05 15:56:16,0.6511173184357542,32.21,4.71391,0.3132688526146673,8004460.0,4214991104.0
FIVE,2025-12-05 15:56:16,0.8756983240223463,177.51,5.405564,0.4554052572155816,1294906.0,9788870656.0
FROG,2025-12-05 15:56:16,0.8268156424581006,64.82,4.3464274,0.7468150968980777,1300903.0,7669037568.0
GFI,2025-12-05 15:56:16,0.7477653631284916,43.786,5.2006063,0.3813945529120476,3739980.0,39406419968.0
GFS,2025-12-05 15:56:16,0.6924581005586593,39.45,4.9773726,0.3092480000596441,3219096.0,21921644544.0
HUBG,2025-12-05 15:56:16,0.755586592178771,41.1,3.9848118,0.5148818258995213,633726.0,2516124672.0
IOT,2025-12-05 15:56:16,0.9078212290502792,47.1301,15.77033,1.400529134542797,5024431.0,27035457536.0
IVZ,2025-12-05 15:56:16,0.6812849162011173,26.12,3.609686,1.0376703659374389,4997111.0,11648574464.0
KLIC,2025-12-05 15:56:16,0.6692737430167598,49.28,3.5947006,0.3560280626815079,537511.0,2580448512.0
LMND,2025-12-05 15:56:16,0.7220670391061452,79.9143,4.055073,0.3516258762777829,2729728.0,5972077568.0
LRN,2025-12-05 15:56:16,0.7385474860335196,63.855,4.646016,0.3264944944899535,1763506.0,2800669440.0
LSCC,2025-12-05 15:56:16,0.7958100558659218,80.32,5.9211364,0.35609231043688,2174922.0,10995451904.0
LULU,2025-12-05 15:56:16,0.7064245810055865,189.39,3.153591,0.4086076394110427,4348974.0,22698487808.0
LUV,2025-12-05 15:56:16,0.7921787709497206,37.76,5.4453974,0.5661954596272116,9084188.0,19831087104.0
MC,2025-12-05 15:56:16,0.6891061452513967,69.21,4.1535025,0.2792599856807204,793336.0,5134025728.0
MTRN,2025-12-05 15:56:16,0.7156424581005587,127.14,3.0307925,0.4706249068264057,147574.0,2635960576.0
OMC,2025-12-05 15:56:16,0.7910614525139665,73.58,4.859632,0.4164178094060101,4091703.0,23349819392.0
PEGA,2025-12-05 15:56:16,0.7391061452513966,59.7,4.736843,0.3192013170188029,1331492.0,10213516288.0
PII,2025-12-05 15:56:16,0.6712290502793297,68.45,4.1539803,0.272943643913084,1177690.0,3850198272.0
PRAX,2025-12-05 15:56:16,0.9824022346368716,261.0,37.390114,1.7451348901684791,975312.0,6526872064.0
PRCT,2025-12-05 15:56:16,0.7178770949720671,36.96,4.318371,0.3986887903849586,1344560.0,2065272576.0
QFIN,2025-12-05 15:56:16,0.7298882681564245,19.66,4.9095473,0.4961896848126225,2026604.0,2715161088.0
RBRK,2025-12-05 15:56:16,0.9525139664804468,87.89,24.790571,2.4125359808055182,3673139.0,17354643456.0
RDDT,2025-12-05 15:56:16,0.7536312849162012,231.765,4.0471377,0.3277105784152946,5520307.0,43918483456.0
ROKU,2025-12-05 15:56:16,0.7810055865921788,98.56,4.2456527,0.4507855705931977,3189847.0,14562414592.0
TEAM,2025-12-05 15:56:16,0.75,163.46,4.420604,0.3000568822124254,2802282.0,43027795968.0
TERN,2025-12-05 15:56:16,0.8053072625698323,28.88,6.450424,0.5348193522249699,2821319.0,2601504000.0
TTAN,2025-12-05 15:56:16,0.9393854748603352,103.775,8.562616,1.2626613586552615,1056265.0,9645755392.0
U,2025-12-05 15:56:16,0.6692737430167598,46.13,4.48471,0.3133307328431767,10059642.0,19739619328.0
ULTA,2025-12-05 15:56:16,0.9863128491620112,610.765,14.386178,2.585811482035641,572773.0,27451205632.0
VERA,2025-12-05 15:56:16,0.7290502793296089,44.82,5.1865735,0.3249044583161978,1578107.0,2865255936.0
VSCO,2025-12-05 15:56:16,0.9175977653631284,47.4,14.016787,1.8892825964373547,2355104.0,3799796736.0
ADBE,2025-12-05 16:25:36,0.9011363636363636,345.555,5.117225,0.7504678791144849,4305065.0,146584420352.0
ALB,2025-12-05 16:25:36,0.8667613636363637,128.7065,8.029627,0.5107658977508273,3779434.0,15148437504.0
ALK,2025-12-05 16:25:36,0.6872159090909091,49.1605,3.8894756,0.4356557281432962,3514734.0,5702058496.0
AMRZ,2025-12-05 16:25:36,0.6792613636363636,54.44,3.223354,0.5410725758877881,4868504.0,30109786112.0
APLS,2025-12-05 16:25:36,0.7749999999999999,23.855,7.5033755,0.4951477087075996,2556112.0,3018258944.0
APPN,2025-12-05 16:25:36,0.6977272727272728,40.99,4.0619507,0.431401009895366,795726.0,3034570240.0
BIDU,2025-12-05 16:25:36,0.7843749999999998,124.81,5.129714,0.4357743563626544,5199473.0,43509465088.0
BLLN,2025-12-05 16:25:36,0.7133522727272728,114.83,10.392238,0.2494209508793663,266385.0,5213631488.0
BURL,2025-12-05 16:25:36,0.7735795454545454,268.975,4.712505,0.3677006834863663,1041279.0,16925792256.0
COHR,2025-12-05 16:25:36,0.7838068181818181,183.98,3.7383645,0.5246938640152009,4116063.0,28913121280.0
COO,2025-12-05 16:25:36,0.8849431818181819,81.64,5.984682,1.4140622499231947,2717915.0,16288201728.0
CPAY,2025-12-05 16:25:36,0.7431818181818182,310.625,4.45038,0.3270485203406604,563846.0,21934594048.0
CRM,2025-12-05 16:25:36,0.896306818181818,261.0,5.471588,0.7946606565024366,8598323.0,249515999232.0
DBRG,2025-12-05 16:25:36,0.9022727272727272,12.625,29.840776,4.837531738252328,3292163.0,2461436160.0
DG,2025-12-05 16:25:36,0.8988636363636364,132.725,5.935184,1.309090722813876,3221009.0,29213575168.0
DKS,2025-12-05 16:25:36,0.7565340909090909,235.67,4.297217,0.3816183128460931,1423569.0,21134018560.0
DLTR,2025-12-05 16:25:36,0.7863636363636364,123.63,6.6971555,0.3870593453824735,4429915.0,25216542720.0
DUOL,2025-12-05 16:25:36,0.8349431818181817,197.52,4.851895,0.4829194320944426,1907782.0,9130827776.0
ENPH,2025-12-05 16:25:36,0.6610795454545454,32.17,4.583868,0.4127329014074653,8004460.0,4209756672.0
FIVE,2025-12-05 16:25:36,0.8588068181818181,176.88,5.024712,0.5607403162855065,1294906.0,9754130432.0
FROG,2025-12-05 16:25:36,0.7968749999999999,64.455,3.7588587,0.8888933302482968,1300903.0,7625853952.0
GFS,2025-12-05 16:25:36,0.6812499999999999,39.41,4.869606,0.3605543295384791,3219096.0,21899417600.0
HUBG,2025-12-05 16:25:36,0.6707386363636364,40.72,3.023402,0.5683307928031989,633726.0,2492861440.0
IHS,2025-12-05 16:25:36,0.6755681818181818,7.63,4.092772,0.6035753802454048,605530.0,2560026880.0
INTC,2025-12-05 16:25:36,0.6775568181818182,42.295,4.432094,0.4676719936310667,114139052.0,201747136512.0
IOT,2025-12-05 16:25:36,0.9082386363636364,46.92,15.254234,1.6801080560166912,5024431.0,26914934784.0
IVZ,2025-12-05 16:25:36,0.6857954545454545,26.05,3.332012,1.3662172002983324,4997111.0,11617355776.0
KLIC,2025-12-05 16:25:36,0.7110795454545454,49.19,3.4055054,0.5092119045005591,537511.0,2575735808.0
LSCC,2025-12-05 16:25:36,0.7707386363636364,80.16,5.7101436,0.40628261611221,2174922.0,10973549568.0
LULU,2025-12-05 16:25:36,0.7289772727272728,189.77,3.3605654,0.4517168877073075,4348974.0,22744031232.0
LUV,2025-12-05 16:25:36,0.7869318181818181,37.68,5.222002,0.6440687929399964,9084188.0,19789072384.0
MC,2025-12-05 16:25:36,0.6642045454545453,69.115,4.0105357,0.3215232889973479,793336.0,5126978560.0
MRNA,2025-12-05 16:25:36,0.7042613636363637,27.03,6.041589,0.4301321523141085,11174303.0,10561529856.0
OMC,2025-12-05 16:25:36,0.8252840909090908,73.945,5.380369,0.5894961095661146,4091703.0,23465646080.0
PEGA,2025-12-05 16:25:36,0.7460227272727273,59.67,4.6842074,0.4106896624238073,1331492.0,10208382976.0
PRAX,2025-12-05 16:25:36,0.9826704545454544,254.0,33.705322,1.975786209951277,975312.0,6351821824.0
PRCT,2025-12-05 16:25:36,0.7633522727272727,37.24,5.108669,0.4703947759861962,1344560.0,2080918656.0
QFIN,2025-12-05 16:25:36,0.7338068181818181,19.62,4.6933393,0.6021304606129269,2026604.0,2709637120.0
RBRK,2025-12-05 16:25:36,0.9585227272727272,86.6,22.958963,2.656785653905284,3673139.0,17099922432.0
RDDT,2025-12-05 16:25:36,0.7585227272727273,232.565,4.4062862,0.3998773981229667,5520307.0,44070080512.0
ROKU,2025-12-05 16:25:36,0.8014204545454546,98.8986,4.61032,0.518791653643576,3189847.0,14612443136.0
TEAM,2025-12-05 16:25:36,0.7670454545454546,163.31,4.324776,0.4289960824784943,2802282.0,42988310528.0
TERN,2025-12-05 16:25:36,0.8286931818181819,29.15,7.445634,0.6561863440468803,2821319.0,2625825792.0
TTAN,2025-12-05 16:25:36,0.9423295454545454,104.95,9.791821,1.4839694584218923,1056265.0,9754969088.0
UBS,2025-12-05 16:25:36,0.7940340909090909,40.39,4.0711102,1.8526846812717443,1710501.0,127276990464.0
ULTA,2025-12-05 16:25:36,0.9880681818181816,610.7,14.374004,2.936407616979152,572773.0,27448283136.0
VERA,2025-12-05 16:25:36,0.7630681818181818,45.45,6.665102,0.3994691107763922,1578107.0,2905530624.0
VNOM,2025-12-05 16:25:36,0.7306818181818182,41.5,3.6981497,0.6096862898108236,1612093.0,13537533952.0
VSCO,2025-12-05 16:25:36,0.9150568181818182,46.57,12.029352,2.250633942280256,2355104.0,3733260288.0
WBD,2025-12-05 16:25:36,0.7011363636363637,25.47,3.7904966,1.803782211122904,49617061.0,63114010624.0
ADBE,2025-12-05 16:50:49,0.8916666666666666,344.965,4.9385486,0.8394193815888958,4305065.0,146334154752.0
ALB,2025-12-05 16:50:49,0.8531249999999999,128.49,7.847915,0.5360641302374906,3779434.0,15122957312.0
AMRZ,2025-12-05 16:50:49,0.6848958333333333,54.435,3.2138786,0.6126730100252562,4868504.0,30107021312.0
APLS,2025-12-05 16:50:49,0.7726562499999999,23.82,7.345647,0.5490318890565046,2556112.0,3013830656.0
APPN,2025-12-05 16:50:49,0.6552083333333333,40.6593,3.2174394,0.5051424736655582,795726.0,3010087680.0
BIDU,2025-12-05 16:50:49,0.7744791666666666,124.86,5.171832,0.4819011465200415,5199473.0,43526893568.0
BLLN,2025-12-05 16:50:49,0.6890625000000001,111.4501,7.1429605,0.285721793644537,266385.0,5060173824.0
BURL,2025-12-05 16:50:49,0.778125,268.65,4.585977,0.4483678245695918,1041279.0,16905339904.0
CNX,2025-12-05 16:50:49,0.6533854166666667,41.895,3.7261724,0.4547041671519214,1854696.0,5924730880.0
COHR,2025-12-05 16:50:49,0.8195312499999999,185.69,4.7025633,0.5813713249772902,4116063.0,29181855744.0
COO,2025-12-05 16:50:49,0.8872395833333333,82.03,6.4859257,1.54917206755914,2717915.0,16366011392.0
CPAY,2025-12-05 16:50:49,0.7309895833333334,309.46,4.0586357,0.3793021498778035,563846.0,21852325888.0
CRM,2025-12-05 16:50:49,0.8786458333333333,259.4676,4.853364,0.8890889537413283,8598323.0,248051023872.0
DBRG,2025-12-05 16:50:49,0.8940104166666667,12.69,30.555548,5.345082245320174,3292163.0,2474108672.0
DDS,2025-12-05 16:50:49,0.8083333333333332,703.34,3.2713754,0.6690341152481966,116722.0,10972104704.0
DG,2025-12-05 16:50:49,0.9083333333333332,133.18,6.2973833,1.6292785894109578,3221009.0,29313720320.0
DKS,2025-12-05 16:50:49,0.7653645833333332,235.58,4.2573886,0.4515896314123165,1423569.0,21125947392.0
DLTR,2025-12-05 16:50:49,0.7966145833333333,124.13,7.1286736,0.4792021968818815,4429915.0,25318526976.0
DUOL,2025-12-05 16:50:49,0.8559895833333333,198.4,5.318183,0.5560488567352035,1907782.0,9171507200.0
ENPH,2025-12-05 16:50:49,0.6630208333333333,32.09,4.323797,0.4820843629676455,8004460.0,4199288064.0
FIVE,2025-12-05 16:50:49,0.8106770833333333,175.305,4.087991,0.6086271899272997,1294906.0,9667274752.0
FROG,2025-12-05 16:50:49,0.8263020833333333,64.83,4.3604236,1.0118548423671865,1300903.0,7670221312.0
GFS,2025-12-05 16:50:49,0.6796875,39.395,4.829693,0.3985140548775184,3219096.0,21891082240.0
INTC,2025-12-05 16:50:49,0.6559895833333332,42.135,4.037033,0.5348381814140177,114139052.0,200983937024.0
IOT,2025-12-05 16:50:49,0.8997395833333333,46.2902,13.707198,1.8724432677053384,5024431.0,26553661440.0
IVZ,2025-12-05 16:50:49,0.7190104166666667,26.13,3.6493459,1.4198768048178236,4997111.0,11653032960.0
KLIC,2025-12-05 16:50:49,0.6940104166666666,49.06,3.1322298,0.5947989901602013,537511.0,2568928768.0
LSCC,2025-12-05 16:50:49,0.7557291666666667,80.2807,5.8693113,0.4380483529984064,2174922.0,10990071808.0
LULU,2025-12-05 16:50:49,0.7143229166666667,189.68,3.3115394,0.4970473495587695,4348974.0,22733242368.0
LUV,2025-12-05 16:50:49,0.7664062500000001,37.5,4.719348,0.7678496966377182,9084188.0,19694538752.0
MRNA,2025-12-05 16:50:49,0.7075520833333333,26.75,4.9431157,0.5281062272966824,11174303.0,10452124672.0
MU,2025-12-05 16:50:49,0.6552083333333334,235.3149,3.823032,0.3648070558896576,26486582.0,264811560960.0
OMC,2025-12-05 16:50:49,0.8080729166666667,73.5,4.7456207,0.6983239008305344,4091703.0,23324430336.0
PEGA,2025-12-05 16:50:49,0.74296875,59.71,4.7543845,0.4764782664860172,1331492.0,10215226368.0
PRAX,2025-12-05 16:50:49,0.9794270833333334,255.82,34.663372,2.082650474924947,975312.0,6397335040.0
PRCT,2025-12-05 16:50:49,0.7526041666666666,37.13,4.798196,0.5210492651871245,1344560.0,2074772096.0
QFIN,2025-12-05 16:50:49,0.7544270833333333,19.69,5.0693746,0.6934260467264448,2026604.0,2719304448.0
RBRK,2025-12-05 16:50:49,0.9541666666666668,86.25,22.462019,2.7744400633899238,3673139.0,17030811648.0
RDDT,2025-12-05 16:50:49,0.8052083333333333,235.561,5.7512927,0.4724920190127107,5520307.0,44637810688.0
ROKU,2025-12-05 16:50:49,0.7752604166666666,98.405,4.0882144,0.5862102477015355,3189847.0,14539512832.0
SNDK,2025-12-05 16:50:49,0.6890624999999999,221.8563,4.006514,0.379878683690725,10908014.0,32513746944.0
TEAM,2025-12-05 16:50:49,0.73125,162.335,3.701938,0.4906451242237576,2802282.0,42731663360.0
TERN,2025-12-05 16:50:49,0.8325520833333333,29.44,8.5145645,0.7405727604712548,2821319.0,2651948800.0
TTAN,2025-12-05 16:50:49,0.9440104166666666,106.395,11.303484,1.6193919139609851,1056265.0,9889280000.0
UBS,2025-12-05 16:50:49,0.8255208333333333,40.505,4.366868,2.0851142443062005,1710501.0,127639379968.0
ULTA,2025-12-05 16:50:49,0.9885416666666664,609.26,14.104317,3.197209016486461,572773.0,27383562240.0
VERA,2025-12-05 16:50:49,0.7674479166666667,45.72,7.2987576,0.4549564763352548,1578107.0,2922791168.0
VIAV,2025-12-05 16:50:49,0.690625,18.2156,4.0891376,0.6201101421182197,3514187.0,4065701120.0
VNOM,2025-12-05 16:50:49,0.7229166666666667,41.355,3.3358297,0.8020058396134714,1612093.0,13490233344.0
VSCO,2025-12-05 16:50:49,0.9114583333333331,46.645,12.208324,2.4068830930608587,2355104.0,3739272704.0
ADBE,2025-12-05 17:19:10,0.9026699029126212,346.39,5.372191,0.9013011417946072,4305065.0,146938642432.0
ALB,2025-12-05 17:19:10,0.8478155339805825,128.01,7.445019,0.5785477402171859,3779434.0,15066461184.0
AMRZ,2025-12-05 17:19:10,0.7172330097087378,54.62,3.5646515,0.6628633765115526,4868504.0,30209341440.0
APLS,2025-12-05 17:19:10,0.7737864077669901,23.645,6.5570073,0.6253779177125259,2556112.0,2991688704.0
BIDU,2025-12-05 17:19:10,0.7859223300970873,125.2659,5.5130734,0.5309832361856672,5199473.0,43668393984.0
BLLN,2025-12-05 17:19:10,0.7179611650485438,112.0,7.6716056,0.3313700095726111,266385.0,5085140992.0
BURL,2025-12-05 17:19:10,0.8254854368932039,269.245,4.817612,0.5619752246996242,1041279.0,16942782464.0
CMC,2025-12-05 17:19:10,0.6645631067961165,67.915,4.1162004,0.3947309539045529,1148595.0,7541821440.0
CNX,2025-12-05 17:19:10,0.7048543689320388,41.79,3.4662082,0.66120755099488,1854696.0,5909881856.0
COHR,2025-12-05 17:19:10,0.8135922330097087,184.97,4.2965856,0.6323778328951719,4116063.0,29068703744.0
COO,2025-12-05 17:19:10,0.8973300970873788,82.6,7.230949,1.6510464823219269,2717915.0,16479732736.0
CPAY,2025-12-05 17:19:10,0.7633495145631068,310.19,4.304108,0.4515399594924855,563846.0,21903876096.0
CRM,2025-12-05 17:19:10,0.8900485436893204,260.595,5.3079267,0.9557447423177752,8598323.0,249128828928.0
DBRG,2025-12-05 17:19:10,0.9019417475728156,12.8055,31.743826,5.73148291867687,3292163.0,2496627200.0
DG,2025-12-05 17:19:10,0.912621359223301,132.7,5.916873,1.857403068417381,3221009.0,29208070144.0
DKS,2025-12-05 17:19:10,0.7883495145631068,236.83,4.8105836,0.5049779813974595,1423569.0,21238042624.0
DLTR,2025-12-05 17:19:10,0.8531553398058251,124.26,7.240873,0.6106153278336041,4429915.0,25345044480.0
DUOL,2025-12-05 17:19:10,0.8441747572815534,197.75,4.973986,0.6070766995390459,1907782.0,9141459968.0
ENPH,2025-12-05 17:19:10,0.708252427184466,32.35,5.1690445,0.5416718929196973,8004460.0,4233311488.0
FIVE,2025-12-05 17:19:10,0.8313106796116504,175.41,4.151574,0.6953238304556469,1294906.0,9673066496.0
FROG,2025-12-05 17:19:10,0.8184466019417476,64.665,4.0969124,1.1141860692149992,1300903.0,7650699264.0
GFS,2025-12-05 17:19:10,0.6788834951456311,39.51,5.1357007,0.4307376977884474,3219096.0,21954983936.0
INTC,2025-12-05 17:19:10,0.670873786407767,42.225,4.2592554,0.5776569617907813,114139052.0,201413230592.0
IOT,2025-12-05 17:19:10,0.9106796116504854,46.62,14.517318,2.073921604257278,5024431.0,26742845440.0
IVZ,2025-12-05 17:19:10,0.7402912621359222,26.165,3.7881868,1.4772093315517707,4997111.0,11668642816.0
KLIC,2025-12-05 17:19:10,0.7077669902912622,49.1,3.215634,0.6441486778875223,537511.0,2571023104.0
LSCC,2025-12-05 17:19:10,0.7747572815533981,80.125,5.6658506,0.5082871937476379,2174922.0,10968757248.0
LULU,2025-12-05 17:19:10,0.7254854368932038,190.27,3.6328964,0.530650217729515,4348974.0,22803955712.0
LUV,2025-12-05 17:19:10,0.7565533980582524,37.44,4.551793,0.8289105201257394,9084188.0,19663028224.0
META,2025-12-05 17:19:10,0.6820388349514563,673.37,1.7897851,0.5331652215970002,17301588.0,1697247657984.0
MRNA,2025-12-05 17:19:10,0.7310679611650486,26.885,5.4727364,0.5815039201997655,11174303.0,10504873984.0
MU,2025-12-05 17:19:10,0.6924757281553398,236.565,4.3736253,0.4085304022995492,26486582.0,266218373120.0
OMC,2025-12-05 17:19:10,0.8208737864077669,73.78,5.1446495,0.7593158643234859,4091703.0,23413284864.0
PEGA,2025-12-05 17:19:10,0.7398058252427183,59.71,4.7543845,0.521431597035506,1331492.0,10215226368.0
PRAX,2025-12-05 17:19:10,0.9779126213592232,248.53,30.82592,2.158178100956412,975312.0,6215032320.0
PRCT,2025-12-05 17:19:10,0.7541262135922331,37.1873,4.9599247,0.568777146427084,1344560.0,2077973888.0
QFIN,2025-12-05 17:19:10,0.7402912621359223,19.63,4.7491965,0.7750966641731685,2026604.0,2711017728.0
RBRK,2025-12-05 17:19:10,0.9572815533980584,86.765,23.19324,2.920307399202698,3673139.0,17132503040.0
RDDT,2025-12-05 17:19:10,0.8500000000000001,236.21,6.042652,0.5687513393729733,5520307.0,44760793088.0
ROKU,2025-12-05 17:19:10,0.8004854368932038,99.03,4.74931,0.6268739535156388,3189847.0,14631858176.0
SNDK,2025-12-05 17:19:10,0.749757281553398,224.47,5.231824,0.4370233664899953,10908014.0,32896792576.0
SYM,2025-12-05 17:19:10,0.6686893203883495,61.09,1.0089777,3.3567515023668792,2552306.0,36213686272.0
TEAM,2025-12-05 17:19:10,0.733495145631068,162.1,3.5518162,0.551505522998756,2802282.0,42669801472.0
TERN,2025-12-05 17:19:10,0.8325242718446604,29.1961,7.615559,0.841847731504307,2821319.0,2629978368.0
TTAN,2025-12-05 17:19:10,0.9487864077669904,106.58,11.497025,1.7465276232763558,1056265.0,9906476032.0
UBS,2025-12-05 17:19:10,0.8417475728155339,40.695,4.8569913,2.3307066175348625,1710501.0,128238100480.0
ULTA,2025-12-05 17:19:10,0.9881067961165048,607.15,13.70915,3.4837501069359065,572773.0,27288727552.0
VERA,2025-12-05 17:19:10,0.816990291262136,45.94,7.8150625,0.5684734938758905,1578107.0,2936855296.0
VIAV,2025-12-05 17:19:10,0.6890776699029125,18.175,3.8571384,0.7172506756185713,3514187.0,4056639232.0
VSCO,2025-12-05 17:19:10,0.9128640776699029,46.205,11.149873,2.606185119638029,2355104.0,3704000256.0
ADBE,2025-12-05 17:42:36,0.8819711538461539,345.16,4.99802,0.942879375805011,4305065.0,146416877568.0
ALB,2025-12-05 17:42:36,0.8355769230769231,127.065,6.6518407,0.6035136478107569,3779434.0,14955237376.0
AMBA,2025-12-05 17:42:36,0.6975961538461538,73.91,4.010704,0.4810993250982038,788411.0,3155144704.0
AMRZ,2025-12-05 17:42:36,0.7144230769230768,54.58,3.4888132,0.6914218412884122,4868504.0,30187218944.0
APLS,2025-12-05 17:42:36,0.7617788461538462,23.56,6.1739473,0.6581714729245041,2556112.0,2980934144.0
BIDU,2025-12-05 17:42:36,0.78125,125.4573,5.672907,0.5504429006555087,5199473.0,43735117824.0
BLLN,2025-12-05 17:42:36,0.7129807692307693,110.9,6.6141176,0.3628732849071832,266385.0,5035197440.0
BRZE,2025-12-05 17:42:36,0.6658653846153846,30.88,3.3813133,0.6283480109059292,1728601.0,3435931904.0
BURL,2025-12-05 17:42:36,0.8735576923076922,270.105,5.152418,0.7086919067800272,1041279.0,16996899840.0
CNX,2025-12-05 17:42:36,0.707451923076923,41.79,3.4662082,0.6989334101114145,1854696.0,5909881856.0
COHR,2025-12-05 17:42:36,0.7865384615384615,184.21,3.8680577,0.6683656202541117,4116063.0,28949268480.0
COO,2025-12-05 17:42:36,0.9088942307692308,82.96,7.6982994,1.7655912712502049,2717915.0,16551558144.0
CPAY,2025-12-05 17:42:36,0.7545673076923076,309.61,4.109072,0.4838679355710601,563846.0,21862918144.0
CRM,2025-12-05 17:42:36,0.8793269230769231,260.11,5.1119285,0.99789389163445,8598323.0,248665145344.0
DBRG,2025-12-05 17:42:36,0.9024038461538462,12.81,31.790123,5.9729527365443325,3292163.0,2497504768.0
DG,2025-12-05 17:42:36,0.9221153846153848,133.5562,6.5976515,1.9932561504795547,3221009.0,29396525056.0
DKS,2025-12-05 17:42:36,0.778125,235.615,4.2728796,0.5552839377648713,1423569.0,21129086976.0
DLTR,2025-12-05 17:42:36,0.859375,124.235,7.219295,0.6909505035649668,4429915.0,25339944960.0
DUOL,2025-12-05 17:42:36,0.8466346153846154,198.09,5.1544704,0.6468616435211151,1907782.0,9157176320.0
ENPH,2025-12-05 17:42:36,0.6927884615384615,32.25,4.843952,0.5795974993940878,8004460.0,4220225792.0
FIVE,2025-12-05 17:42:36,0.8199519230769231,175.135,3.987054,0.7765011514349304,1294906.0,9657900032.0
FROG,2025-12-05 17:42:36,0.8283653846153847,64.72,4.1854515,1.2188902631479823,1300903.0,7657206784.0
GFS,2025-12-05 17:42:36,0.6709134615384614,39.47,5.029269,0.4502919453163248,3219096.0,21932759040.0
IOT,2025-12-05 17:42:36,0.9105769230769232,46.57,14.3945,2.159210465821901,5024431.0,26714165248.0
IVZ,2025-12-05 17:42:36,0.7463942307692308,26.175,3.8278468,1.5197449086081938,4997111.0,11673101312.0
LSCC,2025-12-05 17:42:36,0.7814903846153847,80.155,5.703543,0.5701390670561979,2174922.0,10972864512.0
LULU,2025-12-05 17:42:36,0.708173076923077,189.81,3.382348,0.5618932189523322,4348974.0,22748823552.0
LUV,2025-12-05 17:42:36,0.7680288461538463,37.51,4.7472687,0.8804892633221594,9084188.0,19699789824.0
META,2025-12-05 17:42:36,0.7081730769230768,673.115,1.7512374,0.5933076200866648,17301588.0,1696604880896.0
MRNA,2025-12-05 17:42:36,0.7298076923076923,26.93,5.6492767,0.6166422192059764,11174303.0,10522457088.0
MU,2025-12-05 17:42:36,0.7050480769230769,237.0,4.566515,0.4301960894765508,26486582.0,266707894272.0
OMC,2025-12-05 17:42:36,0.8286057692307691,73.735,5.0805225,0.8831420560094415,4091703.0,23399006208.0
PEGA,2025-12-05 17:42:36,0.7502403846153846,59.865,5.02676,0.5644750400302818,1331492.0,10241744896.0
PKX,2025-12-05 17:42:36,0.7478365384615384,53.97,3.2721066,0.8020488856937456,139100.0,16334619648.0
PRAX,2025-12-05 17:42:36,0.9771634615384616,248.37,30.753023,2.2357194415735684,975312.0,6211031040.0
PRCT,2025-12-05 17:42:36,0.8024038461538461,37.34,5.390911,0.7359225322782174,1344560.0,2086506496.0
QFIN,2025-12-05 17:42:36,0.73125,19.52,4.1622233,0.8241723592768987,2026604.0,2695826432.0
RBRK,2025-12-05 17:42:36,0.960096153846154,87.0,23.526907,3.06369565649435,3673139.0,17178905600.0
RDDT,2025-12-05 17:42:36,0.8485576923076923,236.71,6.267119,0.6051527569028317,5520307.0,44855541760.0
ROKU,2025-12-05 17:42:36,0.826201923076923,99.87,5.637827,0.6852425837352074,3189847.0,14755970048.0
SNDK,2025-12-05 17:42:36,0.7526442307692307,224.81,5.391215,0.4668796721383012,10908014.0,32946620416.0
SYM,2025-12-05 17:42:36,0.7081730769230767,61.335,1.4136897,3.4976264601501543,2552306.0,36358922240.0
TEAM,2025-12-05 17:42:36,0.7377403846153846,161.9949,3.4846752,0.5970755263032057,2802282.0,42642137088.0
TERN,2025-12-05 17:42:36,0.8555288461538461,29.8499,10.032793,1.0604103966974312,2821319.0,2688872448.0
TTAN,2025-12-05 17:42:36,0.9502403846153844,107.245,12.192705,1.8546283366390064,1056265.0,9968287744.0
UBS,2025-12-05 17:42:36,0.8379807692307693,40.56,4.509147,2.448755072344301,1710501.0,127812698112.0
ULTA,2025-12-05 17:42:36,0.9882211538461536,604.15,13.1473,3.781821070476437,572773.0,27153889280.0
VERA,2025-12-05 17:42:36,0.826923076923077,45.72,7.3107677,0.6588609010669112,1578107.0,2922791168.0
VIAV,2025-12-05 17:42:36,0.7007211538461539,18.21,4.0571375,0.770878442154615,3514187.0,4064451072.0
VSCO,2025-12-05 17:42:36,0.9137019230769228,46.3,11.378396,2.755908443958313,2355104.0,3711615744.0
ADBE,2025-12-05 17:42:37,0.8819711538461539,345.16,4.99802,0.942879375805011,4305065.0,146416877568.0
ALB,2025-12-05 17:42:37,0.8355769230769231,127.065,6.6518407,0.6035136478107569,3779434.0,14955237376.0
AMBA,2025-12-05 17:42:37,0.6975961538461538,73.91,4.010704,0.4810993250982038,788411.0,3155144704.0
AMRZ,2025-12-05 17:42:37,0.7144230769230768,54.58,3.4888132,0.6914218412884122,4868504.0,30187218944.0
APLS,2025-12-05 17:42:37,0.7617788461538462,23.56,6.1739473,0.6581714729245041,2556112.0,2980934144.0
BIDU,2025-12-05 17:42:37,0.78125,125.4573,5.672907,0.5504429006555087,5199473.0,43735117824.0
BLLN,2025-12-05 17:42:37,0.7129807692307693,110.9,6.6141176,0.3628732849071832,266385.0,5035197440.0
BRZE,2025-12-05 17:42:37,0.6658653846153846,30.88,3.3813133,0.6283480109059292,1728601.0,3435931904.0
BURL,2025-12-05 17:42:37,0.8735576923076922,270.105,5.152418,0.7086919067800272,1041279.0,16996899840.0
CNX,2025-12-05 17:42:37,0.707451923076923,41.79,3.4662082,0.6989334101114145,1854696.0,5909881856.0
COHR,2025-12-05 17:42:37,0.7865384615384615,184.21,3.8680577,0.6683656202541117,4116063.0,28949268480.0
COO,2025-12-05 17:42:37,0.9088942307692308,82.96,7.6982994,1.7655912712502049,2717915.0,16551558144.0
CPAY,2025-12-05 17:42:37,0.7545673076923076,309.61,4.109072,0.4838679355710601,563846.0,21862918144.0
CRM,2025-12-05 17:42:37,0.8793269230769231,260.11,5.1119285,0.99789389163445,8598323.0,248665145344.0
DBRG,2025-12-05 17:42:37,0.9024038461538462,12.81,31.790123,5.9729527365443325,3292163.0,2497504768.0
DG,2025-12-05 17:42:37,0.9221153846153848,133.5562,6.5976515,1.9932561504795547,3221009.0,29396525056.0
DKS,2025-12-05 17:42:37,0.778125,235.615,4.2728796,0.5552839377648713,1423569.0,21129086976.0
DLTR,2025-12-05 17:42:37,0.859375,124.235,7.219295,0.6909505035649668,4429915.0,25339944960.0
DUOL,2025-12-05 17:42:37,0.8466346153846154,198.09,5.1544704,0.6468616435211151,1907782.0,9157176320.0
ENPH,2025-12-05 17:42:37,0.6927884615384615,32.25,4.843952,0.5795974993940878,8004460.0,4220225792.0
FIVE,2025-12-05 17:42:37,0.8199519230769231,175.135,3.987054,0.7765011514349304,1294906.0,9657900032.0
FROG,2025-12-05 17:42:37,0.8283653846153847,64.72,4.1854515,1.2188902631479823,1300903.0,7657206784.0
GFS,2025-12-05 17:42:37,0.6709134615384614,39.47,5.029269,0.4502919453163248,3219096.0,21932759040.0
IOT,2025-12-05 17:42:37,0.9105769230769232,46.57,14.3945,2.159210465821901,5024431.0,26714165248.0
IVZ,2025-12-05 17:42:37,0.7463942307692308,26.175,3.8278468,1.5197449086081938,4997111.0,11673101312.0
LSCC,2025-12-05 17:42:37,0.7814903846153847,80.155,5.703543,0.5701390670561979,2174922.0,10972864512.0
LULU,2025-12-05 17:42:37,0.708173076923077,189.81,3.382348,0.5618932189523322,4348974.0,22748823552.0
LUV,2025-12-05 17:42:37,0.7680288461538463,37.51,4.7472687,0.8804892633221594,9084188.0,19699789824.0
META,2025-12-05 17:42:37,0.7081730769230768,673.115,1.7512374,0.5933076200866648,17301588.0,1696604880896.0
MRNA,2025-12-05 17:42:37,0.7298076923076923,26.93,5.6492767,0.6166422192059764,11174303.0,10522457088.0
MU,2025-12-05 17:42:37,0.7050480769230769,237.0,4.566515,0.4301960894765508,26486582.0,266707894272.0
OMC,2025-12-05 17:42:37,0.8286057692307691,73.735,5.0805225,0.8831420560094415,4091703.0,23399006208.0
PEGA,2025-12-05 17:42:37,0.7502403846153846,59.865,5.02676,0.5644750400302818,1331492.0,10241744896.0
PKX,2025-12-05 17:42:37,0.7478365384615384,53.97,3.2721066,0.8020488856937456,139100.0,16334619648.0
PRAX,2025-12-05 17:42:37,0.9771634615384616,248.37,30.753023,2.2357194415735684,975312.0,6211031040.0
PRCT,2025-12-05 17:42:37,0.8024038461538461,37.34,5.390911,0.7359225322782174,1344560.0,2086506496.0
QFIN,2025-12-05 17:42:37,0.73125,19.52,4.1622233,0.8241723592768987,2026604.0,2695826432.0
RBRK,2025-12-05 17:42:37,0.960096153846154,87.0,23.526907,3.06369565649435,3673139.0,17178905600.0
RDDT,2025-12-05 17:42:37,0.8485576923076923,236.71,6.267119,0.6051527569028317,5520307.0,44855541760.0
ROKU,2025-12-05 17:42:37,0.826201923076923,99.87,5.637827,0.6852425837352074,3189847.0,14755970048.0
SNDK,2025-12-05 17:42:37,0.7526442307692307,224.81,5.391215,0.4668796721383012,10908014.0,32946620416.0
SYM,2025-12-05 17:42:37,0.7081730769230767,61.335,1.4136897,3.4976264601501543,2552306.0,36358922240.0
TEAM,2025-12-05 17:42:37,0.7377403846153846,161.9949,3.4846752,0.5970755263032057,2802282.0,42642137088.0
TERN,2025-12-05 17:42:37,0.8555288461538461,29.8499,10.032793,1.0604103966974312,2821319.0,2688872448.0
TTAN,2025-12-05 17:42:37,0.9502403846153844,107.245,12.192705,1.8546283366390064,1056265.0,9968287744.0
UBS,2025-12-05 17:42:37,0.8379807692307693,40.56,4.509147,2.448755072344301,1710501.0,127812698112.0
ULTA,2025-12-05 17:42:37,0.9882211538461536,604.15,13.1473,3.781821070476437,572773.0,27153889280.0
VERA,2025-12-05 17:42:37,0.826923076923077,45.72,7.3107677,0.6588609010669112,1578107.0,2922791168.0
VIAV,2025-12-05 17:42:37,0.7007211538461539,18.21,4.0571375,0.770878442154615,3514187.0,4064451072.0
VSCO,2025-12-05 17:42:37,0.9137019230769228,46.3,11.378396,2.755908443958313,2355104.0,3711615744.0
ADBE,2025-12-05 17:52:53,0.8914414414414413,345.9,5.223126,0.9571934453951334,4305065.0,146730778624.0
ALB,2025-12-05 17:52:53,0.8290540540540541,127.07,6.656035,0.6141824410745101,3779434.0,14955826176.0
ALK,2025-12-05 17:52:53,0.6918918918918918,49.06,3.6770957,0.620111507727185,3514734.0,5690401792.0
AMBA,2025-12-05 17:52:53,0.7376126126126127,74.27,4.517308,0.5358550299272841,788411.0,3170512384.0
AMRZ,2025-12-05 17:52:53,0.7024774774774775,54.5,3.3371222,0.7055723893828576,4868504.0,30142971904.0
APLS,2025-12-05 17:52:53,0.7695945945945946,23.58,6.26408,0.6684386286672884,2556112.0,2983464704.0
ATRC,2025-12-05 17:52:53,0.7536036036036036,41.0,4.4585986,0.6240432610672089,507061.0,2038396544.0
BIDU,2025-12-05 17:52:53,0.7864864864864866,125.895,6.0436277,0.5645687553334732,5199473.0,43887702016.0
BRZE,2025-12-05 17:52:53,0.7216216216216217,31.17,4.35219,0.6502391240083744,1728601.0,3468199680.0
BURL,2025-12-05 17:52:53,0.8646396396396396,269.45,4.8974257,0.7356549013280782,1041279.0,16955682816.0
CNX,2025-12-05 17:52:53,0.6988738738738739,41.745,3.3547897,0.7141828094738976,1854696.0,5903517696.0
COHR,2025-12-05 17:52:53,0.8193693693693694,185.33,4.5017323,0.6853668177576485,4116063.0,29125279744.0
COO,2025-12-05 17:52:53,0.9182432432432432,83.63,8.568089,1.8041550232439203,2717915.0,16685231104.0
CPAY,2025-12-05 17:52:53,0.7576576576576576,310.48,4.401626,0.495920872011152,563846.0,21924354048.0
CRM,2025-12-05 17:52:53,0.8772522522522523,260.3685,5.218895,1.0170729803939675,8598323.0,248912281600.0
DBRG,2025-12-05 17:52:53,0.904054054054054,12.88,32.51029,6.07805871094475,3292163.0,2511152128.0
DG,2025-12-05 17:52:53,0.9286036036036036,133.53,6.57674,2.0206975516057235,3221009.0,29390757888.0
DKS,2025-12-05 17:52:53,0.7772522522522523,235.9872,4.4397016,0.5698515491697277,1423569.0,21162463232.0
DLTR,2025-12-05 17:52:53,0.8729729729729728,124.645,7.573137,0.717867498586316,4429915.0,25423570944.0
DUOL,2025-12-05 17:52:53,0.8364864864864865,197.89,5.0483036,0.660137793521482,1907782.0,9147931648.0
ENPH,2025-12-05 17:52:53,0.7295045045045045,32.5,5.656696,0.6081746926088706,8004460.0,4252940544.0
FIVE,2025-12-05 17:52:53,0.829954954954955,175.4782,4.1908307,0.7997831502827232,1294906.0,9676826624.0
FROG,2025-12-05 17:52:53,0.8344594594594594,64.88,4.443011,1.2549898032366749,1300903.0,7676136448.0
IOT,2025-12-05 17:52:53,0.9171171171171172,47.0,15.450752,2.219836037155252,5024431.0,26960826368.0
IVZ,2025-12-05 17:52:53,0.7547297297297296,26.265,4.1840186,1.5347865996973051,4997111.0,11713238016.0
LSCC,2025-12-05 17:52:53,0.7880630630630631,80.18,5.7365136,0.6007498199935446,2174922.0,10976286720.0
LULU,2025-12-05 17:52:53,0.7081081081081081,189.835,3.3959696,0.5715915983861941,4348974.0,22751821824.0
LUV,2025-12-05 17:52:53,0.7905405405405405,37.695,5.263888,0.8954014381912836,9084188.0,19796951040.0
META,2025-12-05 17:52:53,0.7146396396396397,673.99,1.8835064,0.6264057380166491,17301588.0,1698810429440.0
MRNA,2025-12-05 17:52:53,0.7468468468468469,27.06,6.159277,0.641410743918435,11174303.0,10573251584.0
MU,2025-12-05 17:52:53,0.7155405405405405,238.5199,5.2371073,0.4472971635222695,26486582.0,268418301952.0
OMC,2025-12-05 17:52:53,0.8477477477477477,74.11,5.6149387,0.909979292240908,4091703.0,23518007296.0
PEGA,2025-12-05 17:52:53,0.7795045045045045,60.179,5.5771947,0.601867679265065,1331492.0,10295463936.0
PKX,2025-12-05 17:52:53,0.7407657657657658,53.8725,3.0855398,0.8667361610352264,139100.0,16305110016.0
PRAX,2025-12-05 17:52:53,0.9786036036036035,248.31,30.71011,2.2669238151483837,975312.0,6209530880.0
PRCT,2025-12-05 17:52:53,0.8245495495495494,37.575,6.0541925,0.7476713571726067,1344560.0,2099638016.0
QFIN,2025-12-05 17:52:53,0.7265765765765765,19.54,4.2689495,0.8432639035549125,2026604.0,2698588672.0
RBRK,2025-12-05 17:52:53,0.9608108108108108,87.07,23.626295,3.1425862184905062,3673139.0,17192728576.0
RDDT,2025-12-05 17:52:53,0.850900900900901,236.9,6.3524103,0.6217679560212865,5520307.0,44891545600.0
ROKU,2025-12-05 17:52:53,0.8509009009009008,100.32,6.1092896,0.7266799943696359,3189847.0,14822458368.0
SNDK,2025-12-05 17:52:53,0.7484234234234235,225.2,5.574047,0.4786421249551018,10908014.0,33003776000.0
SYM,2025-12-05 17:52:53,0.706081081081081,61.43,1.5702492,3.533765935589228,2552306.0,36415238144.0
TEAM,2025-12-05 17:52:53,0.7313063063063063,161.905,3.4272428,0.6124876083135102,2802282.0,42618470400.0
TERN,2025-12-05 17:52:53,0.8603603603603603,29.91,10.246962,1.0784739336459297,2821319.0,2694286336.0
TTAN,2025-12-05 17:52:53,0.9583333333333334,108.635,13.6468315,1.8949742725547087,1056265.0,10097485824.0
UBS,2025-12-05 17:52:53,0.8407657657657658,40.64,4.7152743,2.503867580317112,1710501.0,128064790528.0
ULTA,2025-12-05 17:52:53,0.9873873873873874,605.12,13.328959,3.8473409186536376,572773.0,27197487104.0
VERA,2025-12-05 17:52:53,0.8306306306306306,45.51,6.8067064,0.6874616233246541,1578107.0,2909366016.0
VIAV,2025-12-05 17:52:53,0.7076576576576575,18.24,4.22857,0.7863753408683146,3514187.0,4071147264.0
VSCO,2025-12-05 17:52:53,0.920945945945946,46.635,12.184264,2.809729846325258,2355104.0,3738470656.0
ADBE,2025-12-05 18:26:45,0.8966101694915255,346.19,5.311347,1.0744985267353686,4305065.0,146853806080.0
ALB,2025-12-05 18:26:45,0.8197033898305085,126.8,6.429414,0.6537605895485937,3779434.0,14924048384.0
ALK,2025-12-05 18:26:45,0.7258474576271187,49.265,4.110312,0.6942986297113807,3514734.0,5714179072.0
AMBA,2025-12-05 18:26:45,0.7684322033898304,74.83,5.305382,0.6139171066867408,788411.0,3194418432.0
APLS,2025-12-05 18:26:45,0.773093220338983,23.65,6.579536,0.7319522775214857,2556112.0,2992321280.0
ATRC,2025-12-05 18:26:45,0.7091101694915254,40.8,3.9581187,0.6583487982708195,507061.0,2028453120.0
BIDU,2025-12-05 18:26:45,0.7713983050847457,125.52,5.7277584,0.5997609757758142,5199473.0,43756974080.0
BURL,2025-12-05 18:26:45,0.8771186440677965,270.46,5.2906127,0.8166466432147388,1041279.0,17019238400.0
COHR,2025-12-05 18:26:45,0.791313559322034,184.61,4.093597,0.7301499029533804,4116063.0,29012129792.0
COO,2025-12-05 18:26:45,0.9169491525423727,83.255,8.081265,1.962475279764084,2717915.0,16610413568.0
CPAY,2025-12-05 18:26:45,0.740677966101695,309.4,4.0384607,0.5507106550370137,563846.0,21848090624.0
CRM,2025-12-05 18:26:45,0.8855932203389831,260.82,5.3988523,1.0939354104282892,8598323.0,249343934464.0
DBRG,2025-12-05 18:26:45,0.9154661016949152,13.86,42.592587,8.506028407463422,3292163.0,2702217984.0
DG,2025-12-05 18:26:45,0.9338983050847456,134.41,7.2791142,2.2691107041302896,3221009.0,29584451584.0
DKS,2025-12-05 18:26:45,0.7830508474576271,235.725,4.321561,0.6364503582193768,1423569.0,21138950144.0
DLTR,2025-12-05 18:26:45,0.8792372881355931,125.02,7.8967752,0.8108485151520965,4429915.0,25500059648.0
DUOL,2025-12-05 18:26:45,0.8260593220338983,197.9,5.053609,0.6924543789594408,1907782.0,9148393472.0
ENPH,2025-12-05 18:26:45,0.6997881355932203,32.04,4.16125,0.7363819670533678,8004460.0,4192745216.0
FIVE,2025-12-05 18:26:45,0.8444915254237289,175.88,4.430196,0.8664312313017316,1294906.0,9698984960.0
FROG,2025-12-05 18:26:45,0.8247881355932204,64.73,4.2015524,1.3386555338868462,1300903.0,7658390016.0
GPCR,2025-12-05 18:26:45,0.7169491525423729,35.59,8.34095,0.4614366062798584,1045979.0,2159517184.0
IOT,2025-12-05 18:26:45,0.9171610169491524,46.61,14.496034,2.4548172718463044,5024431.0,26737111040.0
IVZ,2025-12-05 18:26:45,0.7716101694915254,26.335,4.462515,1.5964030016543558,4997111.0,11744455680.0
KRYS,2025-12-05 18:26:45,0.7002118644067796,230.5,3.847537,0.4914656731103681,319123.0,6683928576.0
LMND,2025-12-05 18:26:45,0.7819915254237289,80.01,4.179686,0.7521914271312014,2729728.0,5979229184.0
LSCC,2025-12-05 18:26:45,0.7656779661016948,79.595,4.9650526,0.6418087637165839,2174922.0,10896202752.0
LULU,2025-12-05 18:26:45,0.7177966101694915,190.27,3.6328964,0.611188524005892,4348974.0,22803955712.0
LUV,2025-12-05 18:26:45,0.8067796610169491,37.945,5.962017,0.955626523801577,9084188.0,19928248320.0
META,2025-12-05 18:26:45,0.6983050847457627,671.87,1.563038,0.6701544968011028,17301588.0,1693466886144.0
MRNA,2025-12-05 18:26:45,0.7478813559322033,27.125,6.4155397,0.6988484203444277,11174303.0,10598649856.0
MU,2025-12-05 18:26:45,0.7334745762711865,239.49,5.6651278,0.5135040829352764,26486582.0,269510017024.0
OMC,2025-12-05 18:26:45,0.8508474576271186,74.205,5.750326,0.9895151236538918,4091703.0,23548155904.0
PEGA,2025-12-05 18:26:45,0.8048728813559322,60.355,5.8854475,0.6713025688475786,1331492.0,10325573632.0
PRAX,2025-12-05 18:26:45,0.9779661016949152,249.37,31.268093,2.4074419262758995,975312.0,6236038144.0
PRCT,2025-12-05 18:26:45,0.8266949152542371,37.58,6.068308,0.8347764324388648,1344560.0,2099917440.0
QFIN,2025-12-05 18:26:45,0.7718220338983051,19.76,5.4429054,0.9134789036239936,2026604.0,2728971776.0
RBRK,2025-12-05 18:26:45,0.9618644067796612,87.87,24.75515,3.3707357657850685,3673139.0,17350694912.0
RDDT,2025-12-05 18:26:45,0.7938559322033899,232.31,4.2918057,0.6825028028332483,5520307.0,44021760000.0
ROKU,2025-12-05 18:26:45,0.8692796610169492,101.125,6.9686213,0.831558378818796,3189847.0,14941398016.0
SNDK,2025-12-05 18:26:45,0.7650423728813559,226.785,6.3171,0.5205888074584429,10908014.0,33236064256.0
SYM,2025-12-05 18:26:45,0.7417372881355933,61.85,2.26521,3.714189442801921,2552306.0,36664209408.0
TEAM,2025-12-05 18:26:45,0.7296610169491524,161.715,3.3058665,0.6659187048269946,2802282.0,42568454144.0
TERN,2025-12-05 18:26:45,0.8646186440677966,29.9325,10.3299,1.2632534640712376,2821319.0,2696313088.0
TTAN,2025-12-05 18:26:45,0.961864406779661,109.065,14.09667,2.1837824788287032,1056265.0,10137454592.0
UBS,2025-12-05 18:26:45,0.8396186440677965,40.685,4.8312287,2.687094599769307,1710501.0,128206594048.0
ULTA,2025-12-05 18:26:45,0.988135593220339,605.52,13.403878,4.045875067435092,572773.0,27215464448.0
VERA,2025-12-05 18:26:45,0.8419491525423729,45.58,6.9701977,0.7964947877425295,1578107.0,2913841152.0
VIAV,2025-12-05 18:26:45,0.7552966101694915,18.41,5.1999993,0.9801015142335908,3514187.0,4109091072.0
VSCO,2025-12-05 18:26:45,0.9252118644067796,47.117,13.34376,2.960199634495971,2355104.0,3777110272.0
WBD,2025-12-05 18:26:45,0.7658898305084746,25.75,4.9307213,2.9558682445943343,49617061.0,63807844352.0
ADBE,2025-12-05 18:50:42,0.8910358565737051,346.03,5.262674,1.116552014894084,4305065.0,146785927168.0
ALB,2025-12-05 18:50:42,0.8105577689243026,126.49,6.169212,0.6747118748468686,3779434.0,14887561216.0
ALK,2025-12-05 18:50:42,0.7460159362549801,49.35,4.2899384,0.7536760961142437,3514734.0,5724038144.0
AMBA,2025-12-05 18:50:42,0.7733067729083666,74.96,5.4883223,0.649181708525122,788411.0,3199968000.0
APLS,2025-12-05 18:50:42,0.7800796812749003,23.67,6.6696687,0.7731777793774295,2556112.0,2994851840.0
ATRC,2025-12-05 18:50:42,0.7386454183266932,40.98,4.4076424,0.6755538288292731,507061.0,2037402112.0
BIDU,2025-12-05 18:50:42,0.7723107569721115,125.52,5.7277584,0.6168986741540922,5199473.0,43756974080.0
BURL,2025-12-05 18:50:42,0.8790836653386453,271.02,5.5086207,0.8583741725320495,1041279.0,17054477312.0
COHR,2025-12-05 18:50:42,0.8071713147410359,185.04,4.3360515,0.7649963083655426,4116063.0,29079703552.0
COO,2025-12-05 18:50:42,0.9179282868525896,83.32,8.165651,2.121719774165123,2717915.0,16623382528.0
CPAY,2025-12-05 18:50:42,0.7565737051792829,309.72,4.146066,0.5871496827147838,563846.0,21870686208.0
CRM,2025-12-05 18:50:42,0.8824701195219123,260.7651,5.376667,1.1430808077342525,8598323.0,249291440128.0
DBRG,2025-12-05 18:50:42,0.9117529880478088,13.9,43.092327,10.58789980933508,3292163.0,2710016768.0
DDS,2025-12-05 18:50:42,0.7752988047808765,702.655,3.1707973,0.7452408286355614,116722.0,10961418240.0
DG,2025-12-05 18:50:42,0.9326693227091634,134.03,6.9758143,2.3988405496538507,3221009.0,29500811264.0
DKS,2025-12-05 18:50:42,0.7812749003984064,235.35,4.1556025,0.6719604037457967,1423569.0,21105321984.0
DLTR,2025-12-05 18:50:42,0.8812749003984063,125.15,8.008974,0.8773017089492687,4429915.0,25526575104.0
DUOL,2025-12-05 18:50:42,0.8300796812749004,198.65,5.4517403,0.7138027300813196,1907782.0,9183064064.0
FIVE,2025-12-05 18:50:42,0.8209163346613546,174.95,3.877211,0.9042471036507668,1294906.0,9647698944.0
FROG,2025-12-05 18:50:42,0.8573705179282868,65.14,4.8615594,1.4890487607454206,1300903.0,7706897920.0
GPCR,2025-12-05 18:50:42,0.7358565737051793,35.61,8.386517,0.5314810335580351,1045979.0,2160730880.0
HUBG,2025-12-05 18:50:42,0.75597609561753,40.95,3.605311,0.9623323013415892,633726.0,2506941952.0
IOT,2025-12-05 18:50:42,0.9137450199203188,46.33,13.804968,2.5857202536963886,5024431.0,26576492544.0
IVZ,2025-12-05 18:50:42,0.7543824701195219,26.24,4.0856833,1.6631247534825622,4997111.0,11702089728.0
KRYS,2025-12-05 18:50:42,0.7308764940239043,230.405,3.804736,0.5788677093158437,319123.0,6681173504.0
LMND,2025-12-05 18:50:42,0.7848605577689243,80.0,4.1666627,0.7825281493247679,2729728.0,5978481664.0
LSCC,2025-12-05 18:50:42,0.7828685258964143,80.02,5.525511,0.674967194225816,2174922.0,10954383360.0
LULU,2025-12-05 18:50:42,0.7318725099601594,190.57,3.7962968,0.6359240133419974,4348974.0,22839912448.0
LUV,2025-12-05 18:50:42,0.8185258964143427,38.13,6.4804463,1.0367395522857958,9084188.0,20025407488.0
MRNA,2025-12-05 18:50:42,0.7739043824701195,27.43,7.613817,0.7730440099932855,11174303.0,10717824000.0
MU,2025-12-05 18:50:42,0.7193227091633467,238.505,5.2305365,0.5355035995206932,26486582.0,268401557504.0
OMC,2025-12-05 18:50:42,0.8509960159362551,74.34,5.942708,1.0226851753414166,4091703.0,23590995968.0
PEGA,2025-12-05 18:50:42,0.8083665338645418,60.29,5.7719316,0.7151586340736558,1331492.0,10314454016.0
PRAX,2025-12-05 18:50:42,0.9788844621513944,247.7,30.389006,2.454097765638073,975312.0,6194276352.0
PRCT,2025-12-05 18:50:42,0.8272908366533864,37.57,6.040077,0.8979829832807759,1344560.0,2099358592.0
QFIN,2025-12-05 18:50:42,0.7838645418326693,19.825,5.78976,0.9448767494784378,2026604.0,2737948672.0
RBRK,2025-12-05 18:50:42,0.9625498007968126,88.095,25.081642,3.5241021371638808,3673139.0,17395124224.0
RDDT,2025-12-05 18:50:42,0.8101593625498007,233.445,4.80135,0.713621724299029,5520307.0,44236840960.0
ROKU,2025-12-05 18:50:42,0.8683266932270917,101.01,6.839325,0.8921280550446463,3189847.0,14924406784.0
SATS,2025-12-05 18:50:42,0.8872509960159362,81.16,8.937203,1.107088160411261,4104450.0,23364042752.0
SNDK,2025-12-05 18:50:42,0.7573705179282868,226.465,6.1670804,0.5367764471149377,10908014.0,33189167104.0
SYM,2025-12-05 18:50:42,0.7627490039840638,62.1,2.6785698,3.8280112180906207,2552306.0,36812406784.0
TERN,2025-12-05 18:50:42,0.8679282868525895,29.675,9.380759,1.4141842875619524,2821319.0,2673117440.0
TTAN,2025-12-05 18:50:42,0.9629482071713148,109.505,14.556964,2.3098767828149187,1056265.0,10178351104.0
UBS,2025-12-05 18:50:42,0.8394422310756973,40.615,4.649666,2.7482988902081904,1710501.0,127986016256.0
ULTA,2025-12-05 18:50:42,0.9870517928286852,603.09,12.94878,4.223076157570277,572773.0,27106248704.0
VERA,2025-12-05 18:50:42,0.845418326693227,45.57,6.946724,0.8659229063681994,1578107.0,2913201920.0
VIAV,2025-12-05 18:50:42,0.7639442231075696,18.455,5.4571424,1.1134037545526176,3514187.0,4119134976.0
VSCO,2025-12-05 18:50:42,0.9314741035856572,47.65,14.6151085,3.271903491310787,2355104.0,3819837952.0
WBD,2025-12-05 18:50:42,0.7894422310756972,25.92,5.623468,3.172865680214312,49617061.0,64229101568.0
ADBE,2025-12-05 18:50:43,0.8910358565737051,346.03,5.262674,1.116552014894084,4305065.0,146785927168.0
ALB,2025-12-05 18:50:43,0.8105577689243026,126.49,6.169212,0.6747118748468686,3779434.0,14887561216.0
ALK,2025-12-05 18:50:43,0.7460159362549801,49.35,4.2899384,0.7536760961142437,3514734.0,5724038144.0
AMBA,2025-12-05 18:50:43,0.7733067729083666,74.96,5.4883223,0.649181708525122,788411.0,3199968000.0
APLS,2025-12-05 18:50:43,0.7800796812749003,23.67,6.6696687,0.7731777793774295,2556112.0,2994851840.0
ATRC,2025-12-05 18:50:43,0.7386454183266932,40.98,4.4076424,0.6755538288292731,507061.0,2037402112.0
BIDU,2025-12-05 18:50:43,0.7723107569721115,125.52,5.7277584,0.6168986741540922,5199473.0,43756974080.0
BURL,2025-12-05 18:50:43,0.8790836653386453,271.02,5.5086207,0.8583741725320495,1041279.0,17054477312.0
COHR,2025-12-05 18:50:43,0.8071713147410359,185.04,4.3360515,0.7649963083655426,4116063.0,29079703552.0
COO,2025-12-05 18:50:43,0.9179282868525896,83.32,8.165651,2.121719774165123,2717915.0,16623382528.0
CPAY,2025-12-05 18:50:43,0.7565737051792829,309.72,4.146066,0.5871496827147838,563846.0,21870686208.0
CRM,2025-12-05 18:50:43,0.8824701195219123,260.7651,5.376667,1.1430808077342525,8598323.0,249291440128.0
DBRG,2025-12-05 18:50:43,0.9117529880478088,13.9,43.092327,10.58789980933508,3292163.0,2710016768.0
DDS,2025-12-05 18:50:43,0.7752988047808765,702.655,3.1707973,0.7452408286355614,116722.0,10961418240.0
DG,2025-12-05 18:50:43,0.9326693227091634,134.03,6.9758143,2.3988405496538507,3221009.0,29500811264.0
DKS,2025-12-05 18:50:43,0.7812749003984064,235.35,4.1556025,0.6719604037457967,1423569.0,21105321984.0
DLTR,2025-12-05 18:50:43,0.8812749003984063,125.15,8.008974,0.8773017089492687,4429915.0,25526575104.0
DUOL,2025-12-05 18:50:43,0.8300796812749004,198.65,5.4517403,0.7138027300813196,1907782.0,9183064064.0
FIVE,2025-12-05 18:50:43,0.8209163346613546,174.95,3.877211,0.9042471036507668,1294906.0,9647698944.0
FROG,2025-12-05 18:50:43,0.8573705179282868,65.14,4.8615594,1.4890487607454206,1300903.0,7706897920.0
GPCR,2025-12-05 18:50:43,0.7358565737051793,35.61,8.386517,0.5314810335580351,1045979.0,2160730880.0
HUBG,2025-12-05 18:50:43,0.75597609561753,40.95,3.605311,0.9623323013415892,633726.0,2506941952.0
IOT,2025-12-05 18:50:43,0.9137450199203188,46.33,13.804968,2.5857202536963886,5024431.0,26576492544.0
IVZ,2025-12-05 18:50:43,0.7543824701195219,26.24,4.0856833,1.6631247534825622,4997111.0,11702089728.0
KRYS,2025-12-05 18:50:43,0.7308764940239043,230.405,3.804736,0.5788677093158437,319123.0,6681173504.0
LMND,2025-12-05 18:50:43,0.7848605577689243,80.0,4.1666627,0.7825281493247679,2729728.0,5978481664.0
LSCC,2025-12-05 18:50:43,0.7828685258964143,80.02,5.525511,0.674967194225816,2174922.0,10954383360.0
LULU,2025-12-05 18:50:43,0.7318725099601594,190.57,3.7962968,0.6359240133419974,4348974.0,22839912448.0
LUV,2025-12-05 18:50:43,0.8185258964143427,38.13,6.4804463,1.0367395522857958,9084188.0,20025407488.0
MRNA,2025-12-05 18:50:43,0.7739043824701195,27.43,7.613817,0.7730440099932855,11174303.0,10717824000.0
MU,2025-12-05 18:50:43,0.7193227091633467,238.505,5.2305365,0.5355035995206932,26486582.0,268401557504.0
OMC,2025-12-05 18:50:43,0.8509960159362551,74.34,5.942708,1.0226851753414166,4091703.0,23590995968.0
PEGA,2025-12-05 18:50:43,0.8083665338645418,60.29,5.7719316,0.7151586340736558,1331492.0,10314454016.0
PRAX,2025-12-05 18:50:43,0.9788844621513944,247.7,30.389006,2.454097765638073,975312.0,6194276352.0
PRCT,2025-12-05 18:50:43,0.8272908366533864,37.57,6.040077,0.8979829832807759,1344560.0,2099358592.0
QFIN,2025-12-05 18:50:43,0.7838645418326693,19.825,5.78976,0.9448767494784378,2026604.0,2737948672.0
RBRK,2025-12-05 18:50:43,0.9625498007968126,88.095,25.081642,3.5241021371638808,3673139.0,17395124224.0
RDDT,2025-12-05 18:50:43,0.8101593625498007,233.445,4.80135,0.713621724299029,5520307.0,44236840960.0
ROKU,2025-12-05 18:50:43,0.8683266932270917,101.01,6.839325,0.8921280550446463,3189847.0,14924406784.0
SATS,2025-12-05 18:50:43,0.8872509960159362,81.16,8.937203,1.107088160411261,4104450.0,23364042752.0
SNDK,2025-12-05 18:50:43,0.7573705179282868,226.465,6.1670804,0.5367764471149377,10908014.0,33189167104.0
SYM,2025-12-05 18:50:43,0.7627490039840638,62.1,2.6785698,3.8280112180906207,2552306.0,36812406784.0
TERN,2025-12-05 18:50:43,0.8679282868525895,29.675,9.380759,1.4141842875619524,2821319.0,2673117440.0
TTAN,2025-12-05 18:50:43,0.9629482071713148,109.505,14.556964,2.3098767828149187,1056265.0,10178351104.0
UBS,2025-12-05 18:50:43,0.8394422310756973,40.615,4.649666,2.7482988902081904,1710501.0,127986016256.0
ULTA,2025-12-05 18:50:43,0.9870517928286852,603.09,12.94878,4.223076157570277,572773.0,27106248704.0
VERA,2025-12-05 18:50:43,0.845418326693227,45.57,6.946724,0.8659229063681994,1578107.0,2913201920.0
VIAV,2025-12-05 18:50:43,0.7639442231075696,18.455,5.4571424,1.1134037545526176,3514187.0,4119134976.0
VSCO,2025-12-05 18:50:43,0.9314741035856572,47.65,14.6151085,3.271903491310787,2355104.0,3819837952.0
WBD,2025-12-05 18:50:43,0.7894422310756972,25.92,5.623468,3.172865680214312,49617061.0,64229101568.0
ADBE,2025-12-05 19:16:20,0.9094230769230768,347.67,5.763497,1.1813621861690822,4305065.0,147481624576.0
ALB,2025-12-05 19:16:20,0.8269230769230769,126.85,6.4713774,0.7375633494327457,3779434.0,14929932288.0
ALK,2025-12-05 19:16:20,0.7453846153846154,49.245,4.0680456,0.8240851228001892,3514734.0,5711859200.0
AMBA,2025-12-05 19:16:20,0.7732692307692307,74.57,4.939491,0.6961711594587087,788411.0,3183319296.0
AMRZ,2025-12-05 19:16:20,0.721153846153846,54.55,3.4319255,0.8572526591330725,4868504.0,30170626048.0
APLS,2025-12-05 19:16:20,0.7951923076923075,23.83,7.3907137,0.8574088302859969,2556112.0,3015095808.0
BIDU,2025-12-05 19:16:20,0.775,125.715,5.8920107,0.646819014157781,5199473.0,43824951296.0
BURL,2025-12-05 19:16:20,0.8826923076923077,270.94,5.477482,0.898622751443177,1041279.0,17049443328.0
COHR,2025-12-05 19:16:20,0.7646153846153845,183.32,3.3662255,0.808891409096508,4116063.0,28809402368.0
COO,2025-12-05 19:16:20,0.9051923076923076,82.09,6.5688663,2.229978494544532,2717915.0,16377980928.0
CPAY,2025-12-05 19:16:20,0.7663461538461538,310.11,4.277633,0.6243531035069859,563846.0,21898225664.0
CRM,2025-12-05 19:16:20,0.8957692307692308,261.255,5.5746374,1.200736120287642,8598323.0,249759776768.0
DBRG,2025-12-05 19:16:20,0.9144230769230768,13.902,42.989754,11.72218811766003,3292163.0,2710406656.0
DG,2025-12-05 19:16:20,0.9303846153846154,133.95,6.911961,2.5334058364940923,3221009.0,29483202560.0
DKS,2025-12-05 19:16:20,0.7757692307692308,234.86,3.9387474,0.7136092454949496,1423569.0,21061380096.0
DLTR,2025-12-05 19:16:20,0.8815384615384615,125.465,8.280662,0.9386624799798642,4429915.0,25590824960.0
DUOL,2025-12-05 19:16:20,0.8298076923076922,198.56,5.403967,0.7440231640722054,1907782.0,9178903552.0
FIVE,2025-12-05 19:16:20,0.823076923076923,174.595,3.666431,0.9538700106416992,1294906.0,9628122112.0
FROG,2025-12-05 19:16:20,0.8532692307692308,64.965,4.5798416,1.5924131161201105,1300903.0,7686192640.0
GPCR,2025-12-05 19:16:20,0.7361538461538462,35.57,8.280065,0.5697083784664893,1045979.0,2158303744.0
HUBG,2025-12-05 19:16:20,0.768076923076923,40.9053,3.4922166,1.0237515898037954,633726.0,2504205312.0
IOT,2025-12-05 19:16:20,0.913653846153846,46.17,13.411936,2.776283324420218,5024431.0,26484709376.0
IVZ,2025-12-05 19:16:20,0.7688461538461538,26.27,4.204686,1.718023473963256,4997111.0,11715468288.0
KLIC,2025-12-05 19:16:20,0.7330769230769231,49.13,3.2793806,0.8601386762317422,537511.0,2572594176.0
KRYS,2025-12-05 19:16:20,0.7946153846153846,232.4,4.7035446,0.6715247725798517,319123.0,6739023360.0
LMND,2025-12-05 19:16:20,0.7761538461538462,79.97,4.1276016,0.8069173925021101,2729728.0,5976240128.0
LSCC,2025-12-05 19:16:20,0.7715384615384615,79.61,4.984833,0.7116149452716005,2174922.0,10898255872.0
LULU,2025-12-05 19:16:20,0.7532692307692308,190.995,4.0277715,0.6778617209484352,4348974.0,22890846208.0
LUV,2025-12-05 19:16:20,0.8086538461538461,37.81,5.585032,1.0936586737306626,9084188.0,19857348608.0
MDB,2025-12-05 19:16:20,0.7423076923076923,410.23,3.402818,0.6694671499295922,1916693.0,33389342720.0
MRNA,2025-12-05 19:16:20,0.7932692307692307,27.5109,7.9282103,0.8646925002839103,11174303.0,10749433856.0
OLLI,2025-12-05 19:16:20,0.7300000000000001,122.91,3.949599,0.6444058808268457,979046.0,7539437568.0
OMC,2025-12-05 19:16:20,0.8567307692307693,74.31,5.8999567,1.068532588997784,4091703.0,23581474816.0
PEGA,2025-12-05 19:16:20,0.8096153846153845,60.2,5.614036,0.7512887798049106,1331492.0,10299056128.0
PRAX,2025-12-05 19:16:20,0.9755769230769232,248.44,30.778543,2.482136998211854,975312.0,6212782080.0
PRCT,2025-12-05 19:16:20,0.8099999999999999,37.25,5.1368885,0.9822425179984532,1344560.0,2081477376.0
QFIN,2025-12-05 19:16:20,0.7778846153846155,19.76,5.4429054,1.0143604769358,2026604.0,2728971776.0
RBRK,2025-12-05 19:16:20,0.9634615384615384,88.0,24.946756,3.671459479208383,3673139.0,17376364544.0
RDDT,2025-12-05 19:16:20,0.8290384615384614,234.83,5.423121,0.7509261713161968,5520307.0,44499288064.0
ROKU,2025-12-05 19:16:20,0.8621153846153846,100.105,5.8863997,0.9769879244992,3189847.0,14790691840.0
SATS,2025-12-05 19:16:20,0.9478846153846152,86.89,16.630873,2.798874392427731,4104450.0,25013573632.0
SNDK,2025-12-05 19:16:20,0.7525,226.66,6.2573266,0.5676201002308945,10908014.0,33217744896.0
TERN,2025-12-05 19:16:20,0.873076923076923,29.965,10.449691,1.4915831921168787,2821319.0,2699240704.0
TTAN,2025-12-05 19:16:20,0.9628846153846152,109.105,14.138516,2.45602192631584,1056265.0,10141171712.0
UBS,2025-12-05 19:16:20,0.8367307692307694,40.545,4.470489,2.8343093631631904,1710501.0,127765422080.0
ULTA,2025-12-05 19:16:20,0.9865384615384616,602.3891,12.817509,4.3887351533679135,572773.0,27074744320.0
VERA,2025-12-05 19:16:20,0.8638461538461539,45.775,7.427836,1.0110474131348508,1578107.0,2926307328.0
VIAV,2025-12-05 19:16:20,0.7644230769230769,18.375,5.0,1.236081062276993,3514187.0,4101279232.0
VSCO,2025-12-05 19:16:20,0.9303846153846154,47.305,13.796008,3.5582059221163904,2355104.0,3792181248.0
WBD,2025-12-05 19:16:20,0.7863461538461538,25.8601,5.379376,3.2935781706215934,49617061.0,64080666624.0
ADBE,2025-12-05 19:38:05,0.9041044776119403,347.66,5.758523,1.2209999152161466,4305065.0,147477381120.0
ALB,2025-12-05 19:38:05,0.8279850746268657,126.825,6.4503922,0.759766409467661,3779434.0,14926989312.0
ALK,2025-12-05 19:38:05,0.7738805970149254,49.49,4.585803,0.8754161765869053,3514734.0,5740276736.0
AMBA,2025-12-05 19:38:05,0.773320895522388,74.41,4.7143345,0.7258790148792952,788411.0,3176489216.0
APLS,2025-12-05 19:38:05,0.8050373134328358,23.87,7.570979,0.8974591097729677,2556112.0,3020156928.0
BIDU,2025-12-05 19:38:05,0.7936567164179104,126.64,6.6711574,0.6842097266396037,5199473.0,44147412992.0
BURL,2025-12-05 19:38:05,0.883955223880597,271.13,5.5518827,0.9697602659805872,1041279.0,17061399552.0
COHR,2025-12-05 19:38:05,0.7582089552238807,182.88,3.118127,0.8408994225792948,4116063.0,28740253696.0
COO,2025-12-05 19:38:05,0.9013059701492536,81.575,5.900296,2.297880176532378,2717915.0,16275232768.0
CPAY,2025-12-05 19:38:05,0.7652985074626866,309.61,4.109072,0.6559503836153844,563846.0,21862918144.0
CRM,2025-12-05 19:38:05,0.8917910447761195,260.96,5.455421,1.2607450313276205,8598323.0,249477758976.0
DBRG,2025-12-05 19:38:05,0.9227611940298508,14.225,46.347736,12.559613542828831,3292163.0,2773380608.0
DG,2025-12-05 19:38:05,0.9389925373134328,134.65,7.470662,2.697347011448897,3221009.0,29637275648.0
DKS,2025-12-05 19:38:05,0.7781716417910448,234.23,3.6599348,0.757458893808449,1423569.0,21004883968.0
DLTR,2025-12-05 19:38:05,0.8820895522388059,125.3,8.138431,0.9782205753383528,4429915.0,25557170176.0
DUOL,2025-12-05 19:38:05,0.8240671641791044,198.3,5.2659507,0.7591989021806475,1907782.0,9166884864.0
FDS,2025-12-05 19:38:05,0.723134328358209,289.75,3.8828287,0.5958252038388288,859012.0,10954513408.0
FIVE,2025-12-05 19:38:05,0.825,174.965,3.886117,1.0033956132723147,1294906.0,9648526336.0
FROG,2025-12-05 19:38:05,0.8479477611940299,64.781,4.2836432,1.6976984448494623,1300903.0,7664423424.0
GPCR,2025-12-05 19:38:05,0.7869402985074626,35.48,8.006092,0.6993266595218451,1045979.0,2152842752.0
HUBG,2025-12-05 19:38:05,0.7746268656716417,41.03,3.8077095,1.0587067597037203,633726.0,2511839232.0
IOT,2025-12-05 19:38:05,0.9173507462686566,45.74,12.355693,2.886622186671486,5024431.0,26238048256.0
IVZ,2025-12-05 19:38:05,0.7677238805970148,26.24,4.0864935,1.7567208332974793,4997111.0,11702089728.0
KLIC,2025-12-05 19:38:05,0.7527985074626866,49.165,3.352956,0.9375343016235946,537511.0,2574426880.0
KRYS,2025-12-05 19:38:05,0.8402985074626865,232.98,4.9648533,0.7911244253783024,319123.0,6755842048.0
LMND,2025-12-05 19:38:05,0.7688432835820894,79.79,3.8932261,0.8253137308918691,2729728.0,5962788352.0
LSCC,2025-12-05 19:38:05,0.7710820895522388,79.47,4.798628,0.7309383968712441,2174922.0,10879090688.0
LULU,2025-12-05 19:38:05,0.7546641791044776,190.8,3.9215667,0.7080534397308422,4348974.0,22867476480.0
LUV,2025-12-05 19:38:05,0.8113805970149253,37.895,5.8223934,1.1311637319703205,9084188.0,19901988864.0
META,2025-12-05 19:38:05,0.730410447761194,673.3,1.7792025,0.759990412440754,17301588.0,1697071235072.0
MRNA,2025-12-05 19:38:05,0.791044776119403,27.4142,7.5488434,0.9062807765280751,11174303.0,10711650304.0
OLLI,2025-12-05 19:38:05,0.7315298507462686,122.83,3.8819385,0.6743728078149546,979046.0,7534530560.0
OMC,2025-12-05 19:38:05,0.8542910447761195,74.27,5.842951,1.106190747471163,4091703.0,23568781312.0
PEGA,2025-12-05 19:38:05,0.8087686567164178,60.1,5.438594,0.7936217416251844,1331492.0,10281948160.0
PRAX,2025-12-05 19:38:05,0.9753731343283584,249.235,31.197031,2.5228214150958874,975312.0,6232662528.0
PRCT,2025-12-05 19:38:05,0.8029850746268656,37.08,4.6570745,1.0913332242518,1344560.0,2071978112.0
QFIN,2025-12-05 19:38:05,0.775,19.7,5.1227374,1.0893099984012664,2026604.0,2720685568.0
RBRK,2025-12-05 19:38:05,0.9647388059701492,87.22,23.839275,3.765394938770354,3673139.0,17222346752.0
RDDT,2025-12-05 19:38:05,0.844776119402985,235.96,5.9304185,0.7870526041395887,5520307.0,44713422848.0
ROKU,2025-12-05 19:38:05,0.8565298507462688,99.965,5.7383065,1.0349427417678654,3189847.0,14770006016.0
SATS,2025-12-05 19:38:05,0.9535447761194028,85.99,15.422815,3.684590627246038,4104450.0,24754483200.0
SNDK,2025-12-05 19:38:05,0.7617537313432836,227.09,6.460081,0.5884204035675055,10908014.0,33280761856.0
TERN,2025-12-05 19:38:05,0.8748134328358208,29.68,9.399194,1.5430094930775289,2821319.0,2673568000.0
TTAN,2025-12-05 19:38:05,0.960820895522388,107.8,12.773311,2.6098715757882727,1056265.0,10019873792.0
UBS,2025-12-05 19:38:05,0.842910447761194,40.505,4.367993,2.881470984232105,1710501.0,127639379968.0
ULTA,2025-12-05 19:38:05,0.98955223880597,603.925,13.105155,4.501748511190297,572773.0,27143776256.0
VERA,2025-12-05 19:38:05,0.8524253731343282,45.305,6.3248057,1.0469233074816853,1578107.0,2896260864.0
VIAV,2025-12-05 19:38:05,0.7600746268656716,18.325,4.71429,1.292802574251171,3514187.0,4090119424.0
VSCO,2025-12-05 19:38:05,0.939179104477612,47.73,14.818378,3.884698934739188,2355104.0,3826251008.0
WBD,2025-12-05 19:38:05,0.7876865671641791,25.8266,5.2428613,3.366559155932271,49617061.0,63997652992.0
ADBE,2025-12-05 19:38:06,0.9041044776119403,347.66,5.758523,1.2209999152161466,4305065.0,147477381120.0
ALB,2025-12-05 19:38:06,0.8279850746268657,126.825,6.4503922,0.759766409467661,3779434.0,14926989312.0
ALK,2025-12-05 19:38:06,0.7738805970149254,49.49,4.585803,0.8754161765869053,3514734.0,5740276736.0
AMBA,2025-12-05 19:38:06,0.773320895522388,74.41,4.7143345,0.7258790148792952,788411.0,3176489216.0
APLS,2025-12-05 19:38:06,0.8050373134328358,23.87,7.570979,0.8974591097729677,2556112.0,3020156928.0
BIDU,2025-12-05 19:38:06,0.7936567164179104,126.64,6.6711574,0.6842097266396037,5199473.0,44147412992.0
BURL,2025-12-05 19:38:06,0.883955223880597,271.13,5.5518827,0.9697602659805872,1041279.0,17061399552.0
COHR,2025-12-05 19:38:06,0.7582089552238807,182.88,3.118127,0.8408994225792948,4116063.0,28740253696.0
COO,2025-12-05 19:38:06,0.9013059701492536,81.575,5.900296,2.297880176532378,2717915.0,16275232768.0
CPAY,2025-12-05 19:38:06,0.7652985074626866,309.61,4.109072,0.6559503836153844,563846.0,21862918144.0
CRM,2025-12-05 19:38:06,0.8917910447761195,260.96,5.455421,1.2607450313276205,8598323.0,249477758976.0
DBRG,2025-12-05 19:38:06,0.9227611940298508,14.225,46.347736,12.559613542828831,3292163.0,2773380608.0
DG,2025-12-05 19:38:06,0.9389925373134328,134.65,7.470662,2.697347011448897,3221009.0,29637275648.0
DKS,2025-12-05 19:38:06,0.7781716417910448,234.23,3.6599348,0.757458893808449,1423569.0,21004883968.0
DLTR,2025-12-05 19:38:06,0.8820895522388059,125.3,8.138431,0.9782205753383528,4429915.0,25557170176.0
DUOL,2025-12-05 19:38:06,0.8240671641791044,198.3,5.2659507,0.7591989021806475,1907782.0,9166884864.0
FDS,2025-12-05 19:38:06,0.723134328358209,289.75,3.8828287,0.5958252038388288,859012.0,10954513408.0
FIVE,2025-12-05 19:38:06,0.825,174.965,3.886117,1.0033956132723147,1294906.0,9648526336.0
FROG,2025-12-05 19:38:06,0.8479477611940299,64.781,4.2836432,1.6976984448494623,1300903.0,7664423424.0
GPCR,2025-12-05 19:38:06,0.7869402985074626,35.48,8.006092,0.6993266595218451,1045979.0,2152842752.0
HUBG,2025-12-05 19:38:06,0.7746268656716417,41.03,3.8077095,1.0587067597037203,633726.0,2511839232.0
IOT,2025-12-05 19:38:06,0.9173507462686566,45.74,12.355693,2.886622186671486,5024431.0,26238048256.0
IVZ,2025-12-05 19:38:06,0.7677238805970148,26.24,4.0864935,1.7567208332974793,4997111.0,11702089728.0
KLIC,2025-12-05 19:38:06,0.7527985074626866,49.165,3.352956,0.9375343016235946,537511.0,2574426880.0
KRYS,2025-12-05 19:38:06,0.8402985074626865,232.98,4.9648533,0.7911244253783024,319123.0,6755842048.0
LMND,2025-12-05 19:38:06,0.7688432835820894,79.79,3.8932261,0.8253137308918691,2729728.0,5962788352.0
LSCC,2025-12-05 19:38:06,0.7710820895522388,79.47,4.798628,0.7309383968712441,2174922.0,10879090688.0
LULU,2025-12-05 19:38:06,0.7546641791044776,190.8,3.9215667,0.7080534397308422,4348974.0,22867476480.0
LUV,2025-12-05 19:38:06,0.8113805970149253,37.895,5.8223934,1.1311637319703205,9084188.0,19901988864.0
META,2025-12-05 19:38:06,0.730410447761194,673.3,1.7792025,0.759990412440754,17301588.0,1697071235072.0
MRNA,2025-12-05 19:38:06,0.791044776119403,27.4142,7.5488434,0.9062807765280751,11174303.0,10711650304.0
OLLI,2025-12-05 19:38:06,0.7315298507462686,122.83,3.8819385,0.6743728078149546,979046.0,7534530560.0
OMC,2025-12-05 19:38:06,0.8542910447761195,74.27,5.842951,1.106190747471163,4091703.0,23568781312.0
PEGA,2025-12-05 19:38:06,0.8087686567164178,60.1,5.438594,0.7936217416251844,1331492.0,10281948160.0
PRAX,2025-12-05 19:38:06,0.9753731343283584,249.235,31.197031,2.5228214150958874,975312.0,6232662528.0
PRCT,2025-12-05 19:38:06,0.8029850746268656,37.08,4.6570745,1.0913332242518,1344560.0,2071978112.0
QFIN,2025-12-05 19:38:06,0.775,19.7,5.1227374,1.0893099984012664,2026604.0,2720685568.0
RBRK,2025-12-05 19:38:06,0.9647388059701492,87.22,23.839275,3.765394938770354,3673139.0,17222346752.0
RDDT,2025-12-05 19:38:06,0.844776119402985,235.96,5.9304185,0.7870526041395887,5520307.0,44713422848.0
ROKU,2025-12-05 19:38:06,0.8565298507462688,99.965,5.7383065,1.0349427417678654,3189847.0,14770006016.0
SATS,2025-12-05 19:38:06,0.9535447761194028,85.99,15.422815,3.684590627246038,4104450.0,24754483200.0
SNDK,2025-12-05 19:38:06,0.7617537313432836,227.09,6.460081,0.5884204035675055,10908014.0,33280761856.0
TERN,2025-12-05 19:38:06,0.8748134328358208,29.68,9.399194,1.5430094930775289,2821319.0,2673568000.0
TTAN,2025-12-05 19:38:06,0.960820895522388,107.8,12.773311,2.6098715757882727,1056265.0,10019873792.0
UBS,2025-12-05 19:38:06,0.842910447761194,40.505,4.367993,2.881470984232105,1710501.0,127639379968.0
ULTA,2025-12-05 19:38:06,0.98955223880597,603.925,13.105155,4.501748511190297,572773.0,27143776256.0
VERA,2025-12-05 19:38:06,0.8524253731343282,45.305,6.3248057,1.0469233074816853,1578107.0,2896260864.0
VIAV,2025-12-05 19:38:06,0.7600746268656716,18.325,4.71429,1.292802574251171,3514187.0,4090119424.0
VSCO,2025-12-05 19:38:06,0.939179104477612,47.73,14.818378,3.884698934739188,2355104.0,3826251008.0
WBD,2025-12-05 19:38:06,0.7876865671641791,25.8266,5.2428613,3.366559155932271,49617061.0,63997652992.0
ADBE,2025-12-05 19:50:47,0.9081818181818182,347.76,5.7889447,1.24783737295488,4305065.0,147519799296.0
ALB,2025-12-05 19:50:47,0.8223636363636364,126.8968,6.5106583,0.7736155731254998,3779434.0,14935440384.0
ALK,2025-12-05 19:50:47,0.7921818181818182,49.64,4.902789,0.9068273729960789,3514734.0,5757675008.0
AMBA,2025-12-05 19:50:47,0.7881818181818182,74.635,5.0309663,0.7531718862370007,788411.0,3186094080.0
APLS,2025-12-05 19:50:47,0.8094545454545454,23.88,7.616037,0.920483922457232,2556112.0,3021422080.0
BIDU,2025-12-05 19:50:47,0.7932727272727274,126.54,6.586927,0.7099363723977411,5199473.0,44112551936.0
BURL,2025-12-05 19:50:47,0.8803636363636362,270.185,5.183557,0.999278771587634,1041279.0,17001933824.0
CMC,2025-12-05 19:50:47,0.7332727272727272,67.335,3.227036,0.8374997279284692,1148595.0,7477413376.0
COHR,2025-12-05 19:50:47,0.7583636363636364,182.87,3.112483,0.8648016320449906,4116063.0,28738680832.0
COO,2025-12-05 19:50:47,0.9081818181818182,81.81,6.205373,2.335910431341672,2717915.0,16322117632.0
CPAY,2025-12-05 19:50:47,0.7687272727272727,310.1,4.273846,0.6752286971974617,563846.0,21897521152.0
CRM,2025-12-05 19:50:47,0.8961818181818181,260.9784,5.462857,1.291968561776523,8598323.0,249495339008.0
DBRG,2025-12-05 19:50:47,0.924,14.395,48.121464,12.978279933283984,3292163.0,2806524672.0
DG,2025-12-05 19:50:47,0.9454545454545452,134.955,7.714104,2.7837801757151253,3221009.0,29704409088.0
DKS,2025-12-05 19:50:47,0.7823636363636364,234.03,3.571425,0.7853830759169383,1423569.0,20986949632.0
DLTR,2025-12-05 19:50:47,0.8801818181818182,124.655,7.580788,1.0089742128234966,4429915.0,25425610752.0
DUOL,2025-12-05 19:50:47,0.8258181818181818,198.38,5.308419,0.7773807489534967,1907782.0,9170583552.0
FIVE,2025-12-05 19:50:47,0.8252727272727273,174.79,3.7822082,1.0463114697128597,1294906.0,9638875136.0
FROG,2025-12-05 19:50:47,0.852,64.785,4.2876763,1.7416002576671743,1300903.0,7664897024.0
GPCR,2025-12-05 19:50:47,0.7814545454545455,35.25,7.305941,0.738611387035495,1045979.0,2138886784.0
HUBG,2025-12-05 19:50:47,0.7850909090909091,41.075,3.9215665,1.0799004617137375,633726.0,2514594304.0
IOT,2025-12-05 19:50:47,0.9238181818181818,45.8755,12.68853,2.957167886274088,5024431.0,26315776000.0
IVZ,2025-12-05 19:50:47,0.7638181818181817,26.205,3.94685,1.777262302158187,4997111.0,11686480896.0
KLIC,2025-12-05 19:50:47,0.7576363636363637,49.2037,3.4343102,0.9792227507902164,537511.0,2576453376.0
KRYS,2025-12-05 19:50:47,0.8398181818181818,232.61,4.798159,0.8466641389056884,319123.0,6745113088.0
LMND,2025-12-05 19:50:47,0.762909090909091,79.64,3.6979117,0.8464693185548157,2729728.0,5951578624.0
LSCC,2025-12-05 19:50:47,0.763090909090909,79.39,4.6947083,0.7478461296543049,2174922.0,10868139008.0
LULU,2025-12-05 19:50:47,0.7478181818181818,190.7,3.8670974,0.720414746098735,4348974.0,22855491584.0
LUV,2025-12-05 19:50:47,0.8079999999999999,37.8,5.557101,1.1605411512839672,9084188.0,19852095488.0
MRNA,2025-12-05 19:50:47,0.7996363636363637,27.51,7.9246783,0.9267912280524342,11174303.0,10749082624.0
OLLI,2025-12-05 19:50:47,0.7367272727272728,122.72,3.7889068,0.7055163904453927,979046.0,7527782912.0
OMC,2025-12-05 19:50:47,0.8561818181818182,74.355,5.9640946,1.124782761603176,4091703.0,23595757568.0
PEGA,2025-12-05 19:50:47,0.8107272727272726,60.13,5.49123,0.8106049454296383,1331492.0,10287081472.0
PRAX,2025-12-05 19:50:47,0.976,249.56,31.368109,2.538773233590892,975312.0,6240790016.0
PRCT,2025-12-05 19:50:47,0.7912727272727272,36.98,4.374821,1.1089873267091093,1344560.0,2066390144.0
PTGX,2025-12-05 19:50:47,0.7392727272727272,90.11,3.1833262,0.8041797454257387,1172703.0,5633286656.0
QFIN,2025-12-05 19:50:47,0.752,19.56,4.3756657,1.1392368711400944,2026604.0,2701350400.0
RBRK,2025-12-05 19:50:47,0.964,87.24,23.867666,3.804126116653903,3673139.0,17226295296.0
RDDT,2025-12-05 19:50:47,0.8394545454545456,235.519,5.732434,0.8035848368578052,5520307.0,44629852160.0
ROKU,2025-12-05 19:50:47,0.856,99.575,5.3257837,1.0630293553264467,3189847.0,14712382464.0
SATS,2025-12-05 19:50:47,0.9456363636363636,82.36,10.550337,4.564157195239313,4104450.0,23709493248.0
SNDK,2025-12-05 19:50:47,0.7643636363636364,228.205,6.982797,0.6053437408496175,10908014.0,33444169728.0
TERN,2025-12-05 19:50:47,0.8747272727272728,29.65,9.288612,1.563032397258162,2821319.0,2670865664.0
TTAN,2025-12-05 19:50:47,0.9621818181818182,107.71,12.679153,2.7095103974854795,1056265.0,10011508736.0
UBS,2025-12-05 19:50:47,0.8501818181818181,40.585,4.5735574,2.9128436639323803,1710501.0,127891472384.0
ULTA,2025-12-05 19:50:47,0.9885454545454544,603.115,12.953456,4.563801017156885,572773.0,27107368960.0
VERA,2025-12-05 19:50:47,0.8572727272727272,45.185,6.043184,1.1429491156176357,1578107.0,2888589568.0
VIAV,2025-12-05 19:50:47,0.7638181818181818,18.335,4.7714233,1.3180593406099337,3514187.0,4092350976.0
VSCO,2025-12-05 19:50:47,0.9403636363636364,47.62,14.553763,3.964081840971778,2355104.0,3817432832.0
WBD,2025-12-05 19:50:47,0.7890909090909092,25.805,5.1548467,3.398795527207869,49617061.0,63944134656.0
ADBE,2025-12-05 19:50:48,0.9081818181818182,347.76,5.7889447,1.24783737295488,4305065.0,147519799296.0
ALB,2025-12-05 19:50:48,0.8223636363636364,126.8968,6.5106583,0.7736155731254998,3779434.0,14935440384.0
ALK,2025-12-05 19:50:48,0.7921818181818182,49.64,4.902789,0.9068273729960789,3514734.0,5757675008.0
AMBA,2025-12-05 19:50:48,0.7881818181818182,74.635,5.0309663,0.7531718862370007,788411.0,3186094080.0
APLS,2025-12-05 19:50:48,0.8094545454545454,23.88,7.616037,0.920483922457232,2556112.0,3021422080.0
BIDU,2025-12-05 19:50:48,0.7932727272727274,126.54,6.586927,0.7099363723977411,5199473.0,44112551936.0
BURL,2025-12-05 19:50:48,0.8803636363636362,270.185,5.183557,0.999278771587634,1041279.0,17001933824.0
CMC,2025-12-05 19:50:48,0.7332727272727272,67.335,3.227036,0.8374997279284692,1148595.0,7477413376.0
COHR,2025-12-05 19:50:48,0.7583636363636364,182.87,3.112483,0.8648016320449906,4116063.0,28738680832.0
COO,2025-12-05 19:50:48,0.9081818181818182,81.81,6.205373,2.335910431341672,2717915.0,16322117632.0
CPAY,2025-12-05 19:50:48,0.7687272727272727,310.1,4.273846,0.6752286971974617,563846.0,21897521152.0
CRM,2025-12-05 19:50:48,0.8961818181818181,260.9784,5.462857,1.291968561776523,8598323.0,249495339008.0
DBRG,2025-12-05 19:50:48,0.924,14.395,48.121464,12.978279933283984,3292163.0,2806524672.0
DG,2025-12-05 19:50:48,0.9454545454545452,134.955,7.714104,2.7837801757151253,3221009.0,29704409088.0
DKS,2025-12-05 19:50:48,0.7823636363636364,234.03,3.571425,0.7853830759169383,1423569.0,20986949632.0
DLTR,2025-12-05 19:50:48,0.8801818181818182,124.655,7.580788,1.0089742128234966,4429915.0,25425610752.0
DUOL,2025-12-05 19:50:48,0.8258181818181818,198.38,5.308419,0.7773807489534967,1907782.0,9170583552.0
FIVE,2025-12-05 19:50:48,0.8252727272727273,174.79,3.7822082,1.0463114697128597,1294906.0,9638875136.0
FROG,2025-12-05 19:50:48,0.852,64.785,4.2876763,1.7416002576671743,1300903.0,7664897024.0
GPCR,2025-12-05 19:50:48,0.7814545454545455,35.25,7.305941,0.738611387035495,1045979.0,2138886784.0
HUBG,2025-12-05 19:50:48,0.7850909090909091,41.075,3.9215665,1.0799004617137375,633726.0,2514594304.0
IOT,2025-12-05 19:50:48,0.9238181818181818,45.8755,12.68853,2.957167886274088,5024431.0,26315776000.0
IVZ,2025-12-05 19:50:48,0.7638181818181817,26.205,3.94685,1.777262302158187,4997111.0,11686480896.0
KLIC,2025-12-05 19:50:48,0.7576363636363637,49.2037,3.4343102,0.9792227507902164,537511.0,2576453376.0
KRYS,2025-12-05 19:50:48,0.8398181818181818,232.61,4.798159,0.8466641389056884,319123.0,6745113088.0
LMND,2025-12-05 19:50:48,0.762909090909091,79.64,3.6979117,0.8464693185548157,2729728.0,5951578624.0
LSCC,2025-12-05 19:50:48,0.763090909090909,79.39,4.6947083,0.7478461296543049,2174922.0,10868139008.0
LULU,2025-12-05 19:50:48,0.7478181818181818,190.7,3.8670974,0.720414746098735,4348974.0,22855491584.0
LUV,2025-12-05 19:50:48,0.8079999999999999,37.8,5.557101,1.1605411512839672,9084188.0,19852095488.0
MRNA,2025-12-05 19:50:48,0.7996363636363637,27.51,7.9246783,0.9267912280524342,11174303.0,10749082624.0
OLLI,2025-12-05 19:50:48,0.7367272727272728,122.72,3.7889068,0.7055163904453927,979046.0,7527782912.0
OMC,2025-12-05 19:50:48,0.8561818181818182,74.355,5.9640946,1.124782761603176,4091703.0,23595757568.0
PEGA,2025-12-05 19:50:48,0.8107272727272726,60.13,5.49123,0.8106049454296383,1331492.0,10287081472.0
PRAX,2025-12-05 19:50:48,0.976,249.56,31.368109,2.538773233590892,975312.0,6240790016.0
PRCT,2025-12-05 19:50:48,0.7912727272727272,36.98,4.374821,1.1089873267091093,1344560.0,2066390144.0
PTGX,2025-12-05 19:50:48,0.7392727272727272,90.11,3.1833262,0.8041797454257387,1172703.0,5633286656.0
QFIN,2025-12-05 19:50:48,0.752,19.56,4.3756657,1.1392368711400944,2026604.0,2701350400.0
RBRK,2025-12-05 19:50:48,0.964,87.24,23.867666,3.804126116653903,3673139.0,17226295296.0
RDDT,2025-12-05 19:50:48,0.8394545454545456,235.519,5.732434,0.8035848368578052,5520307.0,44629852160.0
ROKU,2025-12-05 19:50:48,0.856,99.575,5.3257837,1.0630293553264467,3189847.0,14712382464.0
SATS,2025-12-05 19:50:48,0.9456363636363636,82.36,10.550337,4.564157195239313,4104450.0,23709493248.0
SNDK,2025-12-05 19:50:48,0.7643636363636364,228.205,6.982797,0.6053437408496175,10908014.0,33444169728.0
TERN,2025-12-05 19:50:48,0.8747272727272728,29.65,9.288612,1.563032397258162,2821319.0,2670865664.0
TTAN,2025-12-05 19:50:48,0.9621818181818182,107.71,12.679153,2.7095103974854795,1056265.0,10011508736.0
UBS,2025-12-05 19:50:48,0.8501818181818181,40.585,4.5735574,2.9128436639323803,1710501.0,127891472384.0
ULTA,2025-12-05 19:50:48,0.9885454545454544,603.115,12.953456,4.563801017156885,572773.0,27107368960.0
VERA,2025-12-05 19:50:48,0.8572727272727272,45.185,6.043184,1.1429491156176357,1578107.0,2888589568.0
VIAV,2025-12-05 19:50:48,0.7638181818181818,18.335,4.7714233,1.3180593406099337,3514187.0,4092350976.0
VSCO,2025-12-05 19:50:48,0.9403636363636364,47.62,14.553763,3.964081840971778,2355104.0,3817432832.0
WBD,2025-12-05 19:50:48,0.7890909090909092,25.805,5.1548467,3.398795527207869,49617061.0,63944134656.0
ADBE,2025-12-05 20:22:25,0.90993031358885,348.29,5.950171,1.3187018082189237,4305065.0,147744620544.0
ALB,2025-12-05 20:22:25,0.814808362369338,126.9499,6.555228,0.8045313134188876,3779434.0,14941689856.0
ALK,2025-12-05 20:22:25,0.8106271777003484,49.905,5.4628043,1.0088783390151288,3514734.0,5788411904.0
AMBA,2025-12-05 20:22:25,0.8,74.46,4.7846913,0.8451226581059879,788411.0,3178623488.0
AMRZ,2025-12-05 20:22:25,0.7400696864111497,54.575,3.4793308,0.9889639610032158,4868504.0,30184454144.0
APLS,2025-12-05 20:22:25,0.8172473867595818,23.975,8.044163,1.0322098562191329,2556112.0,3033442048.0
BIDU,2025-12-05 20:22:25,0.8020905923344948,126.838,6.837935,0.7556623527038221,5199473.0,44216434688.0
BURL,2025-12-05 20:22:25,0.883623693379791,271.08,5.531978,1.1069089072189109,1041279.0,17058252800.0
CMC,2025-12-05 20:22:25,0.7385017421602788,67.36,3.2653644,0.8975522268510658,1148595.0,7480189440.0
COO,2025-12-05 20:22:25,0.9226480836236934,82.41,6.984298,2.5046309395253346,2717915.0,16441827328.0
CPAY,2025-12-05 20:22:25,0.7876306620209059,310.205,4.309147,0.7507723740170188,563846.0,21904934912.0
CRM,2025-12-05 20:22:25,0.898432055749129,261.31,5.59686,1.3793508338777225,8598323.0,249812353024.0
DBRG,2025-12-05 20:22:25,0.9264808362369338,14.705,51.286003,14.206313296152103,3292163.0,2866963712.0
DDS,2025-12-05 20:22:25,0.7658536585365854,702.2,3.1039872,0.8169582426620517,116722.0,10954319872.0
DG,2025-12-05 20:22:25,0.929965156794425,133.1,6.233542,3.010293979308968,3221009.0,29296113664.0
DLTR,2025-12-05 20:22:25,0.879965156794425,123.89,6.9215465,1.113247093905865,4429915.0,25269575680.0
DUOL,2025-12-05 20:22:25,0.8444250871080139,199.85,6.088757,0.8452386069267872,1907782.0,9238537216.0
FDS,2025-12-05 20:22:25,0.7578397212543554,291.02,4.3381524,0.6836249086159448,859012.0,11002527744.0
FIVE,2025-12-05 20:22:25,0.8172473867595819,174.2,3.4318957,1.1575566102867698,1294906.0,9606339584.0
FROG,2025-12-05 20:22:25,0.8198606271777003,64.29,3.4932423,1.9549997194256603,1300903.0,7606331904.0
GPCR,2025-12-05 20:22:25,0.7831010452961673,34.785,5.890415,0.8404174462393604,1045979.0,2110671744.0
HUBG,2025-12-05 20:22:25,0.7879790940766551,41.01,3.7571075,1.1551411808889016,633726.0,2510614784.0
IOT,2025-12-05 20:22:25,0.9229965156794424,45.825,12.564486,3.122258221876268,5024431.0,26286807040.0
IVZ,2025-12-05 20:22:25,0.7454703832752613,26.105,3.5501804,1.8532532097045675,4997111.0,11641884672.0
KLIC,2025-12-05 20:22:25,0.7658536585365855,49.22,3.468576,1.0594350627242977,537511.0,2577306880.0
KRYS,2025-12-05 20:22:25,0.8139372822299653,230.2,3.712376,0.9311550718688404,319123.0,6675229184.0
LMND,2025-12-05 20:22:25,0.7365853658536586,79.31,3.2682219,0.8828784406358435,2729728.0,5926917120.0
LSCC,2025-12-05 20:22:25,0.7790940766550523,79.6125,4.988133,0.8033580054824955,2174922.0,10898598912.0
LULU,2025-12-05 20:22:25,0.7745644599303136,191.65,4.384525,0.7715249619795381,4348974.0,22969348096.0
LUV,2025-12-05 20:22:25,0.8156794425087107,37.915,5.878245,1.2305508208328582,9084188.0,19912493056.0
MRNA,2025-12-05 20:22:25,0.7963414634146341,27.56,8.120831,0.9946515679769916,11174303.0,10768618496.0
OLLI,2025-12-05 20:22:25,0.7557491289198606,122.44,3.5506,0.8120793098587809,979046.0,7510607360.0
OMC,2025-12-05 20:22:25,0.8649825783972125,74.45,6.099471,1.209530359363815,4091703.0,23625902080.0
PEGA,2025-12-05 20:22:25,0.8064459930313588,60.14,5.508771,0.8720773388048896,1331492.0,10288791552.0
PRAX,2025-12-05 20:22:25,0.9740418118466898,247.38,30.220564,2.601488549305248,975312.0,6186274304.0
PRCT,2025-12-05 20:22:25,0.7663763066202091,36.734,3.680499,1.167507586124829,1344560.0,2052644096.0
QFIN,2025-12-05 20:22:25,0.769163763066202,19.61,4.6424804,1.2052379251200531,2026604.0,2708256000.0
RBRK,2025-12-05 20:22:25,0.9627177700348432,86.85,23.313925,3.9354971320170566,3673139.0,17149286400.0
RDDT,2025-12-05 20:22:25,0.8114982578397213,232.79,4.5072923,0.8537061435170181,5520307.0,44112715776.0
ROKU,2025-12-05 20:22:25,0.8721254355400696,100.34,6.134964,1.1282904791358332,3189847.0,14825412608.0
SATS,2025-12-05 20:22:25,0.9449477351916376,82.245,10.395976,5.162602541144368,4104450.0,23676389376.0
SNDK,2025-12-05 20:22:25,0.7770034843205574,228.225,6.992175,0.6586444608523605,10908014.0,33447100416.0
TERN,2025-12-05 20:22:25,0.8754355400696863,29.565,8.975309,1.6397543134966304,2821319.0,2663208960.0
TTAN,2025-12-05 20:22:25,0.9655052264808364,107.255,12.203161,3.1697414947953404,1056265.0,9969216512.0
UBS,2025-12-05 20:22:25,0.8642857142857141,40.665,4.7796946,3.0713171170317937,1710501.0,128143572992.0
ULTA,2025-12-05 20:22:25,0.987630662020906,604.375,13.189435,4.775626644412359,572773.0,27164002304.0
VERA,2025-12-05 20:22:25,0.8428571428571429,44.975,5.5503354,1.203242238960983,1578107.0,2875164672.0
VIAV,2025-12-05 20:22:25,0.7614982578397211,18.295,4.5428576,1.3870713197675593,3514187.0,4083423232.0
VSCO,2025-12-05 20:22:25,0.9442508710801394,48.19,15.924943,4.166573535606071,2355104.0,3863126528.0
WBD,2025-12-05 20:22:25,0.8050522648083622,25.9404,5.706594,3.5109522710343524,49617061.0,64279650304.0
ADBE,2025-12-05 20:44:42,0.9075601374570448,347.62,5.746352,1.4304018638510685,4305065.0,147460407296.0
ALB,2025-12-05 20:44:42,0.8372852233676976,126.56,6.2279654,0.8985057021765693,3779434.0,14895800320.0
ALK,2025-12-05 20:44:42,0.8182130584192439,49.75,5.13525,1.1107113653551022,3514734.0,5770433536.0
AMBA,2025-12-05 20:44:42,0.8163230240549827,74.64,5.0379987,0.9294784065671332,788411.0,3186307584.0
AMRZ,2025-12-05 20:44:42,0.7599656357388315,54.54,3.4129677,1.0483871431552692,4868504.0,30165094400.0
APLS,2025-12-05 20:44:42,0.8228522336769759,23.73,6.9400587,1.1616987049080791,2556112.0,3002443264.0
APPN,2025-12-05 20:44:42,0.7376288659793814,40.76,3.4780374,0.9123944674423106,795726.0,3017542656.0
BIDU,2025-12-05 20:44:42,0.8030927835051547,126.63,6.6627326,0.7981170399384707,5199473.0,44143927296.0
BKNG,2025-12-05 20:44:42,0.749828178694158,5173.445,3.1059616,0.7410489889769073,261814.0,167670759424.0
BURL,2025-12-05 20:44:42,0.8950171821305841,271.83,5.8239546,1.2183919967655163,1041279.0,17105447936.0
COO,2025-12-05 20:44:42,0.9216494845360824,81.995,6.44471,2.7018107630297488,2717915.0,16359028736.0
CPAY,2025-12-05 20:44:42,0.8190721649484535,311.2,4.6437325,0.8528764946457011,563846.0,21975197696.0
CRM,2025-12-05 20:44:42,0.8950171821305842,260.4,5.2291226,1.4760723689956752,8598323.0,248942395392.0
DBRG,2025-12-05 20:44:42,0.927147766323024,14.4085,48.235588,15.500651699202011,3292163.0,2809156608.0
DG,2025-12-05 20:44:42,0.9292096219931272,132.72,5.9302416,3.193431312982981,3221009.0,29212473344.0
DLTR,2025-12-05 20:44:42,0.8785223367697595,122.86,6.0326204,1.2391558303037418,4429915.0,25059489792.0
DUOL,2025-12-05 20:44:42,0.8333333333333333,198.52,5.3827367,0.8854250642893161,1907782.0,9177055232.0
FDS,2025-12-05 20:44:42,0.777319587628866,290.06,3.9939709,0.7620312638240211,859012.0,10966233088.0
FROG,2025-12-05 20:44:42,0.8573883161512028,64.59,3.976171,2.071412703329918,1300903.0,7641825280.0
GPCR,2025-12-05 20:44:42,0.811340206185567,34.83,6.0274076,0.9399165757629934,1045979.0,2113402368.0
HUBG,2025-12-05 20:44:42,0.8048109965635738,41.04,3.8330154,1.2492686113556963,633726.0,2512451584.0
IOT,2025-12-05 20:44:42,0.922852233676976,45.48,11.717025,3.272788699854769,5024431.0,26088902656.0
IVZ,2025-12-05 20:44:42,0.7785223367697595,26.195,3.9062524,1.937808065500246,4997111.0,11682021376.0
KRYS,2025-12-05 20:44:42,0.8462199312714777,231.56,4.3250995,1.0044716300611365,319123.0,6714665472.0
LSCC,2025-12-05 20:44:42,0.7788659793814433,78.89,4.035339,0.8686136790192935,2174922.0,10799691776.0
LULU,2025-12-05 20:44:42,0.7725085910652921,190.915,3.9841976,0.8164454420743835,4348974.0,22881257472.0
LUV,2025-12-05 20:44:42,0.8247422680412372,37.9697,6.0309925,1.3124701954649112,9084188.0,19941220352.0
MC,2025-12-05 20:44:42,0.7345360824742267,68.86,3.6267927,0.7902540663728861,793336.0,5108062720.0
MDB,2025-12-05 20:44:42,0.7821305841924399,408.48,2.9602196,0.8882815349145637,1916693.0,33246906368.0
META,2025-12-05 20:44:42,0.7494845360824742,673.27,1.7749273,0.893262918987552,17301588.0,1696995737600.0
MRNA,2025-12-05 20:44:42,0.8039518900343642,27.555,8.101218,1.0624601820802604,11174303.0,10766665728.0
MU,2025-12-05 20:44:42,0.7256013745704466,237.58,4.822417,0.6716158770505005,26486582.0,267360600064.0
NTSK,2025-12-05 20:44:42,0.7268041237113402,21.045,6.935974,0.7695867674651203,2885494.0,8040730112.0
OMC,2025-12-05 20:44:42,0.8596219931271478,74.185,5.7218175,1.318259169837107,4091703.0,23541807104.0
PEGA,2025-12-05 20:44:42,0.8063573883161512,59.92,5.1228037,0.9223697926836962,1331492.0,10251153408.0
PRAX,2025-12-05 20:44:42,0.972680412371134,245.89,29.436226,2.645775915809505,975312.0,6149013504.0
QFIN,2025-12-05 20:44:42,0.7762886597938145,19.57,4.4290285,1.2940317891408484,2026604.0,2702731520.0
RBRK,2025-12-05 20:44:42,0.965979381443299,86.48,22.788588,4.109126009116453,3673139.0,17076228096.0
RDDT,2025-12-05 20:44:42,0.8152920962199313,232.54,4.3950586,0.8995691725116013,5520307.0,44065341440.0
ROKU,2025-12-05 20:44:42,0.8652920962199313,100.09,5.870526,1.2108411469264826,3189847.0,14788474880.0
SATS,2025-12-05 20:44:42,0.9518900343642612,82.735,11.053692,5.450578518437306,4104450.0,23817447424.0
SNDK,2025-12-05 20:44:42,0.7756013745704466,228.3864,7.0678363,0.6847811159758321,10908014.0,33470754816.0
TERN,2025-12-05 20:44:42,0.8768041237113401,29.445,8.532991,1.8085594007625512,2821319.0,2652399104.0
TTAN,2025-12-05 20:44:42,0.9671821305841924,106.26,11.162262,3.675701646840518,1056265.0,9876732928.0
UBS,2025-12-05 20:44:42,0.8790378006872852,40.7262,4.9373837,3.3256963895373346,1710501.0,128336420864.0
ULTA,2025-12-05 20:44:42,0.9881443298969071,605.12,13.328959,4.973637025488283,572773.0,27197487104.0
VERA,2025-12-05 20:44:42,0.8642611683848798,45.25,6.191368,1.2702826867886652,1578107.0,2892744960.0
VIAV,2025-12-05 20:44:42,0.7699312714776633,18.2761,4.435137,1.4501960197337251,3514187.0,4079204864.0
VSCO,2025-12-05 20:44:42,0.9465635738831616,48.17,15.876831,4.370236303789556,2355104.0,3861523200.0
WBD,2025-12-05 20:44:42,0.8127147766323024,26.01,5.990217,3.633928136130433,49617061.0,64452116480.0
ADBE,2025-12-05 20:44:43,0.9075601374570448,347.62,5.746352,1.4304018638510685,4305065.0,147460407296.0
ALB,2025-12-05 20:44:43,0.8372852233676976,126.56,6.2279654,0.8985057021765693,3779434.0,14895800320.0
ALK,2025-12-05 20:44:43,0.8182130584192439,49.75,5.13525,1.1107113653551022,3514734.0,5770433536.0
AMBA,2025-12-05 20:44:43,0.8163230240549827,74.64,5.0379987,0.9294784065671332,788411.0,3186307584.0
AMRZ,2025-12-05 20:44:43,0.7599656357388315,54.54,3.4129677,1.0483871431552692,4868504.0,30165094400.0
APLS,2025-12-05 20:44:43,0.8228522336769759,23.73,6.9400587,1.1616987049080791,2556112.0,3002443264.0
APPN,2025-12-05 20:44:43,0.7376288659793814,40.76,3.4780374,0.9123944674423106,795726.0,3017542656.0
BIDU,2025-12-05 20:44:43,0.8030927835051547,126.63,6.6627326,0.7981170399384707,5199473.0,44143927296.0
BKNG,2025-12-05 20:44:43,0.749828178694158,5173.445,3.1059616,0.7410489889769073,261814.0,167670759424.0
BURL,2025-12-05 20:44:43,0.8950171821305841,271.83,5.8239546,1.2183919967655163,1041279.0,17105447936.0
COO,2025-12-05 20:44:43,0.9216494845360824,81.995,6.44471,2.7018107630297488,2717915.0,16359028736.0
CPAY,2025-12-05 20:44:43,0.8190721649484535,311.2,4.6437325,0.8528764946457011,563846.0,21975197696.0
CRM,2025-12-05 20:44:43,0.8950171821305842,260.4,5.2291226,1.4760723689956752,8598323.0,248942395392.0
DBRG,2025-12-05 20:44:43,0.927147766323024,14.4085,48.235588,15.500651699202011,3292163.0,2809156608.0
DG,2025-12-05 20:44:43,0.9292096219931272,132.72,5.9302416,3.193431312982981,3221009.0,29212473344.0
DLTR,2025-12-05 20:44:43,0.8785223367697595,122.86,6.0326204,1.2391558303037418,4429915.0,25059489792.0
DUOL,2025-12-05 20:44:43,0.8333333333333333,198.52,5.3827367,0.8854250642893161,1907782.0,9177055232.0
FDS,2025-12-05 20:44:43,0.777319587628866,290.06,3.9939709,0.7620312638240211,859012.0,10966233088.0
FROG,2025-12-05 20:44:43,0.8573883161512028,64.59,3.976171,2.071412703329918,1300903.0,7641825280.0
GPCR,2025-12-05 20:44:43,0.811340206185567,34.83,6.0274076,0.9399165757629934,1045979.0,2113402368.0
HUBG,2025-12-05 20:44:43,0.8048109965635738,41.04,3.8330154,1.2492686113556963,633726.0,2512451584.0
IOT,2025-12-05 20:44:43,0.922852233676976,45.48,11.717025,3.272788699854769,5024431.0,26088902656.0
IVZ,2025-12-05 20:44:43,0.7785223367697595,26.195,3.9062524,1.937808065500246,4997111.0,11682021376.0
KRYS,2025-12-05 20:44:43,0.8462199312714777,231.56,4.3250995,1.0044716300611365,319123.0,6714665472.0
LSCC,2025-12-05 20:44:43,0.7788659793814433,78.89,4.035339,0.8686136790192935,2174922.0,10799691776.0
LULU,2025-12-05 20:44:43,0.7725085910652921,190.915,3.9841976,0.8164454420743835,4348974.0,22881257472.0
LUV,2025-12-05 20:44:43,0.8247422680412372,37.9697,6.0309925,1.3124701954649112,9084188.0,19941220352.0
MC,2025-12-05 20:44:43,0.7345360824742267,68.86,3.6267927,0.7902540663728861,793336.0,5108062720.0
MDB,2025-12-05 20:44:43,0.7821305841924399,408.48,2.9602196,0.8882815349145637,1916693.0,33246906368.0
META,2025-12-05 20:44:43,0.7494845360824742,673.27,1.7749273,0.893262918987552,17301588.0,1696995737600.0
MRNA,2025-12-05 20:44:43,0.8039518900343642,27.555,8.101218,1.0624601820802604,11174303.0,10766665728.0
MU,2025-12-05 20:44:43,0.7256013745704466,237.58,4.822417,0.6716158770505005,26486582.0,267360600064.0
NTSK,2025-12-05 20:44:43,0.7268041237113402,21.045,6.935974,0.7695867674651203,2885494.0,8040730112.0
OMC,2025-12-05 20:44:43,0.8596219931271478,74.185,5.7218175,1.318259169837107,4091703.0,23541807104.0
PEGA,2025-12-05 20:44:43,0.8063573883161512,59.92,5.1228037,0.9223697926836962,1331492.0,10251153408.0
PRAX,2025-12-05 20:44:43,0.972680412371134,245.89,29.436226,2.645775915809505,975312.0,6149013504.0
QFIN,2025-12-05 20:44:43,0.7762886597938145,19.57,4.4290285,1.2940317891408484,2026604.0,2702731520.0
RBRK,2025-12-05 20:44:43,0.965979381443299,86.48,22.788588,4.109126009116453,3673139.0,17076228096.0
RDDT,2025-12-05 20:44:43,0.8152920962199313,232.54,4.3950586,0.8995691725116013,5520307.0,44065341440.0
ROKU,2025-12-05 20:44:43,0.8652920962199313,100.09,5.870526,1.2108411469264826,3189847.0,14788474880.0
SATS,2025-12-05 20:44:43,0.9518900343642612,82.735,11.053692,5.450578518437306,4104450.0,23817447424.0
SNDK,2025-12-05 20:44:43,0.7756013745704466,228.3864,7.0678363,0.6847811159758321,10908014.0,33470754816.0
TERN,2025-12-05 20:44:43,0.8768041237113401,29.445,8.532991,1.8085594007625512,2821319.0,2652399104.0
TTAN,2025-12-05 20:44:43,0.9671821305841924,106.26,11.162262,3.675701646840518,1056265.0,9876732928.0
UBS,2025-12-05 20:44:43,0.8790378006872852,40.7262,4.9373837,3.3256963895373346,1710501.0,128336420864.0
ULTA,2025-12-05 20:44:43,0.9881443298969071,605.12,13.328959,4.973637025488283,572773.0,27197487104.0
VERA,2025-12-05 20:44:43,0.8642611683848798,45.25,6.191368,1.2702826867886652,1578107.0,2892744960.0
VIAV,2025-12-05 20:44:43,0.7699312714776633,18.2761,4.435137,1.4501960197337251,3514187.0,4079204864.0
VSCO,2025-12-05 20:44:43,0.9465635738831616,48.17,15.876831,4.370236303789556,2355104.0,3861523200.0
WBD,2025-12-05 20:44:43,0.8127147766323024,26.01,5.990217,3.633928136130433,49617061.0,64452116480.0
ABVX,2025-12-05 20:55:39,0.7899999999999999,115.02,3.9652338,0.9552833925955474,1163192.0,8960439296.0
ADBE,2025-12-05 20:55:39,0.911290322580645,346.14,5.2961407,1.5043410494382778,4305065.0,146832588800.0
ALB,2025-12-05 20:55:39,0.8201612903225807,125.44,5.287899,0.9557952328311594,3779434.0,14763978752.0
ALK,2025-12-05 20:55:39,0.8248387096774192,49.67,4.9661846,1.2267972483835192,3514734.0,5761154560.0
AMBA,2025-12-05 20:55:39,0.8035483870967741,74.01,4.1514277,1.023664053393471,788411.0,3159413504.0
AMRZ,2025-12-05 20:55:39,0.7714516129032257,54.645,3.6117144,1.1140720024056672,4868504.0,30223169536.0
APLS,2025-12-05 20:55:39,0.8238709677419355,23.635,6.511941,1.2792495008043463,2556112.0,2990423552.0
APPN,2025-12-05 20:55:39,0.774516129032258,41.06,4.23966,0.9971359488064988,795726.0,3039752448.0
BIDU,2025-12-05 20:55:39,0.7943548387096775,125.48,5.6938324,0.8631449764235721,5199473.0,43743031296.0
BKNG,2025-12-05 20:55:39,0.7753225806451612,5196.48,3.5650487,0.8183863353373005,261814.0,168417329152.0
BURL,2025-12-05 20:55:39,0.913548387096774,272.655,6.142622,1.3418171306633475,1041279.0,17157363712.0
COO,2025-12-05 20:55:39,0.9146774193548388,81.49,5.789951,2.918742491946952,2717915.0,16258274304.0
CPAY,2025-12-05 20:55:39,0.815483870967742,310.35,4.3579106,0.916289199533206,563846.0,21915174912.0
CRM,2025-12-05 20:55:39,0.9067741935483872,260.76,5.3746066,1.5756135237068902,8598323.0,249286574080.0
DBRG,2025-12-05 20:55:39,0.924516129032258,14.3,47.11934,16.03929088565785,3292163.0,2788002816.0
DG,2025-12-05 20:55:39,0.9364516129032258,132.795,5.990101,3.3411092611042066,3221009.0,29228980224.0
DLTR,2025-12-05 20:55:39,0.8761290322580644,122.2409,5.498313,1.3415250631219786,4429915.0,24933212160.0
DUOL,2025-12-05 20:55:39,0.840483870967742,199.47,5.887035,0.9259941649517608,1907782.0,9220970496.0
FDS,2025-12-05 20:55:39,0.7767741935483872,290.115,4.013687,0.8330023329126951,859012.0,10968312832.0
FIVE,2025-12-05 20:55:39,0.8190322580645162,173.29,2.8915777,1.404296528087753,1294906.0,9556157440.0
FROG,2025-12-05 20:55:39,0.8753225806451612,64.9,4.475213,2.2060999167501345,1300903.0,7678502912.0
GPCR,2025-12-05 20:55:39,0.7748387096774192,34.415,4.7640867,0.9828380875715478,1045979.0,2088221056.0
HUBG,2025-12-05 20:55:39,0.8333870967741935,41.25,4.364322,1.4179976835414674,633726.0,2525307648.0
IOT,2025-12-05 20:55:39,0.9224193548387096,45.29,11.250312,3.433664229840155,5024431.0,25979912192.0
IVZ,2025-12-05 20:55:39,0.7896774193548386,26.24,4.0864935,2.022213434922698,4997111.0,11702089728.0
KRYS,2025-12-05 20:55:39,0.8679032258064516,232.7,4.8353286,1.1265781532512542,319123.0,6747722752.0
LSCC,2025-12-05 20:55:39,0.762258064516129,78.535,3.567192,0.9527334773384976,2174922.0,10751093760.0
LULU,2025-12-05 20:55:39,0.7548387096774193,189.77,3.3605654,0.8860547338291744,4348974.0,22744031232.0
LUV,2025-12-05 20:55:39,0.8333870967741936,38.01,6.1435266,1.3843160225217708,9084188.0,19962384384.0
MDB,2025-12-05 20:55:39,0.7899999999999999,409.345,3.1797419,0.9588494349381982,1916693.0,33317310464.0
META,2025-12-05 20:55:39,0.7427419354838709,672.92,1.7217591,0.9281757258351084,17301588.0,1696113360896.0
MRNA,2025-12-05 20:55:39,0.8137096774193547,27.67,8.552375,1.2161799263900397,11174303.0,10811599872.0
OMC,2025-12-05 20:55:39,0.8474193548387097,73.53,4.788372,1.382034082141348,4091703.0,23333951488.0
PEGA,2025-12-05 20:55:39,0.8177419354838709,60.1233,5.479471,0.9931242545955964,1331492.0,10285934592.0
PRAX,2025-12-05 20:55:39,0.9722580645161292,249.2,31.178604,2.735339050478206,975312.0,6231787008.0
QFIN,2025-12-05 20:55:39,0.7764516129032258,19.595,4.562431,1.3409501806963768,2026604.0,2706184192.0
RBRK,2025-12-05 20:55:39,0.9674193548387096,86.39,22.660795,4.243861993787875,3673139.0,17058455552.0
RDDT,2025-12-05 20:55:39,0.8298387096774194,234.145,5.1156025,0.9552043029490932,5520307.0,44369485824.0
RL,2025-12-05 20:55:39,0.814516129032258,368.47,3.2216043,1.0688342847687595,604350.0,22344261632.0
ROKU,2025-12-05 20:55:39,0.8825806451612903,100.49,6.293629,1.2916779394121412,3189847.0,14847576064.0
SATS,2025-12-05 20:55:39,0.9525806451612904,82.34,10.523485,6.114401929612981,4104450.0,23703734272.0
SNDK,2025-12-05 20:55:39,0.77,228.33,7.0413976,0.7188199428420242,10908014.0,33462489088.0
TERN,2025-12-05 20:55:39,0.8690322580645161,28.995,6.8743153,2.0054977831290968,2821319.0,2611863296.0
TTAN,2025-12-05 20:55:39,0.9646774193548386,106.145,11.04195,3.9464414706536712,1056265.0,9866043392.0
UBS,2025-12-05 20:55:39,0.866774193548387,40.615,4.6508636,3.428213137554436,1710501.0,127986016256.0
ULTA,2025-12-05 20:55:39,0.9885483870967742,602.59,12.855139,5.224156864936022,572773.0,27083776000.0
VERA,2025-12-05 20:55:39,0.8453225806451613,44.825,5.202584,1.3366761569399286,1578107.0,2865575424.0
VIAV,2025-12-05 20:55:39,0.7827419354838709,18.345,4.8285675,1.5363553504693974,3514187.0,4094583040.0
VSCO,2025-12-05 20:55:39,0.9520967741935484,48.63,16.983404,4.562687252877155,2355104.0,3898399232.0
WBD,2025-12-05 20:55:39,0.8264516129032258,26.055,6.1735916,3.744970646286365,49617061.0,64563625984.0
ABVX,2025-12-05 20:55:40,0.7899999999999999,115.02,3.9652338,0.9552833925955474,1163192.0,8960439296.0
ADBE,2025-12-05 20:55:40,0.911290322580645,346.14,5.2961407,1.5043410494382778,4305065.0,146832588800.0
ALB,2025-12-05 20:55:40,0.8201612903225807,125.44,5.287899,0.9557952328311594,3779434.0,14763978752.0
ALK,2025-12-05 20:55:40,0.8248387096774192,49.67,4.9661846,1.2267972483835192,3514734.0,5761154560.0
AMBA,2025-12-05 20:55:40,0.8035483870967741,74.01,4.1514277,1.023664053393471,788411.0,3159413504.0
AMRZ,2025-12-05 20:55:40,0.7714516129032257,54.645,3.6117144,1.1140720024056672,4868504.0,30223169536.0
APLS,2025-12-05 20:55:40,0.8238709677419355,23.635,6.511941,1.2792495008043463,2556112.0,2990423552.0
APPN,2025-12-05 20:55:40,0.774516129032258,41.06,4.23966,0.9971359488064988,795726.0,3039752448.0
BIDU,2025-12-05 20:55:40,0.7943548387096775,125.48,5.6938324,0.8631449764235721,5199473.0,43743031296.0
BKNG,2025-12-05 20:55:40,0.7753225806451612,5196.48,3.5650487,0.8183863353373005,261814.0,168417329152.0
BURL,2025-12-05 20:55:40,0.913548387096774,272.655,6.142622,1.3418171306633475,1041279.0,17157363712.0
COO,2025-12-05 20:55:40,0.9146774193548388,81.49,5.789951,2.918742491946952,2717915.0,16258274304.0
CPAY,2025-12-05 20:55:40,0.815483870967742,310.35,4.3579106,0.916289199533206,563846.0,21915174912.0
CRM,2025-12-05 20:55:40,0.9067741935483872,260.76,5.3746066,1.5756135237068902,8598323.0,249286574080.0
DBRG,2025-12-05 20:55:40,0.924516129032258,14.3,47.11934,16.03929088565785,3292163.0,2788002816.0
DG,2025-12-05 20:55:40,0.9364516129032258,132.795,5.990101,3.3411092611042066,3221009.0,29228980224.0
DLTR,2025-12-05 20:55:40,0.8761290322580644,122.2409,5.498313,1.3415250631219786,4429915.0,24933212160.0
DUOL,2025-12-05 20:55:40,0.840483870967742,199.47,5.887035,0.9259941649517608,1907782.0,9220970496.0
FDS,2025-12-05 20:55:40,0.7767741935483872,290.115,4.013687,0.8330023329126951,859012.0,10968312832.0
FIVE,2025-12-05 20:55:40,0.8190322580645162,173.29,2.8915777,1.404296528087753,1294906.0,9556157440.0
FROG,2025-12-05 20:55:40,0.8753225806451612,64.9,4.475213,2.2060999167501345,1300903.0,7678502912.0
GPCR,2025-12-05 20:55:40,0.7748387096774192,34.415,4.7640867,0.9828380875715478,1045979.0,2088221056.0
HUBG,2025-12-05 20:55:40,0.8333870967741935,41.25,4.364322,1.4179976835414674,633726.0,2525307648.0
IOT,2025-12-05 20:55:40,0.9224193548387096,45.29,11.250312,3.433664229840155,5024431.0,25979912192.0
IVZ,2025-12-05 20:55:40,0.7896774193548386,26.24,4.0864935,2.022213434922698,4997111.0,11702089728.0
KRYS,2025-12-05 20:55:40,0.8679032258064516,232.7,4.8353286,1.1265781532512542,319123.0,6747722752.0
LSCC,2025-12-05 20:55:40,0.762258064516129,78.535,3.567192,0.9527334773384976,2174922.0,10751093760.0
LULU,2025-12-05 20:55:40,0.7548387096774193,189.77,3.3605654,0.8860547338291744,4348974.0,22744031232.0
LUV,2025-12-05 20:55:40,0.8333870967741936,38.01,6.1435266,1.3843160225217708,9084188.0,19962384384.0
MDB,2025-12-05 20:55:40,0.7899999999999999,409.345,3.1797419,0.9588494349381982,1916693.0,33317310464.0
META,2025-12-05 20:55:40,0.7427419354838709,672.92,1.7217591,0.9281757258351084,17301588.0,1696113360896.0
MRNA,2025-12-05 20:55:40,0.8137096774193547,27.67,8.552375,1.2161799263900397,11174303.0,10811599872.0
OMC,2025-12-05 20:55:40,0.8474193548387097,73.53,4.788372,1.382034082141348,4091703.0,23333951488.0
PEGA,2025-12-05 20:55:40,0.8177419354838709,60.1233,5.479471,0.9931242545955964,1331492.0,10285934592.0
PRAX,2025-12-05 20:55:40,0.9722580645161292,249.2,31.178604,2.735339050478206,975312.0,6231787008.0
QFIN,2025-12-05 20:55:40,0.7764516129032258,19.595,4.562431,1.3409501806963768,2026604.0,2706184192.0
RBRK,2025-12-05 20:55:40,0.9674193548387096,86.39,22.660795,4.243861993787875,3673139.0,17058455552.0
RDDT,2025-12-05 20:55:40,0.8298387096774194,234.145,5.1156025,0.9552043029490932,5520307.0,44369485824.0
RL,2025-12-05 20:55:40,0.814516129032258,368.47,3.2216043,1.0688342847687595,604350.0,22344261632.0
ROKU,2025-12-05 20:55:40,0.8825806451612903,100.49,6.293629,1.2916779394121412,3189847.0,14847576064.0
SATS,2025-12-05 20:55:40,0.9525806451612904,82.34,10.523485,6.114401929612981,4104450.0,23703734272.0
SNDK,2025-12-05 20:55:40,0.77,228.33,7.0413976,0.7188199428420242,10908014.0,33462489088.0
TERN,2025-12-05 20:55:40,0.8690322580645161,28.995,6.8743153,2.0054977831290968,2821319.0,2611863296.0
TTAN,2025-12-05 20:55:40,0.9646774193548386,106.145,11.04195,3.9464414706536712,1056265.0,9866043392.0
UBS,2025-12-05 20:55:40,0.866774193548387,40.615,4.6508636,3.428213137554436,1710501.0,127986016256.0
ULTA,2025-12-05 20:55:40,0.9885483870967742,602.59,12.855139,5.224156864936022,572773.0,27083776000.0
VERA,2025-12-05 20:55:40,0.8453225806451613,44.825,5.202584,1.3366761569399286,1578107.0,2865575424.0
VIAV,2025-12-05 20:55:40,0.7827419354838709,18.345,4.8285675,1.5363553504693974,3514187.0,4094583040.0
VSCO,2025-12-05 20:55:40,0.9520967741935484,48.63,16.983404,4.562687252877155,2355104.0,3898399232.0
WBD,2025-12-05 20:55:40,0.8264516129032258,26.055,6.1735916,3.744970646286365,49617061.0,64563625984.0
ABVX,2025-12-05 21:18:37,0.7707119741100323,114.51,3.4978335,1.1015120461626284,1163192.0,8920709120.0
ADBE,2025-12-05 21:18:37,0.9135922330097088,346.26,5.332643,1.7348302522726138,4305065.0,146883493888.0
ALB,2025-12-05 21:18:37,0.803883495145631,125.19,5.07806,1.0549156302239966,3779434.0,14734555136.0
ALK,2025-12-05 21:18:37,0.8362459546925567,49.65,4.92393,1.6140868697318205,3514734.0,5758835200.0
AMBA,2025-12-05 21:18:37,0.8203883495145631,74.1,4.2780766,1.2868973162474902,788411.0,3163255552.0
AMRZ,2025-12-05 21:18:37,0.766504854368932,54.74,3.79219,1.2446359292300058,4868504.0,30275713024.0
APLS,2025-12-05 21:18:37,0.8242718446601941,23.63,6.4894037,1.5161749563399414,2556112.0,2989790720.0
APPN,2025-12-05 21:18:37,0.7640776699029126,40.96,3.9857824,1.1819269447020708,795726.0,3032348928.0
BIDU,2025-12-05 21:18:37,0.7898058252427185,125.66,5.8456893,0.9581196017365606,5199473.0,43805782016.0
BKNG,2025-12-05 21:18:37,0.8131067961165047,5197.04,3.5762105,1.0968893947611664,261814.0,168435482624.0
BURL,2025-12-05 21:18:37,0.9137540453074432,271.78,5.80449,1.600733328915689,1041279.0,17102302208.0
COO,2025-12-05 21:18:37,0.9129449838187702,81.4,5.673118,3.3973222120632918,2717915.0,16240318464.0
CPAY,2025-12-05 21:18:37,0.8546925566343042,310.64,4.45543,1.2395955633275753,563846.0,21935652864.0
CRM,2025-12-05 21:18:37,0.8923948220064725,260.57,5.29783,1.669615923942378,8598323.0,249104924672.0
DBRG,2025-12-05 21:18:37,0.925242718446602,14.12,45.2675,16.944117287023758,3292163.0,2752909056.0
DG,2025-12-05 21:18:37,0.9300970873786408,132.37,5.6508856,3.7649643326050937,3221009.0,29135433728.0
DLTR,2025-12-05 21:18:37,0.8812297734627832,122.44,5.670147,1.5773013703423204,4429915.0,24973821952.0
DUOL,2025-12-05 21:18:37,0.8470873786407767,199.75,6.03567,1.0723195836840895,1907782.0,9233913856.0
FDS,2025-12-05 21:18:37,0.8877022653721682,290.63,4.19833,1.733617225370542,859012.0,10987783168.0
FROG,2025-12-05 21:18:37,0.8713592233009708,64.77,4.265933,2.4664521490072664,1300903.0,7663121920.0
GEHC,2025-12-05 21:18:37,0.7661812297734627,85.46,3.5627756,1.1730338169485417,3728722.0,39017791488.0
GPCR,2025-12-05 21:18:37,0.777831715210356,34.56,5.2054887,1.1134286634817716,1045979.0,2097019264.0
HUBG,2025-12-05 21:18:37,0.8347896440129449,41.28,4.4402204,1.690620236505998,633726.0,2527144192.0
IOT,2025-12-05 21:18:37,0.9233009708737864,45.22,11.0784,4.02090266539634,5024431.0,25939759104.0
IVZ,2025-12-05 21:18:37,0.7855987055016181,26.24,4.08568,2.1468648585152503,4997111.0,11702089728.0
KRYS,2025-12-05 21:18:37,0.8996763754045306,234.13,5.4829693,1.5303629008250736,319123.0,6789189632.0
LSCC,2025-12-05 21:18:37,0.7864077669902912,78.85,3.9825883,1.1854526277264197,2174922.0,10794215424.0
LULU,2025-12-05 21:18:37,0.7629449838187703,190.01,3.4912791,1.046724813714683,4348974.0,22772793344.0
LUV,2025-12-05 21:18:37,0.8148867313915857,37.85,5.69672,1.4916405296764004,9084188.0,19878354944.0
MDB,2025-12-05 21:18:37,0.7859223300970873,409.62,3.249057,1.0817225293774224,1916693.0,33339693056.0
META,2025-12-05 21:18:37,0.7694174757281553,673.42,1.7973416,1.20918380439992,17301588.0,1697373618176.0
MRNA,2025-12-05 21:18:37,0.8189320388349514,27.7,8.670071,1.473044985445625,11174303.0,10823321600.0
OMC,2025-12-05 21:18:37,0.8597087378640776,73.44,4.66012,1.887358637711486,4091703.0,23305392128.0
PEGA,2025-12-05 21:18:37,0.8440129449838187,60.11,5.4561415,1.3322243017607316,1331492.0,10283659264.0
PRAX,2025-12-05 21:18:37,0.9699029126213592,247.99,30.541668,2.956701035155929,975312.0,6201528832.0
QFIN,2025-12-05 21:18:37,0.7676375404530744,19.57,4.4290285,1.4735794462065603,2026604.0,2702731520.0
RBRK,2025-12-05 21:18:37,0.9661812297734628,86.27,22.4904,4.602680159939496,3673139.0,17034760192.0
RDDT,2025-12-05 21:18:37,0.8229773462783172,234.11,5.09989,1.0755164522552825,5520307.0,44362854400.0
RL,2025-12-05 21:18:37,0.8135922330097087,368.42,3.20756,1.252692975924547,604350.0,22341230592.0
ROKU,2025-12-05 21:18:37,0.881715210355987,100.09,5.870526,1.535050740678158,3189847.0,14788474880.0
SATS,2025-12-05 21:18:37,0.9511326860841424,82.0,10.067114,6.949654155855231,4104450.0,23605858304.0
SNDK,2025-12-05 21:18:37,0.7517799352750809,228.47,7.107029,0.7700507168399308,10908014.0,33483005952.0
TERN,2025-12-05 21:18:37,0.8802588996763754,29.36,8.219688,2.196150453032784,2821319.0,2644742400.0
TTAN,2025-12-05 21:18:37,0.9637540453074434,105.6,10.471809,4.427588720633553,1056265.0,9815386112.0
UBS,2025-12-05 21:18:37,0.8699029126213591,40.64,4.71527,3.5885819417819693,1710501.0,128064790528.0
ULTA,2025-12-05 21:18:37,0.9873786407766992,601.5,12.650995,5.864819046987201,572773.0,27034783744.0
VERA,2025-12-05 21:18:37,0.8501618122977346,44.9,5.374327,1.558042642228949,1578107.0,2870370048.0
VIAV,2025-12-05 21:18:37,0.7757281553398059,18.32,4.685713,1.704313686209641,3514187.0,4089003008.0
VSCO,2025-12-05 21:18:37,0.9514563106796116,49.05,17.9937,4.867646184627091,2355104.0,3932068096.0
WBD,2025-12-05 21:18:37,0.8237864077669903,26.08,6.2754645,3.979152553997505,49617061.0,64625573888.0
ABVX,2025-12-05 21:18:38,0.7707119741100323,114.51,3.4978335,1.1015120461626284,1163192.0,8920709120.0
ADBE,2025-12-05 21:18:38,0.9135922330097088,346.26,5.332643,1.7348302522726138,4305065.0,146883493888.0
ALB,2025-12-05 21:18:38,0.803883495145631,125.19,5.07806,1.0549156302239966,3779434.0,14734555136.0
ALK,2025-12-05 21:18:38,0.8362459546925567,49.65,4.92393,1.6140868697318205,3514734.0,5758835200.0
AMBA,2025-12-05 21:18:38,0.8203883495145631,74.1,4.2780766,1.2868973162474902,788411.0,3163255552.0
AMRZ,2025-12-05 21:18:38,0.766504854368932,54.74,3.79219,1.2446359292300058,4868504.0,30275713024.0
APLS,2025-12-05 21:18:38,0.8242718446601941,23.63,6.4894037,1.5161749563399414,2556112.0,2989790720.0
APPN,2025-12-05 21:18:38,0.7640776699029126,40.96,3.9857824,1.1819269447020708,795726.0,3032348928.0
BIDU,2025-12-05 21:18:38,0.7898058252427185,125.66,5.8456893,0.9581196017365606,5199473.0,43805782016.0
BKNG,2025-12-05 21:18:38,0.8131067961165047,5197.04,3.5762105,1.0968893947611664,261814.0,168435482624.0
BURL,2025-12-05 21:18:38,0.9137540453074432,271.78,5.80449,1.600733328915689,1041279.0,17102302208.0
COO,2025-12-05 21:18:38,0.9129449838187702,81.4,5.673118,3.3973222120632918,2717915.0,16240318464.0
CPAY,2025-12-05 21:18:38,0.8546925566343042,310.64,4.45543,1.2395955633275753,563846.0,21935652864.0
CRM,2025-12-05 21:18:38,0.8923948220064725,260.57,5.29783,1.669615923942378,8598323.0,249104924672.0
DBRG,2025-12-05 21:18:38,0.925242718446602,14.12,45.2675,16.944117287023758,3292163.0,2752909056.0
DG,2025-12-05 21:18:38,0.9300970873786408,132.37,5.6508856,3.7649643326050937,3221009.0,29135433728.0
DLTR,2025-12-05 21:18:38,0.8812297734627832,122.44,5.670147,1.5773013703423204,4429915.0,24973821952.0
DUOL,2025-12-05 21:18:38,0.8470873786407767,199.75,6.03567,1.0723195836840895,1907782.0,9233913856.0
FDS,2025-12-05 21:18:38,0.8877022653721682,290.63,4.19833,1.733617225370542,859012.0,10987783168.0
FROG,2025-12-05 21:18:38,0.8713592233009708,64.77,4.265933,2.4664521490072664,1300903.0,7663121920.0
GEHC,2025-12-05 21:18:38,0.7661812297734627,85.46,3.5627756,1.1730338169485417,3728722.0,39017791488.0
GPCR,2025-12-05 21:18:38,0.777831715210356,34.56,5.2054887,1.1134286634817716,1045979.0,2097019264.0
HUBG,2025-12-05 21:18:38,0.8347896440129449,41.28,4.4402204,1.690620236505998,633726.0,2527144192.0
IOT,2025-12-05 21:18:38,0.9233009708737864,45.22,11.0784,4.02090266539634,5024431.0,25939759104.0
IVZ,2025-12-05 21:18:38,0.7855987055016181,26.24,4.08568,2.1468648585152503,4997111.0,11702089728.0
KRYS,2025-12-05 21:18:38,0.8996763754045306,234.13,5.4829693,1.5303629008250736,319123.0,6789189632.0
LSCC,2025-12-05 21:18:38,0.7864077669902912,78.85,3.9825883,1.1854526277264197,2174922.0,10794215424.0
LULU,2025-12-05 21:18:38,0.7629449838187703,190.01,3.4912791,1.046724813714683,4348974.0,22772793344.0
LUV,2025-12-05 21:18:38,0.8148867313915857,37.85,5.69672,1.4916405296764004,9084188.0,19878354944.0
MDB,2025-12-05 21:18:38,0.7859223300970873,409.62,3.249057,1.0817225293774224,1916693.0,33339693056.0
META,2025-12-05 21:18:38,0.7694174757281553,673.42,1.7973416,1.20918380439992,17301588.0,1697373618176.0
MRNA,2025-12-05 21:18:38,0.8189320388349514,27.7,8.670071,1.473044985445625,11174303.0,10823321600.0
OMC,2025-12-05 21:18:38,0.8597087378640776,73.44,4.66012,1.887358637711486,4091703.0,23305392128.0
PEGA,2025-12-05 21:18:38,0.8440129449838187,60.11,5.4561415,1.3322243017607316,1331492.0,10283659264.0
PRAX,2025-12-05 21:18:38,0.9699029126213592,247.99,30.541668,2.956701035155929,975312.0,6201528832.0
QFIN,2025-12-05 21:18:38,0.7676375404530744,19.57,4.4290285,1.4735794462065603,2026604.0,2702731520.0
RBRK,2025-12-05 21:18:38,0.9661812297734628,86.27,22.4904,4.602680159939496,3673139.0,17034760192.0
RDDT,2025-12-05 21:18:38,0.8229773462783172,234.11,5.09989,1.0755164522552825,5520307.0,44362854400.0
RL,2025-12-05 21:18:38,0.8135922330097087,368.42,3.20756,1.252692975924547,604350.0,22341230592.0
ROKU,2025-12-05 21:18:38,0.881715210355987,100.09,5.870526,1.535050740678158,3189847.0,14788474880.0
SATS,2025-12-05 21:18:38,0.9511326860841424,82.0,10.067114,6.949654155855231,4104450.0,23605858304.0
SNDK,2025-12-05 21:18:38,0.7517799352750809,228.47,7.107029,0.7700507168399308,10908014.0,33483005952.0
TERN,2025-12-05 21:18:38,0.8802588996763754,29.36,8.219688,2.196150453032784,2821319.0,2644742400.0
TTAN,2025-12-05 21:18:38,0.9637540453074434,105.6,10.471809,4.427588720633553,1056265.0,9815386112.0
UBS,2025-12-05 21:18:38,0.8699029126213591,40.64,4.71527,3.5885819417819693,1710501.0,128064790528.0
ULTA,2025-12-05 21:18:38,0.9873786407766992,601.5,12.650995,5.864819046987201,572773.0,27034783744.0
VERA,2025-12-05 21:18:38,0.8501618122977346,44.9,5.374327,1.558042642228949,1578107.0,2870370048.0
VIAV,2025-12-05 21:18:38,0.7757281553398059,18.32,4.685713,1.704313686209641,3514187.0,4089003008.0
VSCO,2025-12-05 21:18:38,0.9514563106796116,49.05,17.9937,4.867646184627091,2355104.0,3932068096.0
WBD,2025-12-05 21:18:38,0.8237864077669903,26.08,6.2754645,3.979152553997505,49617061.0,64625573888.0
ABVX,2025-12-05 21:40:20,0.7711038961038961,114.51,3.4978335,1.1015120461626284,1163192.0,8920709120.0
ADBE,2025-12-05 21:40:20,0.9133116883116882,346.26,5.332643,1.7348302522726138,4305065.0,146883493888.0
ALB,2025-12-05 21:40:20,0.8043831168831169,125.19,5.07806,1.0549156302239966,3779434.0,14734555136.0
ALK,2025-12-05 21:40:20,0.8357142857142856,49.65,4.92393,1.6140868697318205,3514734.0,5758835200.0
AMBA,2025-12-05 21:40:20,0.8198051948051946,74.1,4.2780766,1.2868973162474902,788411.0,3163255552.0
AMRZ,2025-12-05 21:40:20,0.7650974025974026,54.74,3.79219,1.2446359292300058,4868504.0,30275713024.0
APLS,2025-12-05 21:40:20,0.8237012987012987,23.63,6.4894037,1.5161749563399414,2556112.0,2989790720.0
APPN,2025-12-05 21:40:20,0.7633116883116884,40.96,3.9857824,1.1819269447020708,795726.0,3032348928.0
BIDU,2025-12-05 21:40:20,0.7879870129870129,125.66,5.8456893,0.9581196017365606,5199473.0,43805782016.0
BKNG,2025-12-05 21:40:20,0.8136363636363636,5197.04,3.5762105,1.0968893947611664,261814.0,168435482624.0
BURL,2025-12-05 21:40:20,0.913474025974026,271.78,5.80449,1.600733328915689,1041279.0,17102302208.0
COO,2025-12-05 21:40:20,0.9126623376623376,81.4,5.673118,3.3973222120632918,2717915.0,16240318464.0
CPAY,2025-12-05 21:40:20,0.8542207792207791,310.64,4.45543,1.2395955633275753,563846.0,21935652864.0
CRM,2025-12-05 21:40:20,0.8920454545454546,260.57,5.29783,1.669615923942378,8598323.0,249104924672.0
DBRG,2025-12-05 21:40:20,0.925,14.12,45.2675,16.944117287023758,3292163.0,2752909056.0
DG,2025-12-05 21:40:20,0.9287337662337662,132.37,5.65089,3.547988223565969,3221009.0,29135433728.0
DLTR,2025-12-05 21:40:20,0.8808441558441558,122.44,5.670147,1.5773013703423204,4429915.0,24973821952.0
DUOL,2025-12-05 21:40:20,0.8477272727272729,199.75,6.03567,1.0723195836840895,1907782.0,9233913856.0
FDS,2025-12-05 21:40:20,0.8873376623376623,290.63,4.19833,1.733617225370542,859012.0,10987783168.0
FROG,2025-12-05 21:40:20,0.8709415584415584,64.77,4.265933,2.4664521490072664,1300903.0,7663121920.0
GEHC,2025-12-05 21:40:20,0.765422077922078,85.46,3.5627756,1.1730338169485417,3728722.0,39017791488.0
GPCR,2025-12-05 21:40:20,0.7782467532467532,34.56,5.2054887,1.1134286634817716,1045979.0,2097019264.0
HUBG,2025-12-05 21:40:20,0.8336038961038961,41.28,4.4402204,1.690620236505998,633726.0,2527144192.0
IOT,2025-12-05 21:40:20,0.923051948051948,45.22,11.0784,4.02090266539634,5024431.0,25939759104.0
IVZ,2025-12-05 21:40:20,0.785551948051948,26.24,4.08568,2.1468648585152503,4997111.0,11702089728.0
KRYS,2025-12-05 21:40:20,0.8993506493506495,234.13,5.4829693,1.5303629008250736,319123.0,6789189632.0
LSCC,2025-12-05 21:40:20,0.7857142857142857,78.85,3.9825883,1.1854526277264197,2174922.0,10794215424.0
LULU,2025-12-05 21:40:20,0.7633116883116883,190.01,3.4912791,1.046724813714683,4348974.0,22772793344.0
LUV,2025-12-05 21:40:20,0.8133116883116883,37.85,5.69672,1.4916405296764004,9084188.0,19878354944.0
MDB,2025-12-05 21:40:20,0.7863636363636363,409.62,3.249057,1.0817225293774224,1916693.0,33339693056.0
META,2025-12-05 21:40:20,0.7709415584415584,673.42,1.7973416,1.20918380439992,17301588.0,1697373618176.0
MRNA,2025-12-05 21:40:20,0.8170454545454545,27.7,8.670071,1.473044985445625,11174303.0,10823321600.0
OMC,2025-12-05 21:40:20,0.8592532467532467,73.44,4.66012,1.887358637711486,4091703.0,23305392128.0
PEGA,2025-12-05 21:40:20,0.8435064935064934,60.11,5.4561415,1.3322243017607316,1331492.0,10283659264.0
PRAX,2025-12-05 21:40:20,0.9698051948051948,247.99,30.541668,2.956701035155929,975312.0,6201528832.0
QFIN,2025-12-05 21:40:20,0.7675324675324674,19.57,4.4290285,1.4735794462065603,2026604.0,2702731520.0
RBRK,2025-12-05 21:40:20,0.9660714285714286,86.27,22.4904,4.602680159939496,3673139.0,17034760192.0
RDDT,2025-12-05 21:40:20,0.8235389610389611,234.11,5.09989,1.0755164522552825,5520307.0,44362854400.0
RL,2025-12-05 21:40:20,0.8129870129870128,368.42,3.20756,1.252692975924547,604350.0,22341230592.0
ROKU,2025-12-05 21:40:20,0.8813311688311689,100.09,5.870526,1.535050740678158,3189847.0,14788474880.0
SATS,2025-12-05 21:40:20,0.950974025974026,82.0,10.067114,6.949654155855231,4104450.0,23605858304.0
SNDK,2025-12-05 21:40:20,0.750974025974026,228.47,7.107029,0.7700507168399308,10908014.0,33483005952.0
TERN,2025-12-05 21:40:20,0.8792207792207792,29.36,8.219688,2.196150453032784,2821319.0,2644742400.0
TTAN,2025-12-05 21:40:20,0.9636363636363636,105.6,10.471809,4.427588720633553,1056265.0,9815386112.0
UBS,2025-12-05 21:40:20,0.8699675324675326,40.64,4.71527,3.5885819417819693,1710501.0,128064790528.0
ULTA,2025-12-05 21:40:20,0.9873376623376624,601.5,12.650995,5.864819046987201,572773.0,27034783744.0
VERA,2025-12-05 21:40:20,0.8496753246753246,44.9,5.374327,1.558042642228949,1578107.0,2870370048.0
VIAV,2025-12-05 21:40:20,0.7756493506493507,18.32,4.685713,1.704313686209641,3514187.0,4089003008.0
VSCO,2025-12-05 21:40:20,0.9512987012987012,49.05,17.9937,4.867646184627091,2355104.0,3932068096.0
WBD,2025-12-05 21:40:20,0.8235389610389611,26.08,6.2754645,3.979152553997505,49617061.0,64625573888.0
ABVX,2025-12-05 21:40:21,0.7711038961038961,114.51,3.4978335,1.1015120461626284,1163192.0,8920709120.0
ADBE,2025-12-05 21:40:21,0.9133116883116882,346.26,5.332643,1.7348302522726138,4305065.0,146883493888.0
ALB,2025-12-05 21:40:21,0.8043831168831169,125.19,5.07806,1.0549156302239966,3779434.0,14734555136.0
ALK,2025-12-05 21:40:21,0.8357142857142856,49.65,4.92393,1.6140868697318205,3514734.0,5758835200.0
AMBA,2025-12-05 21:40:21,0.8198051948051946,74.1,4.2780766,1.2868973162474902,788411.0,3163255552.0
AMRZ,2025-12-05 21:40:21,0.7650974025974026,54.74,3.79219,1.2446359292300058,4868504.0,30275713024.0
APLS,2025-12-05 21:40:21,0.8237012987012987,23.63,6.4894037,1.5161749563399414,2556112.0,2989790720.0
APPN,2025-12-05 21:40:21,0.7633116883116884,40.96,3.9857824,1.1819269447020708,795726.0,3032348928.0
BIDU,2025-12-05 21:40:21,0.7879870129870129,125.66,5.8456893,0.9581196017365606,5199473.0,43805782016.0
BKNG,2025-12-05 21:40:21,0.8136363636363636,5197.04,3.5762105,1.0968893947611664,261814.0,168435482624.0
BURL,2025-12-05 21:40:21,0.913474025974026,271.78,5.80449,1.600733328915689,1041279.0,17102302208.0
COO,2025-12-05 21:40:21,0.9126623376623376,81.4,5.673118,3.3973222120632918,2717915.0,16240318464.0
CPAY,2025-12-05 21:40:21,0.8542207792207791,310.64,4.45543,1.2395955633275753,563846.0,21935652864.0
CRM,2025-12-05 21:40:21,0.8920454545454546,260.57,5.29783,1.669615923942378,8598323.0,249104924672.0
DBRG,2025-12-05 21:40:21,0.925,14.12,45.2675,16.944117287023758,3292163.0,2752909056.0
DG,2025-12-05 21:40:21,0.9287337662337662,132.37,5.65089,3.547988223565969,3221009.0,29135433728.0
DLTR,2025-12-05 21:40:21,0.8808441558441558,122.44,5.670147,1.5773013703423204,4429915.0,24973821952.0
DUOL,2025-12-05 21:40:21,0.8477272727272729,199.75,6.03567,1.0723195836840895,1907782.0,9233913856.0
FDS,2025-12-05 21:40:21,0.8873376623376623,290.63,4.19833,1.733617225370542,859012.0,10987783168.0
FROG,2025-12-05 21:40:21,0.8709415584415584,64.77,4.265933,2.4664521490072664,1300903.0,7663121920.0
GEHC,2025-12-05 21:40:21,0.765422077922078,85.46,3.5627756,1.1730338169485417,3728722.0,39017791488.0
GPCR,2025-12-05 21:40:21,0.7782467532467532,34.56,5.2054887,1.1134286634817716,1045979.0,2097019264.0
HUBG,2025-12-05 21:40:21,0.8336038961038961,41.28,4.4402204,1.690620236505998,633726.0,2527144192.0
IOT,2025-12-05 21:40:21,0.923051948051948,45.22,11.0784,4.02090266539634,5024431.0,25939759104.0
IVZ,2025-12-05 21:40:21,0.785551948051948,26.24,4.08568,2.1468648585152503,4997111.0,11702089728.0
KRYS,2025-12-05 21:40:21,0.8993506493506495,234.13,5.4829693,1.5303629008250736,319123.0,6789189632.0
LSCC,2025-12-05 21:40:21,0.7857142857142857,78.85,3.9825883,1.1854526277264197,2174922.0,10794215424.0
LULU,2025-12-05 21:40:21,0.7633116883116883,190.01,3.4912791,1.046724813714683,4348974.0,22772793344.0
LUV,2025-12-05 21:40:21,0.8133116883116883,37.85,5.69672,1.4916405296764004,9084188.0,19878354944.0
MDB,2025-12-05 21:40:21,0.7863636363636363,409.62,3.249057,1.0817225293774224,1916693.0,33339693056.0
META,2025-12-05 21:40:21,0.7709415584415584,673.42,1.7973416,1.20918380439992,17301588.0,1697373618176.0
MRNA,2025-12-05 21:40:21,0.8170454545454545,27.7,8.670071,1.473044985445625,11174303.0,10823321600.0
OMC,2025-12-05 21:40:21,0.8592532467532467,73.44,4.66012,1.887358637711486,4091703.0,23305392128.0
PEGA,2025-12-05 21:40:21,0.8435064935064934,60.11,5.4561415,1.3322243017607316,1331492.0,10283659264.0
PRAX,2025-12-05 21:40:21,0.9698051948051948,247.99,30.541668,2.956701035155929,975312.0,6201528832.0
QFIN,2025-12-05 21:40:21,0.7675324675324674,19.57,4.4290285,1.4735794462065603,2026604.0,2702731520.0
RBRK,2025-12-05 21:40:21,0.9660714285714286,86.27,22.4904,4.602680159939496,3673139.0,17034760192.0
RDDT,2025-12-05 21:40:21,0.8235389610389611,234.11,5.09989,1.0755164522552825,5520307.0,44362854400.0
RL,2025-12-05 21:40:21,0.8129870129870128,368.42,3.20756,1.252692975924547,604350.0,22341230592.0
ROKU,2025-12-05 21:40:21,0.8813311688311689,100.09,5.870526,1.535050740678158,3189847.0,14788474880.0
SATS,2025-12-05 21:40:21,0.950974025974026,82.0,10.067114,6.949654155855231,4104450.0,23605858304.0
SNDK,2025-12-05 21:40:21,0.750974025974026,228.47,7.107029,0.7700507168399308,10908014.0,33483005952.0
TERN,2025-12-05 21:40:21,0.8792207792207792,29.36,8.219688,2.196150453032784,2821319.0,2644742400.0
TTAN,2025-12-05 21:40:21,0.9636363636363636,105.6,10.471809,4.427588720633553,1056265.0,9815386112.0
UBS,2025-12-05 21:40:21,0.8699675324675326,40.64,4.71527,3.5885819417819693,1710501.0,128064790528.0
ULTA,2025-12-05 21:40:21,0.9873376623376624,601.5,12.650995,5.864819046987201,572773.0,27034783744.0
VERA,2025-12-05 21:40:21,0.8496753246753246,44.9,5.374327,1.558042642228949,1578107.0,2870370048.0
VIAV,2025-12-05 21:40:21,0.7756493506493507,18.32,4.685713,1.704313686209641,3514187.0,4089003008.0
VSCO,2025-12-05 21:40:21,0.9512987012987012,49.05,17.9937,4.867646184627091,2355104.0,3932068096.0
WBD,2025-12-05 21:40:21,0.8235389610389611,26.08,6.2754645,3.979152553997505,49617061.0,64625573888.0
ABVX,2025-12-05 21:51:15,0.7711038961038961,114.51,3.4978335,1.1015120461626284,1163192.0,8920709120.0
ADBE,2025-12-05 21:51:15,0.9133116883116882,346.26,5.332643,1.7348302522726138,4305065.0,146883493888.0
ALB,2025-12-05 21:51:15,0.8043831168831169,125.19,5.07806,1.0549156302239966,3779434.0,14734555136.0
ALK,2025-12-05 21:51:15,0.8357142857142856,49.65,4.92393,1.6140868697318205,3514734.0,5758835200.0
AMBA,2025-12-05 21:51:15,0.8198051948051946,74.1,4.2780766,1.2868973162474902,788411.0,3163255552.0
AMRZ,2025-12-05 21:51:15,0.7650974025974026,54.74,3.79219,1.2446359292300058,4868504.0,30275713024.0
APLS,2025-12-05 21:51:15,0.8237012987012987,23.63,6.4894037,1.5161749563399414,2556112.0,2989790720.0
APPN,2025-12-05 21:51:15,0.7633116883116884,40.96,3.9857824,1.1819269447020708,795726.0,3032348928.0
BIDU,2025-12-05 21:51:15,0.7879870129870129,125.66,5.8456893,0.9581196017365606,5199473.0,43805782016.0
BKNG,2025-12-05 21:51:15,0.8136363636363636,5197.04,3.5762105,1.0968893947611664,261814.0,168435482624.0
BURL,2025-12-05 21:51:15,0.913474025974026,271.78,5.80449,1.600733328915689,1041279.0,17102302208.0
COO,2025-12-05 21:51:15,0.9126623376623376,81.4,5.673118,3.3973222120632918,2717915.0,16240318464.0
CPAY,2025-12-05 21:51:15,0.8542207792207791,310.64,4.45543,1.2395955633275753,563846.0,21935652864.0
CRM,2025-12-05 21:51:15,0.8920454545454546,260.57,5.29783,1.669615923942378,8598323.0,249104924672.0
DBRG,2025-12-05 21:51:15,0.925,14.12,45.2675,16.944117287023758,3292163.0,2752909056.0
DG,2025-12-05 21:51:15,0.9287337662337662,132.37,5.65089,3.547988223565969,3221009.0,29135433728.0
DLTR,2025-12-05 21:51:15,0.8808441558441558,122.44,5.670147,1.5773013703423204,4429915.0,24973821952.0
DUOL,2025-12-05 21:51:15,0.8477272727272729,199.75,6.03567,1.0723195836840895,1907782.0,9233913856.0
FDS,2025-12-05 21:51:15,0.8873376623376623,290.63,4.19833,1.733617225370542,859012.0,10987783168.0
FROG,2025-12-05 21:51:15,0.8709415584415584,64.77,4.265933,2.4664521490072664,1300903.0,7663121920.0
GEHC,2025-12-05 21:51:15,0.765422077922078,85.46,3.5627756,1.1730338169485417,3728722.0,39017791488.0
GPCR,2025-12-05 21:51:15,0.7782467532467532,34.56,5.2054887,1.1134286634817716,1045979.0,2097019264.0
HUBG,2025-12-05 21:51:15,0.8336038961038961,41.28,4.4402204,1.690620236505998,633726.0,2527144192.0
IOT,2025-12-05 21:51:15,0.923051948051948,45.22,11.0784,4.02090266539634,5024431.0,25939759104.0
IVZ,2025-12-05 21:51:15,0.785551948051948,26.24,4.08568,2.1468648585152503,4997111.0,11702089728.0
KRYS,2025-12-05 21:51:15,0.8993506493506495,234.13,5.4829693,1.5303629008250736,319123.0,6789189632.0
LSCC,2025-12-05 21:51:15,0.7857142857142857,78.85,3.9825883,1.1854526277264197,2174922.0,10794215424.0
LULU,2025-12-05 21:51:15,0.7633116883116883,190.01,3.4912791,1.046724813714683,4348974.0,22772793344.0
LUV,2025-12-05 21:51:15,0.8133116883116883,37.85,5.69672,1.4916405296764004,9084188.0,19878354944.0
MDB,2025-12-05 21:51:15,0.7863636363636363,409.62,3.249057,1.0817225293774224,1916693.0,33339693056.0
META,2025-12-05 21:51:15,0.7709415584415584,673.42,1.7973416,1.20918380439992,17301588.0,1697373618176.0
MRNA,2025-12-05 21:51:15,0.8170454545454545,27.7,8.670071,1.473044985445625,11174303.0,10823321600.0
OMC,2025-12-05 21:51:15,0.8592532467532467,73.44,4.66012,1.887358637711486,4091703.0,23305392128.0
PEGA,2025-12-05 21:51:15,0.8435064935064934,60.11,5.4561415,1.3322243017607316,1331492.0,10283659264.0
PRAX,2025-12-05 21:51:15,0.9698051948051948,247.99,30.541668,2.956701035155929,975312.0,6201528832.0
QFIN,2025-12-05 21:51:15,0.7675324675324674,19.57,4.4290285,1.4735794462065603,2026604.0,2702731520.0
RBRK,2025-12-05 21:51:15,0.9660714285714286,86.27,22.4904,4.602680159939496,3673139.0,17034760192.0
RDDT,2025-12-05 21:51:15,0.8235389610389611,234.11,5.09989,1.0755164522552825,5520307.0,44362854400.0
RL,2025-12-05 21:51:15,0.8129870129870128,368.42,3.20756,1.252692975924547,604350.0,22341230592.0
ROKU,2025-12-05 21:51:15,0.8813311688311689,100.09,5.870526,1.535050740678158,3189847.0,14788474880.0
SATS,2025-12-05 21:51:15,0.950974025974026,82.0,10.067114,6.949654155855231,4104450.0,23605858304.0
SNDK,2025-12-05 21:51:15,0.750974025974026,228.47,7.107029,0.7700507168399308,10908014.0,33483005952.0
TERN,2025-12-05 21:51:15,0.8792207792207792,29.36,8.219688,2.196150453032784,2821319.0,2644742400.0
TTAN,2025-12-05 21:51:15,0.9636363636363636,105.6,10.471809,4.427588720633553,1056265.0,9815386112.0
UBS,2025-12-05 21:51:15,0.8699675324675326,40.64,4.71527,3.5885819417819693,1710501.0,128064790528.0
ULTA,2025-12-05 21:51:15,0.9873376623376624,601.5,12.650995,5.864819046987201,572773.0,27034783744.0
VERA,2025-12-05 21:51:15,0.8496753246753246,44.9,5.374327,1.558042642228949,1578107.0,2870370048.0
VIAV,2025-12-05 21:51:15,0.7756493506493507,18.32,4.685713,1.704313686209641,3514187.0,4089003008.0
VSCO,2025-12-05 21:51:15,0.9512987012987012,49.05,17.9937,4.867646184627091,2355104.0,3932068096.0
WBD,2025-12-05 21:51:15,0.8235389610389611,26.08,6.2754645,3.979152553997505,49617061.0,64625573888.0
ABVX,2025-12-05 22:19:00,0.7673139158576051,114.51,3.4978335,1.1091264382836197,1163192.0,8920709120.0
ADBE,2025-12-05 22:19:00,0.9124595469255664,346.26,5.332643,1.7348302522726138,4305065.0,146883493888.0
ALB,2025-12-05 22:19:00,0.8491909385113268,125.19,5.07806,1.365008093804522,3779434.0,14734555136.0
ALK,2025-12-05 22:19:00,0.8351132686084142,49.65,4.92393,1.6140868697318205,3514734.0,5758835200.0
AMBA,2025-12-05 22:19:00,0.8181229773462783,74.1,4.2780766,1.3159240548394175,788411.0,3163255552.0
AMRZ,2025-12-05 22:19:00,0.7601941747572815,54.74,3.79219,1.2446359292300058,4868504.0,30275713024.0
APLS,2025-12-05 22:19:00,0.8202265372168284,23.63,6.4894037,1.5161749563399414,2556112.0,2989790720.0
BIDU,2025-12-05 22:19:00,0.7864077669902911,125.66,5.8456893,0.965280904430122,5199473.0,43805782016.0
BKNG,2025-12-05 22:19:00,0.8085760517799353,5197.04,3.5762105,1.0968893947611664,261814.0,168435482624.0
BURL,2025-12-05 22:19:00,0.9126213592233008,271.78,5.80449,1.600733328915689,1041279.0,17102302208.0
COO,2025-12-05 22:19:00,0.9129449838187702,81.4,5.673118,3.3973222120632918,2717915.0,16240318464.0
CPAY,2025-12-05 22:19:00,0.8501618122977346,310.64,4.45543,1.2420838314007725,563846.0,21935652864.0
CRM,2025-12-05 22:19:00,0.8923948220064725,260.57,5.29783,1.669615923942378,8598323.0,249104924672.0
DBRG,2025-12-05 22:19:00,0.925242718446602,14.12,45.2675,16.944117287023758,3292163.0,2752909056.0
DG,2025-12-05 22:19:00,0.9300970873786408,132.37,5.65089,3.7872294054440703,3221009.0,29135433728.0
DLTR,2025-12-05 22:19:00,0.8800970873786408,122.44,5.670147,1.592948171691782,4429915.0,24973821952.0
DUOL,2025-12-05 22:19:00,0.8425566343042071,199.75,6.03567,1.0723195836840895,1907782.0,9233913856.0
FDS,2025-12-05 22:19:00,0.8865695792880257,290.63,4.19833,1.733617225370542,859012.0,10987783168.0
FROG,2025-12-05 22:19:00,0.8713592233009708,64.77,4.265933,2.4836694203949103,1300903.0,7663121920.0
GEHC,2025-12-05 22:19:00,0.7616504854368932,85.46,3.5627756,1.1730338169485417,3728722.0,39017791488.0
GPCR,2025-12-05 22:19:00,0.7737864077669904,34.56,5.2054887,1.1134286634817716,1045979.0,2097019264.0
HUBG,2025-12-05 22:19:00,0.8341423948220064,41.28,4.4402204,1.690620236505998,633726.0,2527144192.0
IOT,2025-12-05 22:19:00,0.922168284789644,45.22,11.0784,4.02090266539634,5024431.0,25939759104.0
IVZ,2025-12-05 22:19:00,0.7838187702265372,26.24,4.08568,2.1468648585152503,4997111.0,11702089728.0
KRYS,2025-12-05 22:19:00,0.8962783171521035,234.13,5.4829693,1.5303629008250736,319123.0,6789189632.0
LSCC,2025-12-05 22:19:00,0.7818770226537216,78.85,3.9825883,1.1854526277264197,2174922.0,10794215424.0
LULU,2025-12-05 22:19:00,0.7606796116504855,190.01,3.4912791,1.0527404854570297,4348974.0,22772793344.0
LUV,2025-12-05 22:19:00,0.8233009708737864,37.85,5.69672,1.655808972689689,9084188.0,19878354944.0
MC,2025-12-05 22:19:00,0.7956310679611649,68.68,3.35591,1.4257540310788872,793336.0,5094710272.0
MDB,2025-12-05 22:19:00,0.7813915857605177,409.62,3.249057,1.0950293030756622,1916693.0,33339693056.0
META,2025-12-05 22:19:00,0.7648867313915857,673.42,1.7973416,1.20918380439992,17301588.0,1697373618176.0
MRNA,2025-12-05 22:19:00,0.8156957928802588,27.7,8.670071,1.473044985445625,11174303.0,10823321600.0
OMC,2025-12-05 22:19:00,0.8597087378640776,73.44,4.66012,1.887358637711486,4091703.0,23305392128.0
PEGA,2025-12-05 22:19:00,0.8394822006472491,60.11,5.4561415,1.3330286625830272,1331492.0,10283659264.0
PJT,2025-12-05 22:19:00,0.7889967637540455,176.04,3.10413,1.292021959513872,217309.0,6995723776.0
PRAX,2025-12-05 22:19:00,0.9699029126213592,247.99,30.541668,2.956701035155929,975312.0,6201528832.0
QFIN,2025-12-05 22:19:00,0.7647249190938512,19.57,4.4290285,1.4735794462065603,2026604.0,2702731520.0
RBRK,2025-12-05 22:19:00,0.9661812297734628,86.27,22.4904,4.602680159939496,3673139.0,17034760192.0
RDDT,2025-12-05 22:19:00,0.8184466019417476,234.11,5.09989,1.0755164522552825,5520307.0,44362854400.0
RL,2025-12-05 22:19:00,0.8079288025889968,368.42,3.20756,1.252692975924547,604350.0,22341230592.0
ROKU,2025-12-05 22:19:00,0.881715210355987,100.09,5.870526,1.5606880204599154,3189847.0,14788474880.0
SATS,2025-12-05 22:19:00,0.9511326860841424,82.0,10.067114,6.949654155855231,4104450.0,23605858304.0
TERN,2025-12-05 22:19:00,0.8784789644012945,29.36,8.219688,2.196150453032784,2821319.0,2644742400.0
TTAN,2025-12-05 22:19:00,0.9637540453074434,105.6,10.471809,4.427588720633553,1056265.0,9815386112.0
UBS,2025-12-05 22:19:00,0.8692556634304207,40.64,4.71527,3.687920673533661,1710501.0,128064790528.0
ULTA,2025-12-05 22:19:00,0.9873786407766992,601.5,12.650995,5.920898855218385,572773.0,27034783744.0
VERA,2025-12-05 22:19:00,0.8478964401294498,44.9,5.374327,1.558042642228949,1578107.0,2870370048.0
VIAV,2025-12-05 22:19:00,0.7773462783171522,18.32,4.685713,1.7258876661942009,3514187.0,4089003008.0
VSCO,2025-12-05 22:19:00,0.9514563106796116,49.05,17.9937,5.146003743359104,2355104.0,3932068096.0
WBD,2025-12-05 22:19:00,0.8220064724919094,26.08,6.2754645,3.979152553997505,49617061.0,64625573888.0
ABVX,2025-12-05 22:19:01,0.7673139158576051,114.51,3.4978335,1.1091264382836197,1163192.0,8920709120.0
ADBE,2025-12-05 22:19:01,0.9124595469255664,346.26,5.332643,1.7348302522726138,4305065.0,146883493888.0
ALB,2025-12-05 22:19:01,0.8491909385113268,125.19,5.07806,1.365008093804522,3779434.0,14734555136.0
ALK,2025-12-05 22:19:01,0.8351132686084142,49.65,4.92393,1.6140868697318205,3514734.0,5758835200.0
AMBA,2025-12-05 22:19:01,0.8181229773462783,74.1,4.2780766,1.3159240548394175,788411.0,3163255552.0
AMRZ,2025-12-05 22:19:01,0.7601941747572815,54.74,3.79219,1.2446359292300058,4868504.0,30275713024.0
APLS,2025-12-05 22:19:01,0.8202265372168284,23.63,6.4894037,1.5161749563399414,2556112.0,2989790720.0
BIDU,2025-12-05 22:19:01,0.7864077669902911,125.66,5.8456893,0.965280904430122,5199473.0,43805782016.0
BKNG,2025-12-05 22:19:01,0.8085760517799353,5197.04,3.5762105,1.0968893947611664,261814.0,168435482624.0
BURL,2025-12-05 22:19:01,0.9126213592233008,271.78,5.80449,1.600733328915689,1041279.0,17102302208.0
COO,2025-12-05 22:19:01,0.9129449838187702,81.4,5.673118,3.3973222120632918,2717915.0,16240318464.0
CPAY,2025-12-05 22:19:01,0.8501618122977346,310.64,4.45543,1.2420838314007725,563846.0,21935652864.0
CRM,2025-12-05 22:19:01,0.8923948220064725,260.57,5.29783,1.669615923942378,8598323.0,249104924672.0
DBRG,2025-12-05 22:19:01,0.925242718446602,14.12,45.2675,16.944117287023758,3292163.0,2752909056.0
DG,2025-12-05 22:19:01,0.9300970873786408,132.37,5.65089,3.7872294054440703,3221009.0,29135433728.0
DLTR,2025-12-05 22:19:01,0.8800970873786408,122.44,5.670147,1.592948171691782,4429915.0,24973821952.0
DUOL,2025-12-05 22:19:01,0.8425566343042071,199.75,6.03567,1.0723195836840895,1907782.0,9233913856.0
FDS,2025-12-05 22:19:01,0.8865695792880257,290.63,4.19833,1.733617225370542,859012.0,10987783168.0
FROG,2025-12-05 22:19:01,0.8713592233009708,64.77,4.265933,2.4836694203949103,1300903.0,7663121920.0
GEHC,2025-12-05 22:19:01,0.7616504854368932,85.46,3.5627756,1.1730338169485417,3728722.0,39017791488.0
GPCR,2025-12-05 22:19:01,0.7737864077669904,34.56,5.2054887,1.1134286634817716,1045979.0,2097019264.0
HUBG,2025-12-05 22:19:01,0.8341423948220064,41.28,4.4402204,1.690620236505998,633726.0,2527144192.0
IOT,2025-12-05 22:19:01,0.922168284789644,45.22,11.0784,4.02090266539634,5024431.0,25939759104.0
IVZ,2025-12-05 22:19:01,0.7838187702265372,26.24,4.08568,2.1468648585152503,4997111.0,11702089728.0
KRYS,2025-12-05 22:19:01,0.8962783171521035,234.13,5.4829693,1.5303629008250736,319123.0,6789189632.0
LSCC,2025-12-05 22:19:01,0.7818770226537216,78.85,3.9825883,1.1854526277264197,2174922.0,10794215424.0
LULU,2025-12-05 22:19:01,0.7606796116504855,190.01,3.4912791,1.0527404854570297,4348974.0,22772793344.0
LUV,2025-12-05 22:19:01,0.8233009708737864,37.85,5.69672,1.655808972689689,9084188.0,19878354944.0
MC,2025-12-05 22:19:01,0.7956310679611649,68.68,3.35591,1.4257540310788872,793336.0,5094710272.0
MDB,2025-12-05 22:19:01,0.7813915857605177,409.62,3.249057,1.0950293030756622,1916693.0,33339693056.0
META,2025-12-05 22:19:01,0.7648867313915857,673.42,1.7973416,1.20918380439992,17301588.0,1697373618176.0
MRNA,2025-12-05 22:19:01,0.8156957928802588,27.7,8.670071,1.473044985445625,11174303.0,10823321600.0
OMC,2025-12-05 22:19:01,0.8597087378640776,73.44,4.66012,1.887358637711486,4091703.0,23305392128.0
PEGA,2025-12-05 22:19:01,0.8394822006472491,60.11,5.4561415,1.3330286625830272,1331492.0,10283659264.0
PJT,2025-12-05 22:19:01,0.7889967637540455,176.04,3.10413,1.292021959513872,217309.0,6995723776.0
PRAX,2025-12-05 22:19:01,0.9699029126213592,247.99,30.541668,2.956701035155929,975312.0,6201528832.0
QFIN,2025-12-05 22:19:01,0.7647249190938512,19.57,4.4290285,1.4735794462065603,2026604.0,2702731520.0
RBRK,2025-12-05 22:19:01,0.9661812297734628,86.27,22.4904,4.602680159939496,3673139.0,17034760192.0
RDDT,2025-12-05 22:19:01,0.8184466019417476,234.11,5.09989,1.0755164522552825,5520307.0,44362854400.0
RL,2025-12-05 22:19:01,0.8079288025889968,368.42,3.20756,1.252692975924547,604350.0,22341230592.0
ROKU,2025-12-05 22:19:01,0.881715210355987,100.09,5.870526,1.5606880204599154,3189847.0,14788474880.0
SATS,2025-12-05 22:19:01,0.9511326860841424,82.0,10.067114,6.949654155855231,4104450.0,23605858304.0
TERN,2025-12-05 22:19:01,0.8784789644012945,29.36,8.219688,2.196150453032784,2821319.0,2644742400.0
TTAN,2025-12-05 22:19:01,0.9637540453074434,105.6,10.471809,4.427588720633553,1056265.0,9815386112.0
UBS,2025-12-05 22:19:01,0.8692556634304207,40.64,4.71527,3.687920673533661,1710501.0,128064790528.0
ULTA,2025-12-05 22:19:01,0.9873786407766992,601.5,12.650995,5.920898855218385,572773.0,27034783744.0
VERA,2025-12-05 22:19:01,0.8478964401294498,44.9,5.374327,1.558042642228949,1578107.0,2870370048.0
VIAV,2025-12-05 22:19:01,0.7773462783171522,18.32,4.685713,1.7258876661942009,3514187.0,4089003008.0
VSCO,2025-12-05 22:19:01,0.9514563106796116,49.05,17.9937,5.146003743359104,2355104.0,3932068096.0
WBD,2025-12-05 22:19:01,0.8220064724919094,26.08,6.2754645,3.979152553997505,49617061.0,64625573888.0
ABVX,2025-12-05 22:42:22,0.7676948051948052,114.51,3.4978335,1.1091264382836197,1163192.0,8920709120.0
ADBE,2025-12-05 22:42:22,0.9121753246753248,346.26,5.332643,1.7348302522726138,4305065.0,146883493888.0
ALB,2025-12-05 22:42:22,0.8487012987012986,125.19,5.07806,1.365008093804522,3779434.0,14734555136.0
ALK,2025-12-05 22:42:22,0.834577922077922,49.65,4.92393,1.6140868697318205,3514734.0,5758835200.0
AMBA,2025-12-05 22:42:22,0.8175324675324674,74.1,4.2780766,1.3159240548394175,788411.0,3163255552.0
AMRZ,2025-12-05 22:42:22,0.7594155844155844,54.74,3.79219,1.2446359292300058,4868504.0,30275713024.0
APLS,2025-12-05 22:42:22,0.8202922077922078,23.63,6.4894037,1.5161749563399414,2556112.0,2989790720.0
BIDU,2025-12-05 22:42:22,0.7857142857142857,125.66,5.8456893,0.965280904430122,5199473.0,43805782016.0
BKNG,2025-12-05 22:42:22,0.809090909090909,5197.04,3.5762105,1.0968893947611664,261814.0,168435482624.0
BURL,2025-12-05 22:42:22,0.9123376623376622,271.78,5.80449,1.600733328915689,1041279.0,17102302208.0
COO,2025-12-05 22:42:22,0.9126623376623376,81.4,5.673118,3.3973222120632918,2717915.0,16240318464.0
CPAY,2025-12-05 22:42:22,0.8496753246753247,310.64,4.45543,1.2420838314007725,563846.0,21935652864.0
CRM,2025-12-05 22:42:22,0.8920454545454546,260.57,5.29783,1.669615923942378,8598323.0,249104924672.0
DBRG,2025-12-05 22:42:22,0.925,14.12,45.2675,16.944117287023758,3292163.0,2752909056.0
DG,2025-12-05 22:42:22,0.92987012987013,132.37,5.65089,3.7872294054440703,3221009.0,29135433728.0
DLTR,2025-12-05 22:42:22,0.8797077922077922,122.44,5.670147,1.592948171691782,4429915.0,24973821952.0
DUOL,2025-12-05 22:42:22,0.8431818181818183,199.75,6.03567,1.0723195836840895,1907782.0,9233913856.0
FDS,2025-12-05 22:42:22,0.8862012987012987,290.63,4.19833,1.733617225370542,859012.0,10987783168.0
FROG,2025-12-05 22:42:22,0.8709415584415584,64.77,4.265933,2.4836694203949103,1300903.0,7663121920.0
GEHC,2025-12-05 22:42:22,0.7608766233766233,85.46,3.5627756,1.1730338169485417,3728722.0,39017791488.0
GPCR,2025-12-05 22:42:22,0.7748376623376623,34.56,5.2054887,1.1134286634817716,1045979.0,2097019264.0
HUBG,2025-12-05 22:42:22,0.8336038961038961,41.28,4.4402204,1.690620236505998,633726.0,2527144192.0
IOT,2025-12-05 22:42:22,0.9219155844155844,45.22,11.0784,4.02090266539634,5024431.0,25939759104.0
IVZ,2025-12-05 22:42:22,0.7844155844155845,26.24,4.08568,2.1468648585152503,4997111.0,11702089728.0
KRYS,2025-12-05 22:42:22,0.8959415584415585,234.13,5.4829693,1.5303629008250736,319123.0,6789189632.0
LSCC,2025-12-05 22:42:22,0.7811688311688311,78.85,3.9825883,1.1854526277264197,2174922.0,10794215424.0
LULU,2025-12-05 22:42:22,0.7610389610389611,190.01,3.4912791,1.0527404854570297,4348974.0,22772793344.0
LUV,2025-12-05 22:42:22,0.8224025974025974,37.85,5.69672,1.655808972689689,9084188.0,19878354944.0
MC,2025-12-05 22:42:22,0.7949675324675325,68.68,3.35591,1.4257540310788872,793336.0,5094710272.0
MDB,2025-12-05 22:42:22,0.7818181818181817,409.62,3.249057,1.0950293030756622,1916693.0,33339693056.0
META,2025-12-05 22:42:22,0.7652597402597403,673.42,1.7973416,1.20918380439992,17301588.0,1697373618176.0
MRNA,2025-12-05 22:42:22,0.8147727272727272,27.7,8.670071,1.473044985445625,11174303.0,10823321600.0
OMC,2025-12-05 22:42:22,0.8592532467532467,73.44,4.66012,1.887358637711486,4091703.0,23305392128.0
PEGA,2025-12-05 22:42:22,0.8389610389610389,60.11,5.4561415,1.3330286625830272,1331492.0,10283659264.0
PJT,2025-12-05 22:42:22,0.7883116883116883,176.04,3.10413,1.292021959513872,217309.0,6995723776.0
PRAX,2025-12-05 22:42:22,0.9698051948051948,247.99,30.541668,2.956701035155929,975312.0,6201528832.0
QFIN,2025-12-05 22:42:22,0.7652597402597402,19.57,4.4290285,1.4735794462065603,2026604.0,2702731520.0
RBRK,2025-12-05 22:42:22,0.9660714285714286,86.27,22.4904,4.602680159939496,3673139.0,17034760192.0
RDDT,2025-12-05 22:42:22,0.8189935064935064,234.11,5.09989,1.0755164522552825,5520307.0,44362854400.0
RL,2025-12-05 22:42:22,0.8073051948051947,368.42,3.20756,1.252692975924547,604350.0,22341230592.0
ROKU,2025-12-05 22:42:22,0.8813311688311689,100.09,5.870526,1.5606880204599154,3189847.0,14788474880.0
SATS,2025-12-05 22:42:22,0.950974025974026,82.0,10.067114,6.949654155855231,4104450.0,23605858304.0
TERN,2025-12-05 22:42:22,0.8780844155844155,29.36,8.219688,2.196150453032784,2821319.0,2644742400.0
TTAN,2025-12-05 22:42:22,0.9636363636363636,105.6,10.471809,4.427588720633553,1056265.0,9815386112.0
UBS,2025-12-05 22:42:22,0.8688311688311688,40.64,4.71527,3.687920673533661,1710501.0,128064790528.0
ULTA,2025-12-05 22:42:22,0.9873376623376624,601.5,12.650995,5.920898855218385,572773.0,27034783744.0
VERA,2025-12-05 22:42:22,0.8474025974025974,44.9,5.374327,1.558042642228949,1578107.0,2870370048.0
VIAV,2025-12-05 22:42:22,0.777922077922078,18.32,4.685713,1.7258876661942009,3514187.0,4089003008.0
VSCO,2025-12-05 22:42:22,0.9512987012987012,49.05,17.9937,5.146003743359104,2355104.0,3932068096.0
WBD,2025-12-05 22:42:22,0.8224025974025974,26.08,6.2754645,3.979152553997505,49617061.0,64625573888.0
ABVX,2025-12-05 22:42:23,0.7676948051948052,114.51,3.4978335,1.1091264382836197,1163192.0,8920709120.0
ADBE,2025-12-05 22:42:23,0.9121753246753248,346.26,5.332643,1.7348302522726138,4305065.0,146883493888.0
ALB,2025-12-05 22:42:23,0.8487012987012986,125.19,5.07806,1.365008093804522,3779434.0,14734555136.0
ALK,2025-12-05 22:42:23,0.834577922077922,49.65,4.92393,1.6140868697318205,3514734.0,5758835200.0
AMBA,2025-12-05 22:42:23,0.8175324675324674,74.1,4.2780766,1.3159240548394175,788411.0,3163255552.0
AMRZ,2025-12-05 22:42:23,0.7594155844155844,54.74,3.79219,1.2446359292300058,4868504.0,30275713024.0
APLS,2025-12-05 22:42:23,0.8202922077922078,23.63,6.4894037,1.5161749563399414,2556112.0,2989790720.0
BIDU,2025-12-05 22:42:23,0.7857142857142857,125.66,5.8456893,0.965280904430122,5199473.0,43805782016.0
BKNG,2025-12-05 22:42:23,0.809090909090909,5197.04,3.5762105,1.0968893947611664,261814.0,168435482624.0
BURL,2025-12-05 22:42:23,0.9123376623376622,271.78,5.80449,1.600733328915689,1041279.0,17102302208.0
COO,2025-12-05 22:42:23,0.9126623376623376,81.4,5.673118,3.3973222120632918,2717915.0,16240318464.0
CPAY,2025-12-05 22:42:23,0.8496753246753247,310.64,4.45543,1.2420838314007725,563846.0,21935652864.0
CRM,2025-12-05 22:42:23,0.8920454545454546,260.57,5.29783,1.669615923942378,8598323.0,249104924672.0
DBRG,2025-12-05 22:42:23,0.925,14.12,45.2675,16.944117287023758,3292163.0,2752909056.0
DG,2025-12-05 22:42:23,0.92987012987013,132.37,5.65089,3.7872294054440703,3221009.0,29135433728.0
DLTR,2025-12-05 22:42:23,0.8797077922077922,122.44,5.670147,1.592948171691782,4429915.0,24973821952.0
DUOL,2025-12-05 22:42:23,0.8431818181818183,199.75,6.03567,1.0723195836840895,1907782.0,9233913856.0
FDS,2025-12-05 22:42:23,0.8862012987012987,290.63,4.19833,1.733617225370542,859012.0,10987783168.0
FROG,2025-12-05 22:42:23,0.8709415584415584,64.77,4.265933,2.4836694203949103,1300903.0,7663121920.0
GEHC,2025-12-05 22:42:23,0.7608766233766233,85.46,3.5627756,1.1730338169485417,3728722.0,39017791488.0
GPCR,2025-12-05 22:42:23,0.7748376623376623,34.56,5.2054887,1.1134286634817716,1045979.0,2097019264.0
HUBG,2025-12-05 22:42:23,0.8336038961038961,41.28,4.4402204,1.690620236505998,633726.0,2527144192.0
IOT,2025-12-05 22:42:23,0.9219155844155844,45.22,11.0784,4.02090266539634,5024431.0,25939759104.0
IVZ,2025-12-05 22:42:23,0.7844155844155845,26.24,4.08568,2.1468648585152503,4997111.0,11702089728.0
KRYS,2025-12-05 22:42:23,0.8959415584415585,234.13,5.4829693,1.5303629008250736,319123.0,6789189632.0
LSCC,2025-12-05 22:42:23,0.7811688311688311,78.85,3.9825883,1.1854526277264197,2174922.0,10794215424.0
LULU,2025-12-05 22:42:23,0.7610389610389611,190.01,3.4912791,1.0527404854570297,4348974.0,22772793344.0
LUV,2025-12-05 22:42:23,0.8224025974025974,37.85,5.69672,1.655808972689689,9084188.0,19878354944.0
MC,2025-12-05 22:42:23,0.7949675324675325,68.68,3.35591,1.4257540310788872,793336.0,5094710272.0
MDB,2025-12-05 22:42:23,0.7818181818181817,409.62,3.249057,1.0950293030756622,1916693.0,33339693056.0
META,2025-12-05 22:42:23,0.7652597402597403,673.42,1.7973416,1.20918380439992,17301588.0,1697373618176.0
MRNA,2025-12-05 22:42:23,0.8147727272727272,27.7,8.670071,1.473044985445625,11174303.0,10823321600.0
OMC,2025-12-05 22:42:23,0.8592532467532467,73.44,4.66012,1.887358637711486,4091703.0,23305392128.0
PEGA,2025-12-05 22:42:23,0.8389610389610389,60.11,5.4561415,1.3330286625830272,1331492.0,10283659264.0
PJT,2025-12-05 22:42:23,0.7883116883116883,176.04,3.10413,1.292021959513872,217309.0,6995723776.0
PRAX,2025-12-05 22:42:23,0.9698051948051948,247.99,30.541668,2.956701035155929,975312.0,6201528832.0
QFIN,2025-12-05 22:42:23,0.7652597402597402,19.57,4.4290285,1.4735794462065603,2026604.0,2702731520.0
RBRK,2025-12-05 22:42:23,0.9660714285714286,86.27,22.4904,4.602680159939496,3673139.0,17034760192.0
RDDT,2025-12-05 22:42:23,0.8189935064935064,234.11,5.09989,1.0755164522552825,5520307.0,44362854400.0
RL,2025-12-05 22:42:23,0.8073051948051947,368.42,3.20756,1.252692975924547,604350.0,22341230592.0
ROKU,2025-12-05 22:42:23,0.8813311688311689,100.09,5.870526,1.5606880204599154,3189847.0,14788474880.0
SATS,2025-12-05 22:42:23,0.950974025974026,82.0,10.067114,6.949654155855231,4104450.0,23605858304.0
TERN,2025-12-05 22:42:23,0.8780844155844155,29.36,8.219688,2.196150453032784,2821319.0,2644742400.0
TTAN,2025-12-05 22:42:23,0.9636363636363636,105.6,10.471809,4.427588720633553,1056265.0,9815386112.0
UBS,2025-12-05 22:42:23,0.8688311688311688,40.64,4.71527,3.687920673533661,1710501.0,128064790528.0
ULTA,2025-12-05 22:42:23,0.9873376623376624,601.5,12.650995,5.920898855218385,572773.0,27034783744.0
VERA,2025-12-05 22:42:23,0.8474025974025974,44.9,5.374327,1.558042642228949,1578107.0,2870370048.0
VIAV,2025-12-05 22:42:23,0.777922077922078,18.32,4.685713,1.7258876661942009,3514187.0,4089003008.0
VSCO,2025-12-05 22:42:23,0.9512987012987012,49.05,17.9937,5.146003743359104,2355104.0,3932068096.0
WBD,2025-12-05 22:42:23,0.8224025974025974,26.08,6.2754645,3.979152553997505,49617061.0,64625573888.0
ABVX,2025-12-05 22:51:40,0.7673139158576051,114.51,3.4978335,1.1091264382836197,1163192.0,8920709120.0
ADBE,2025-12-05 22:51:40,0.9124595469255664,346.26,5.332643,1.7348302522726138,4305065.0,146883493888.0
ALB,2025-12-05 22:51:40,0.8491909385113268,125.19,5.07806,1.365008093804522,3779434.0,14734555136.0
ALK,2025-12-05 22:51:40,0.8351132686084142,49.65,4.92393,1.6140868697318205,3514734.0,5758835200.0
AMBA,2025-12-05 22:51:40,0.8181229773462783,74.1,4.2780766,1.3159240548394175,788411.0,3163255552.0
AMRZ,2025-12-05 22:51:40,0.7601941747572815,54.74,3.79219,1.2446359292300058,4868504.0,30275713024.0
APLS,2025-12-05 22:51:40,0.8202265372168284,23.63,6.4894037,1.5161749563399414,2556112.0,2989790720.0
BIDU,2025-12-05 22:51:40,0.7864077669902911,125.66,5.8456893,0.965280904430122,5199473.0,43805782016.0
BKNG,2025-12-05 22:51:40,0.8085760517799353,5197.04,3.5762105,1.0968893947611664,261814.0,168435482624.0
BURL,2025-12-05 22:51:40,0.9126213592233008,271.78,5.80449,1.600733328915689,1041279.0,17102302208.0
COO,2025-12-05 22:51:40,0.9129449838187702,81.4,5.673118,3.3973222120632918,2717915.0,16240318464.0
CPAY,2025-12-05 22:51:40,0.8501618122977346,310.64,4.45543,1.2420838314007725,563846.0,21935652864.0
CRM,2025-12-05 22:51:40,0.8923948220064725,260.57,5.29783,1.669615923942378,8598323.0,249104924672.0
DBRG,2025-12-05 22:51:40,0.925242718446602,14.12,45.2675,16.944117287023758,3292163.0,2752909056.0
DG,2025-12-05 22:51:40,0.9300970873786408,132.37,5.65089,3.7872294054440703,3221009.0,29135433728.0
DLTR,2025-12-05 22:51:40,0.8800970873786408,122.44,5.670147,1.592948171691782,4429915.0,24973821952.0
DUOL,2025-12-05 22:51:40,0.8425566343042071,199.75,6.03567,1.0723195836840895,1907782.0,9233913856.0
FDS,2025-12-05 22:51:40,0.8865695792880257,290.63,4.19833,1.733617225370542,859012.0,10987783168.0
FROG,2025-12-05 22:51:40,0.8713592233009708,64.77,4.265933,2.4836694203949103,1300903.0,7663121920.0
GEHC,2025-12-05 22:51:40,0.7616504854368932,85.46,3.5627756,1.1730338169485417,3728722.0,39017791488.0
GPCR,2025-12-05 22:51:40,0.7737864077669904,34.56,5.2054887,1.1134286634817716,1045979.0,2097019264.0
HUBG,2025-12-05 22:51:40,0.8341423948220064,41.28,4.4402204,1.690620236505998,633726.0,2527144192.0
IOT,2025-12-05 22:51:40,0.922168284789644,45.22,11.0784,4.02090266539634,5024431.0,25939759104.0
IVZ,2025-12-05 22:51:40,0.7838187702265372,26.24,4.08568,2.1468648585152503,4997111.0,11702089728.0
KRYS,2025-12-05 22:51:40,0.8962783171521035,234.13,5.4829693,1.5303629008250736,319123.0,6789189632.0
LSCC,2025-12-05 22:51:40,0.7818770226537216,78.85,3.9825883,1.1854526277264197,2174922.0,10794215424.0
LULU,2025-12-05 22:51:40,0.7606796116504855,190.01,3.4912791,1.0527404854570297,4348974.0,22772793344.0
LUV,2025-12-05 22:51:40,0.8233009708737864,37.85,5.69672,1.655808972689689,9084188.0,19878354944.0
MC,2025-12-05 22:51:40,0.7956310679611649,68.68,3.35591,1.4257540310788872,793336.0,5094710272.0
MDB,2025-12-05 22:51:40,0.7813915857605177,409.62,3.249057,1.0950293030756622,1916693.0,33339693056.0
META,2025-12-05 22:51:40,0.7648867313915857,673.42,1.7973416,1.20918380439992,17301588.0,1697373618176.0
MRNA,2025-12-05 22:51:40,0.8156957928802588,27.7,8.670071,1.473044985445625,11174303.0,10823321600.0
OMC,2025-12-05 22:51:40,0.8597087378640776,73.44,4.66012,1.887358637711486,4091703.0,23305392128.0
PEGA,2025-12-05 22:51:40,0.8394822006472491,60.11,5.4561415,1.3330286625830272,1331492.0,10283659264.0
PJT,2025-12-05 22:51:40,0.7889967637540455,176.04,3.10413,1.292021959513872,217309.0,6995723776.0
PRAX,2025-12-05 22:51:40,0.9699029126213592,247.99,30.541668,2.956701035155929,975312.0,6201528832.0
QFIN,2025-12-05 22:51:40,0.7647249190938512,19.57,4.4290285,1.4735794462065603,2026604.0,2702731520.0
RBRK,2025-12-05 22:51:40,0.9661812297734628,86.27,22.4904,4.602680159939496,3673139.0,17034760192.0
RDDT,2025-12-05 22:51:40,0.8184466019417476,234.11,5.09989,1.0755164522552825,5520307.0,44362854400.0
RL,2025-12-05 22:51:40,0.8079288025889968,368.42,3.20756,1.252692975924547,604350.0,22341230592.0
ROKU,2025-12-05 22:51:40,0.881715210355987,100.09,5.870526,1.5606880204599154,3189847.0,14788474880.0
SATS,2025-12-05 22:51:40,0.9511326860841424,82.0,10.067114,6.949654155855231,4104450.0,23605858304.0
TERN,2025-12-05 22:51:40,0.8784789644012945,29.36,8.219688,2.196150453032784,2821319.0,2644742400.0
TTAN,2025-12-05 22:51:40,0.9637540453074434,105.6,10.471809,4.427588720633553,1056265.0,9815386112.0
UBS,2025-12-05 22:51:40,0.8692556634304207,40.64,4.71527,3.687920673533661,1710501.0,128064790528.0
ULTA,2025-12-05 22:51:40,0.9873786407766992,601.5,12.650995,5.920898855218385,572773.0,27034783744.0
VERA,2025-12-05 22:51:40,0.8478964401294498,44.9,5.374327,1.558042642228949,1578107.0,2870370048.0
VIAV,2025-12-05 22:51:40,0.7773462783171522,18.32,4.685713,1.7258876661942009,3514187.0,4089003008.0
VSCO,2025-12-05 22:51:40,0.9514563106796116,49.05,17.9937,5.146003743359104,2355104.0,3932068096.0
WBD,2025-12-05 22:51:40,0.8220064724919094,26.08,6.2754645,3.979152553997505,49617061.0,64625573888.0
ABVX,2025-12-05 22:51:41,0.7673139158576051,114.51,3.4978335,1.1091264382836197,1163192.0,8920709120.0
ADBE,2025-12-05 22:51:41,0.9124595469255664,346.26,5.332643,1.7348302522726138,4305065.0,146883493888.0
ALB,2025-12-05 22:51:41,0.8491909385113268,125.19,5.07806,1.365008093804522,3779434.0,14734555136.0
ALK,2025-12-05 22:51:41,0.8351132686084142,49.65,4.92393,1.6140868697318205,3514734.0,5758835200.0
AMBA,2025-12-05 22:51:41,0.8181229773462783,74.1,4.2780766,1.3159240548394175,788411.0,3163255552.0
AMRZ,2025-12-05 22:51:41,0.7601941747572815,54.74,3.79219,1.2446359292300058,4868504.0,30275713024.0
APLS,2025-12-05 22:51:41,0.8202265372168284,23.63,6.4894037,1.5161749563399414,2556112.0,2989790720.0
BIDU,2025-12-05 22:51:41,0.7864077669902911,125.66,5.8456893,0.965280904430122,5199473.0,43805782016.0
BKNG,2025-12-05 22:51:41,0.8085760517799353,5197.04,3.5762105,1.0968893947611664,261814.0,168435482624.0
BURL,2025-12-05 22:51:41,0.9126213592233008,271.78,5.80449,1.600733328915689,1041279.0,17102302208.0
COO,2025-12-05 22:51:41,0.9129449838187702,81.4,5.673118,3.3973222120632918,2717915.0,16240318464.0
CPAY,2025-12-05 22:51:41,0.8501618122977346,310.64,4.45543,1.2420838314007725,563846.0,21935652864.0
CRM,2025-12-05 22:51:41,0.8923948220064725,260.57,5.29783,1.669615923942378,8598323.0,249104924672.0
DBRG,2025-12-05 22:51:41,0.925242718446602,14.12,45.2675,16.944117287023758,3292163.0,2752909056.0
DG,2025-12-05 22:51:41,0.9300970873786408,132.37,5.65089,3.7872294054440703,3221009.0,29135433728.0
DLTR,2025-12-05 22:51:41,0.8800970873786408,122.44,5.670147,1.592948171691782,4429915.0,24973821952.0
DUOL,2025-12-05 22:51:41,0.8425566343042071,199.75,6.03567,1.0723195836840895,1907782.0,9233913856.0
FDS,2025-12-05 22:51:41,0.8865695792880257,290.63,4.19833,1.733617225370542,859012.0,10987783168.0
FROG,2025-12-05 22:51:41,0.8713592233009708,64.77,4.265933,2.4836694203949103,1300903.0,7663121920.0
GEHC,2025-12-05 22:51:41,0.7616504854368932,85.46,3.5627756,1.1730338169485417,3728722.0,39017791488.0
GPCR,2025-12-05 22:51:41,0.7737864077669904,34.56,5.2054887,1.1134286634817716,1045979.0,2097019264.0
HUBG,2025-12-05 22:51:41,0.8341423948220064,41.28,4.4402204,1.690620236505998,633726.0,2527144192.0
IOT,2025-12-05 22:51:41,0.922168284789644,45.22,11.0784,4.02090266539634,5024431.0,25939759104.0
IVZ,2025-12-05 22:51:41,0.7838187702265372,26.24,4.08568,2.1468648585152503,4997111.0,11702089728.0
KRYS,2025-12-05 22:51:41,0.8962783171521035,234.13,5.4829693,1.5303629008250736,319123.0,6789189632.0
LSCC,2025-12-05 22:51:41,0.7818770226537216,78.85,3.9825883,1.1854526277264197,2174922.0,10794215424.0
LULU,2025-12-05 22:51:41,0.7606796116504855,190.01,3.4912791,1.0527404854570297,4348974.0,22772793344.0
LUV,2025-12-05 22:51:41,0.8233009708737864,37.85,5.69672,1.655808972689689,9084188.0,19878354944.0
MC,2025-12-05 22:51:41,0.7956310679611649,68.68,3.35591,1.4257540310788872,793336.0,5094710272.0
MDB,2025-12-05 22:51:41,0.7813915857605177,409.62,3.249057,1.0950293030756622,1916693.0,33339693056.0
META,2025-12-05 22:51:41,0.7648867313915857,673.42,1.7973416,1.20918380439992,17301588.0,1697373618176.0
MRNA,2025-12-05 22:51:41,0.8156957928802588,27.7,8.670071,1.473044985445625,11174303.0,10823321600.0
OMC,2025-12-05 22:51:41,0.8597087378640776,73.44,4.66012,1.887358637711486,4091703.0,23305392128.0
PEGA,2025-12-05 22:51:41,0.8394822006472491,60.11,5.4561415,1.3330286625830272,1331492.0,10283659264.0
PJT,2025-12-05 22:51:41,0.7889967637540455,176.04,3.10413,1.292021959513872,217309.0,6995723776.0
PRAX,2025-12-05 22:51:41,0.9699029126213592,247.99,30.541668,2.956701035155929,975312.0,6201528832.0
QFIN,2025-12-05 22:51:41,0.7647249190938512,19.57,4.4290285,1.4735794462065603,2026604.0,2702731520.0
RBRK,2025-12-05 22:51:41,0.9661812297734628,86.27,22.4904,4.602680159939496,3673139.0,17034760192.0
RDDT,2025-12-05 22:51:41,0.8184466019417476,234.11,5.09989,1.0755164522552825,5520307.0,44362854400.0
RL,2025-12-05 22:51:41,0.8079288025889968,368.42,3.20756,1.252692975924547,604350.0,22341230592.0
ROKU,2025-12-05 22:51:41,0.881715210355987,100.09,5.870526,1.5606880204599154,3189847.0,14788474880.0
SATS,2025-12-05 22:51:41,0.9511326860841424,82.0,10.067114,6.949654155855231,4104450.0,23605858304.0
TERN,2025-12-05 22:51:41,0.8784789644012945,29.36,8.219688,2.196150453032784,2821319.0,2644742400.0
TTAN,2025-12-05 22:51:41,0.9637540453074434,105.6,10.471809,4.427588720633553,1056265.0,9815386112.0
UBS,2025-12-05 22:51:41,0.8692556634304207,40.64,4.71527,3.687920673533661,1710501.0,128064790528.0
ULTA,2025-12-05 22:51:41,0.9873786407766992,601.5,12.650995,5.920898855218385,572773.0,27034783744.0
VERA,2025-12-05 22:51:41,0.8478964401294498,44.9,5.374327,1.558042642228949,1578107.0,2870370048.0
VIAV,2025-12-05 22:51:41,0.7773462783171522,18.32,4.685713,1.7258876661942009,3514187.0,4089003008.0
VSCO,2025-12-05 22:51:41,0.9514563106796116,49.05,17.9937,5.146003743359104,2355104.0,3932068096.0
WBD,2025-12-05 22:51:41,0.8220064724919094,26.08,6.2754645,3.979152553997505,49617061.0,64625573888.0
ABVX,2025-12-08 14:21:59,0.7706070287539936,114.51,3.4978335,1.1173585412747309,1160904.0,8920709120.0
ADBE,2025-12-08 14:21:59,0.9143769968051116,346.26,5.332643,1.7601672377540245,4346387.0,146883493888.0
ALB,2025-12-08 14:21:59,0.8463258785942492,125.19,5.07806,1.348342158133413,3826149.0,14734555136.0
ALK,2025-12-08 14:21:59,0.8309904153354631,49.65,4.92393,1.5953241653499044,3556071.0,5758835200.0
AMBA,2025-12-08 14:21:59,0.8170926517571885,74.1,4.2780766,1.3058421751080196,794995.0,3163255552.0
AMRZ,2025-12-08 14:21:59,0.7615015974440895,54.74,3.79219,1.2443432781294914,4869649.0,30275713024.0
APLS,2025-12-08 14:21:59,0.8364217252396167,23.63,6.4894123,1.681329444844654,2581980.0,2989790720.0
APPN,2025-12-08 14:21:59,0.7654952076677316,40.96,3.9857824,1.2090706174986603,791192.0,3032348928.0
BIDU,2025-12-08 14:21:59,0.7939297124600639,125.66,5.8456893,1.0038204116028575,5059926.0,43805782016.0
BKNG,2025-12-08 14:21:59,0.8210862619808307,5197.04,3.5762105,1.1542780515045263,263239.0,168435482624.0
BURL,2025-12-08 14:21:59,0.9070287539936102,271.78,5.80449,1.5791767448955132,1055493.0,17102302208.0
COO,2025-12-08 14:21:59,0.91741214057508,81.4,5.673118,3.794258064037744,2832111.0,16240318464.0
CPAY,2025-12-08 14:21:59,0.8509584664536741,310.64,4.45543,1.2405788886330222,564530.0,21935652864.0
CRM,2025-12-08 14:21:59,0.8915335463258784,260.57,5.29783,1.6594686102024068,8650900.0,249104924672.0
DBRG,2025-12-08 14:21:59,0.9178913738019168,14.12,45.2675,13.433632440235012,4152473.0,2752909056.0
DG,2025-12-08 14:21:59,0.9287539936102236,132.37,5.65089,3.628551414170409,3361865.0,29135433728.0
DLTR,2025-12-08 14:21:59,0.8805111821086261,122.44,5.670147,1.6153321673541032,4424893.0,24973821952.0
DUOL,2025-12-08 14:21:59,0.847923322683706,199.75,6.03567,1.109161662252771,1917807.0,9233913856.0
FDS,2025-12-08 14:21:59,0.8857827476038339,290.63,4.19833,1.7025067765393975,874709.0,10987783168.0
FROG,2025-12-08 14:21:59,0.871884984025559,64.77,4.2659397,2.4608074276411496,1315734.0,7663121920.0
GEHC,2025-12-08 14:21:59,0.7661341853035143,85.46,3.5627756,1.1999129180010275,3699961.0,39017791488.0
HUBG,2025-12-08 14:21:59,0.8378594249201279,41.28,4.4402304,1.6902661061158213,642939.0,2527144192.0
IOT,2025-12-08 14:21:59,0.920287539936102,45.22,11.0784,3.869606631373759,5220879.0,25939759104.0
IVZ,2025-12-08 14:21:59,0.7811501597444089,26.24,4.08568,2.105418486416005,5095482.0,11702089728.0
KRYS,2025-12-08 14:21:59,0.9087859424920128,234.13,5.4829693,1.667840743140799,322523.0,6789189632.0
LSCC,2025-12-08 14:21:59,0.7869009584664536,78.85,3.9825883,1.2136762142436426,2178249.0,10794215424.0
LULU,2025-12-08 14:21:59,0.7707667731629393,190.01,3.4912877,1.1047555853739397,4201733.0,22772793344.0
LUV,2025-12-08 14:21:59,0.8204472843450479,37.85,5.69672,1.638973576682103,9177500.0,19878354944.0
MC,2025-12-08 14:21:59,0.7966453674121406,68.68,3.35591,1.409295527914867,802601.0,5094710272.0
MDB,2025-12-08 14:21:59,0.7797124600638977,409.62,3.249065,1.0892524161470107,1929001.0,33339693056.0
META,2025-12-08 14:21:59,0.7678913738019169,673.42,1.7973509,1.2167015411214026,17430619.0,1697373618176.0
MRNA,2025-12-08 14:21:59,0.8140575079872204,27.7,8.670063,1.4723172124704706,11228638.0,10823321600.0
OMC,2025-12-08 14:21:59,0.8578274760383386,73.44,4.66012,1.86002805994954,4151825.0,23305392128.0
PEGA,2025-12-08 14:21:59,0.8400958466453674,60.11,5.4561415,1.3326651410861652,1331952.0,10283659264.0
PJT,2025-12-08 14:21:59,0.7894568690095847,176.04,3.10413,1.279072839838002,219509.0,6995723776.0
PRAX,2025-12-08 14:21:59,0.9691693290734824,247.99,30.541668,2.9015209239838784,997420.0,6201528832.0
QFIN,2025-12-08 14:21:59,0.7627795527156549,19.57,4.4290285,1.4670917301958004,2054438.0,2702731520.0
RBRK,2025-12-08 14:21:59,0.965335463258786,86.27,22.4904,4.369280437654677,3869352.0,17034760192.0
RDDT,2025-12-08 14:21:59,0.8140575079872204,234.11,5.09989,1.0749593349324156,5523168.0,44362854400.0
RL,2025-12-08 14:21:59,0.8081469648562299,368.42,3.20756,1.245000690694049,608084.0,22341230592.0
ROKU,2025-12-08 14:21:59,0.8787539936102235,100.09,5.8705344,1.5579811502928602,3199307.0,14788474880.0
SATS,2025-12-08 14:21:59,0.9514376996805112,82.0,10.067114,6.854190949802923,4172992.0,23605858304.0
TERN,2025-12-08 14:21:59,0.8752396166134184,29.36,8.219681,2.147844991732828,2904258.0,2644742400.0
TTAN,2025-12-08 14:21:59,0.9638977635782748,105.6,10.471809,4.310363633520979,1087331.0,9815386112.0
UBS,2025-12-08 14:21:59,0.8683706070287539,40.64,4.71527,3.5336368688045603,1785184.0,128064790528.0
ULTA,2025-12-08 14:21:59,0.9886581469648562,601.5,12.650995,5.513537211500053,615858.0,27034783744.0
VERA,2025-12-08 14:21:59,0.8531948881789138,44.9,5.374327,1.6251989623348997,1568136.0,2870370048.0
VIAV,2025-12-08 14:21:59,0.7741214057507987,18.32,4.685713,1.6992803502101406,3569514.0,4089003008.0
VSCO,2025-12-08 14:21:59,0.9511182108626198,49.05,17.9937,4.8614667144815815,2492946.0,3932068096.0
WBD,2025-12-08 14:21:59,0.8222044728434503,26.08,6.2754645,3.837869748124494,51818417.0,64625573888.0
ACLX,2025-12-08 14:47:59,0.901875,77.585,11.536805,0.9356317524236918,703266.0,4486187520.0
ACMR,2025-12-08 14:47:59,0.5974999999999999,37.355,6.4245048,0.1267576475416293,1637487.0,2423459840.0
ALAB,2025-12-08 14:47:59,0.62,169.0926,4.876642,0.1325428317499281,6452865.0,28560353280.0
ARWR,2025-12-08 14:47:59,0.808125,68.565,11.596686,0.2700485105005942,2330011.0,9479629824.0
AUGO,2025-12-08 14:47:59,0.5924999999999999,42.6221,3.401503,0.4802580284948005,501495.0,3560416000.0
AVGO,2025-12-08 14:47:59,0.5843750000000001,400.467,2.6212175,0.2889161459135834,23208696.0,1891151380480.0
BAH,2025-12-08 14:47:59,0.5675,91.32,3.7609334,0.1495582422965665,2127071.0,11255069696.0
BIDU,2025-12-08 14:47:59,0.450625,129.19,2.8091664,0.1353747070609333,5059926.0,45036359680.0
BMNR,2025-12-08 14:47:59,0.513125,35.75,4.99266,0.1376716747455416,46381458.0,13730423808.0
CFLT,2025-12-08 14:47:59,0.879375,29.735,28.500439,6.99616180395625,7300044.0,10401975296.0
CLS,2025-12-08 14:47:59,0.585,338.04,3.983516,0.120068730401148,3036211.0,38886981632.0
CNK,2025-12-08 14:47:59,0.60375,23.235,5.854213,0.1725517380778723,3651131.0,2729552640.0
COGT,2025-12-08 14:47:59,0.59875,40.73,5.055453,0.1564459046843715,3088077.0,6252281856.0
CRH,2025-12-08 14:47:59,0.8062499999999999,126.0,5.448157,0.823230413843046,3912087.0,84356186112.0
CRWV,2025-12-08 14:47:59,0.439375,83.05,-5.9456396,0.2848102727858151,30302822.0,41385271296.0
CVNA,2025-12-08 14:47:59,0.89625,431.53,7.944571,0.7072167533057153,3143117.0,93557186560.0
CWST,2025-12-08 14:47:59,0.7112499999999999,99.155,4.848516,0.2877377601128815,572636.0,6295679488.0
DYN,2025-12-08 14:47:59,0.8149999999999998,23.375,15.261337,0.8753165613014332,2631007.0,3338526976.0
FLEX,2025-12-08 14:47:59,0.7374999999999999,67.325,7.8778596,0.2644543672200429,4203349.0,25176621056.0
GPCR,2025-12-08 14:47:59,0.951875,61.0,76.504616,3.1124193318443187,1052150.0,3701336064.0
GTLB,2025-12-08 14:47:59,0.48125,38.71,3.6381745,0.1535455179317719,4686988.0,6518764032.0
HE,2025-12-08 14:47:59,0.729375,12.52,11.272661,0.6642867945989517,1765361.0,2161208576.0
HTFL,2025-12-08 14:47:59,0.536875,28.8,4.613144,0.1449298689875154,441103.0,2452571136.0
IMAX,2025-12-08 14:47:59,0.5187499999999999,37.665,5.4746623,0.0776940698580639,1270290.0,2026337024.0
INDV,2025-12-08 14:47:59,0.661875,36.91,5.0968137,0.3159048623653235,2055296.0,4614651904.0
IRON,2025-12-08 14:47:59,0.6225,97.77,4.8359365,0.1369188171978568,500574.0,3690832896.0
JBL,2025-12-08 14:47:59,0.456875,228.26,3.7262552,0.0516830932696693,1321941.0,24496596992.0
KYMR,2025-12-08 14:47:59,0.958125,95.335,43.286217,2.6269621360767883,754280.0,6859259904.0
MNDY,2025-12-08 14:47:59,0.505625,162.82,3.7466578,0.0959916974169741,1300800.0,8393609728.0
MRVL,2025-12-08 14:47:59,0.499375,90.965,-8.032562,0.4101046511680158,20028539.0,78420918272.0
MU,2025-12-08 14:47:59,0.6112500000000001,246.21,3.7897334,0.1723043552597935,26512609.0,277072379904.0
NFLX,2025-12-08 14:47:59,0.441875,97.25,-2.982839,0.3173709662188691,40241400.0,412079685632.0
NRIX,2025-12-08 14:47:59,0.8206249999999999,21.37,18.131567,0.7139688063254382,1536273.0,2166260480.0
NTSK,2025-12-08 14:47:59,0.5125,21.81,5.209841,0.1349662354072395,2887048.0,8333016064.0
OCUL,2025-12-08 14:47:59,0.8200000000000001,15.56,23.688398,1.8923211599191845,2837577.0,3315018752.0
PATH,2025-12-08 14:47:59,0.54875,19.6551,5.275954,0.2336121183837138,24851763.0,10516242432.0
PRAX,2025-12-08 14:47:59,0.8262499999999999,271.77,9.589089,0.2377764632752501,997420.0,6796198912.0
PRIM,2025-12-08 14:47:59,0.7862499999999999,132.435,5.3915277,0.361068472425215,816942.0,7155774464.0
RARE,2025-12-08 14:47:59,0.514375,38.11,4.7553587,0.1269190594179662,1481976.0,3676760064.0
RBRK,2025-12-08 14:47:59,0.411875,87.2325,1.1156851,0.2406643282906285,3869352.0,17224814592.0
RKLB,2025-12-08 14:47:59,0.453125,50.8394,3.6375515,0.1417265871908222,21595828.0,27156187136.0
SANM,2025-12-08 14:47:59,0.441875,163.61,3.4916847,0.0652518510525693,778476.0,9089361920.0
SATS,2025-12-08 14:47:59,0.7725,87.46,6.658535,0.4047901361900526,4172992.0,25177663488.0
SPR,2025-12-08 14:47:59,0.465,39.5,0.22836894,3.8520264235194137,1499119.0,4642166784.0
TERN,2025-12-08 14:47:59,0.678125,31.68,7.901906,0.196950133218192,2904258.0,2853727488.0
TSEM,2025-12-08 14:47:59,0.4706249999999999,117.87,3.3856683,0.1180117521734648,1455050.0,13216032768.0
WBD,2025-12-08 14:47:59,0.6956249999999999,27.905,6.997702,0.5711491533984915,51818417.0,69147877376.0
WRBY,2025-12-08 14:47:59,0.4737499999999999,19.86,5.80714,0.0957555617801091,2356260.0,2426193408.0
WVE,2025-12-08 14:47:59,0.9,13.9302,85.98398,14.386739529822922,2584388.0,2328875776.0
WYNN,2025-12-08 14:47:59,0.5325,131.0,4.374151,0.1074506590919071,1662363.0,13620925440.0
ACLX,2025-12-08 15:22:25,0.8657894736842106,74.38,6.9292693,1.761040630430022,703266.0,4300865024.0
ACMR,2025-12-08 15:22:25,0.6298245614035087,36.89,5.095363,0.2322876456423776,1637487.0,2393292288.0
ALAB,2025-12-08 15:22:25,0.6407894736842106,166.7945,3.4575956,0.2976784730503427,6452865.0,28172193792.0
ALSN,2025-12-08 15:22:25,0.6758771929824561,96.91,4.7222853,0.2416097630247235,908407.0,8103296512.0
ARWR,2025-12-08 15:22:25,0.8464912280701754,68.765,11.922202,0.48411316513098,2330011.0,9507280896.0
AVGO,2025-12-08 15:22:25,0.6583333333333333,400.13,2.5343416,0.4220504245477643,23208696.0,1889559904256.0
BAH,2025-12-08 15:22:25,0.7614035087719299,92.355,4.93694,0.5186888448951633,2127071.0,11382633472.0
BIDU,2025-12-08 15:22:25,0.5596491228070175,129.55,3.0956542,0.2305743206521202,5059926.0,45161857024.0
CFLT,2025-12-08 15:22:25,0.8995614035087719,29.735,28.500439,10.89491159231369,7300044.0,10401975296.0
CIEN,2025-12-08 15:22:25,0.7118421052631579,210.84,4.5262947,0.2566485630721482,2872726.0,29805862912.0
CLS,2025-12-08 15:22:25,0.6728070175438596,337.7496,3.8941853,0.2355728900264178,3036211.0,38853574656.0
CNK,2025-12-08 15:22:25,0.7061403508771928,23.48,6.9672074,0.3992447819593435,3651131.0,2758334208.0
CRH,2025-12-08 15:22:25,0.8671052631578947,126.915,6.213912,1.540037580963818,3912087.0,84968775680.0
CVNA,2025-12-08 15:22:25,0.9149122807017542,432.5,8.18721,1.2046678504172768,3143117.0,93767491584.0
CWST,2025-12-08 15:22:25,0.8350877192982457,100.2,5.9532595,0.739768369435383,572636.0,6362030080.0
DBRG,2025-12-08 15:22:25,0.7232456140350877,15.01,6.303118,0.8572472355630006,4152473.0,2926428160.0
DQ,2025-12-08 15:22:25,0.5429824561403509,33.12,5.9839964,0.1393403555207594,1221082.0,2220918272.0
DYN,2025-12-08 15:22:25,0.8539473684210526,23.74,17.061138,1.2763839092788427,2631007.0,3390658048.0
FLEX,2025-12-08 15:22:25,0.843859649122807,68.81,10.251477,0.6377783524518188,4203349.0,25731946496.0
GLW,2025-12-08 15:22:25,0.5561403508771929,89.175,3.7280467,0.22073324688285,7693807.0,76455116800.0
GPCR,2025-12-08 15:22:25,0.974122807017544,77.92,125.462944,9.158329135579528,1052150.0,4728001536.0
GTLB,2025-12-08 15:22:25,0.7144736842105263,39.865,6.73361,0.3635682446808057,4686988.0,6713266176.0
HE,2025-12-08 15:22:25,0.7951754385964911,12.555,11.600002,1.388290553603484,1765361.0,2167250176.0
HTFL,2025-12-08 15:22:25,0.6307017543859649,28.87,4.867418,0.2516555090307706,441103.0,2458532352.0
IESC,2025-12-08 15:22:25,0.5600877192982456,447.0099,4.2904887,0.0994877526310887,161055.0,8875195392.0
IMAX,2025-12-08 15:22:25,0.6644736842105263,38.17,6.8888245,0.2224271623015217,1270290.0,2053505280.0
INDV,2025-12-08 15:22:25,0.7657894736842106,37.185,5.8798475,0.7943858208258081,2055296.0,4649033728.0
INSP,2025-12-08 15:22:25,0.5543859649122806,142.36,4.041068,0.153802446245402,1270682.0,4210199552.0
JBL,2025-12-08 15:22:25,0.6811403508771929,230.18,4.5987434,0.2086091588051206,1321941.0,24702650368.0
KLIC,2025-12-08 15:22:25,0.5706140350877194,49.96,3.0315475,0.2879238679833737,543477.0,2616055552.0
KYMR,2025-12-08 15:22:25,0.9710526315789474,101.965,53.054626,4.146541072280851,754280.0,7336282112.0
MNDY,2025-12-08 15:22:25,0.643859649122807,163.085,3.9155118,0.229195110701107,1300800.0,8407270912.0
MU,2025-12-08 15:22:25,0.6118421052631579,244.31,2.9887853,0.281177420147523,26512609.0,274934202368.0
MYRG,2025-12-08 15:22:25,0.6271929824561403,235.625,3.1001167,0.2390818614689093,249287.0,3657567744.0
NRIX,2025-12-08 15:22:25,0.8429824561403507,20.91,15.588721,1.1202924219848946,1536273.0,2119630592.0
NTSK,2025-12-08 15:22:25,0.6157894736842104,21.735,4.8480515,0.2805065935862514,2887048.0,8304360960.0
OCUL,2025-12-08 15:22:25,0.8587719298245614,15.925,26.589828,2.6314359046468168,2837577.0,3392781056.0
PRAX,2025-12-08 15:22:25,0.8486842105263158,268.625,8.320898,0.3917236470092839,997420.0,6717551616.0
PRIM,2025-12-08 15:22:25,0.875877192982456,134.545,7.0706625,0.7206239855460975,816942.0,7269782528.0
PSKY,2025-12-08 15:22:25,0.575,13.855,3.666291,0.693021630206047,8863947.0,15284379648.0
SATS,2025-12-08 15:22:25,0.8460526315789474,88.07,7.401536,0.8284731914175728,4172992.0,25353267200.0
SPR,2025-12-08 15:22:25,0.525877192982456,39.5,0.22836894,3.8520264235194137,1499119.0,4642166784.0
TERN,2025-12-08 15:22:25,0.781578947368421,31.82,8.378743,0.5556875456657088,2904258.0,2866338816.0
U,2025-12-08 15:22:25,0.6451754385964913,48.19,5.2643075,0.259177044177741,9894553.0,20621119488.0
VERA,2025-12-08 15:22:25,0.543859649122807,46.9,4.454343,0.1711854073881347,1568136.0,2998226176.0
WBD,2025-12-08 15:22:25,0.706578947368421,27.564,5.6901813,0.8396566803652068,51818417.0,68302888960.0
WRBY,2025-12-08 15:22:25,0.7671052631578946,20.74,10.495468,0.5039800361589978,2356260.0,2533698304.0
WVE,2025-12-08 15:22:25,0.9276315789473684,15.4944,106.86783,20.619073451819155,2584388.0,2590381568.0
WY,2025-12-08 15:22:25,0.5991228070175438,22.565,4.034117,0.4287370733273373,5366907.0,16280895488.0
WYNN,2025-12-08 15:22:25,0.6653508771929825,130.97,4.35025,0.2510420407576444,1662363.0,13617806336.0
ACLX,2025-12-08 15:22:26,0.8657894736842106,74.38,6.9292693,1.761040630430022,703266.0,4300865024.0
ACMR,2025-12-08 15:22:26,0.6298245614035087,36.89,5.095363,0.2322876456423776,1637487.0,2393292288.0
ALAB,2025-12-08 15:22:26,0.6407894736842106,166.7945,3.4575956,0.2976784730503427,6452865.0,28172193792.0
ALSN,2025-12-08 15:22:26,0.6758771929824561,96.91,4.7222853,0.2416097630247235,908407.0,8103296512.0
ARWR,2025-12-08 15:22:26,0.8464912280701754,68.765,11.922202,0.48411316513098,2330011.0,9507280896.0
AVGO,2025-12-08 15:22:26,0.6583333333333333,400.13,2.5343416,0.4220504245477643,23208696.0,1889559904256.0
BAH,2025-12-08 15:22:26,0.7614035087719299,92.355,4.93694,0.5186888448951633,2127071.0,11382633472.0
BIDU,2025-12-08 15:22:26,0.5596491228070175,129.55,3.0956542,0.2305743206521202,5059926.0,45161857024.0
CFLT,2025-12-08 15:22:26,0.8995614035087719,29.735,28.500439,10.89491159231369,7300044.0,10401975296.0
CIEN,2025-12-08 15:22:26,0.7118421052631579,210.84,4.5262947,0.2566485630721482,2872726.0,29805862912.0
CLS,2025-12-08 15:22:26,0.6728070175438596,337.7496,3.8941853,0.2355728900264178,3036211.0,38853574656.0
CNK,2025-12-08 15:22:26,0.7061403508771928,23.48,6.9672074,0.3992447819593435,3651131.0,2758334208.0
CRH,2025-12-08 15:22:26,0.8671052631578947,126.915,6.213912,1.540037580963818,3912087.0,84968775680.0
CVNA,2025-12-08 15:22:26,0.9149122807017542,432.5,8.18721,1.2046678504172768,3143117.0,93767491584.0
CWST,2025-12-08 15:22:26,0.8350877192982457,100.2,5.9532595,0.739768369435383,572636.0,6362030080.0
DBRG,2025-12-08 15:22:26,0.7232456140350877,15.01,6.303118,0.8572472355630006,4152473.0,2926428160.0
DQ,2025-12-08 15:22:26,0.5429824561403509,33.12,5.9839964,0.1393403555207594,1221082.0,2220918272.0
DYN,2025-12-08 15:22:26,0.8539473684210526,23.74,17.061138,1.2763839092788427,2631007.0,3390658048.0
FLEX,2025-12-08 15:22:26,0.843859649122807,68.81,10.251477,0.6377783524518188,4203349.0,25731946496.0
GLW,2025-12-08 15:22:26,0.5561403508771929,89.175,3.7280467,0.22073324688285,7693807.0,76455116800.0
GPCR,2025-12-08 15:22:26,0.974122807017544,77.92,125.462944,9.158329135579528,1052150.0,4728001536.0
GTLB,2025-12-08 15:22:26,0.7144736842105263,39.865,6.73361,0.3635682446808057,4686988.0,6713266176.0
HE,2025-12-08 15:22:26,0.7951754385964911,12.555,11.600002,1.388290553603484,1765361.0,2167250176.0
HTFL,2025-12-08 15:22:26,0.6307017543859649,28.87,4.867418,0.2516555090307706,441103.0,2458532352.0
IESC,2025-12-08 15:22:26,0.5600877192982456,447.0099,4.2904887,0.0994877526310887,161055.0,8875195392.0
IMAX,2025-12-08 15:22:26,0.6644736842105263,38.17,6.8888245,0.2224271623015217,1270290.0,2053505280.0
INDV,2025-12-08 15:22:26,0.7657894736842106,37.185,5.8798475,0.7943858208258081,2055296.0,4649033728.0
INSP,2025-12-08 15:22:26,0.5543859649122806,142.36,4.041068,0.153802446245402,1270682.0,4210199552.0
JBL,2025-12-08 15:22:26,0.6811403508771929,230.18,4.5987434,0.2086091588051206,1321941.0,24702650368.0
KLIC,2025-12-08 15:22:26,0.5706140350877194,49.96,3.0315475,0.2879238679833737,543477.0,2616055552.0
KYMR,2025-12-08 15:22:26,0.9710526315789474,101.965,53.054626,4.146541072280851,754280.0,7336282112.0
MNDY,2025-12-08 15:22:26,0.643859649122807,163.085,3.9155118,0.229195110701107,1300800.0,8407270912.0
MU,2025-12-08 15:22:26,0.6118421052631579,244.31,2.9887853,0.281177420147523,26512609.0,274934202368.0
MYRG,2025-12-08 15:22:26,0.6271929824561403,235.625,3.1001167,0.2390818614689093,249287.0,3657567744.0
NRIX,2025-12-08 15:22:26,0.8429824561403507,20.91,15.588721,1.1202924219848946,1536273.0,2119630592.0
NTSK,2025-12-08 15:22:26,0.6157894736842104,21.735,4.8480515,0.2805065935862514,2887048.0,8304360960.0
OCUL,2025-12-08 15:22:26,0.8587719298245614,15.925,26.589828,2.6314359046468168,2837577.0,3392781056.0
PRAX,2025-12-08 15:22:26,0.8486842105263158,268.625,8.320898,0.3917236470092839,997420.0,6717551616.0
PRIM,2025-12-08 15:22:26,0.875877192982456,134.545,7.0706625,0.7206239855460975,816942.0,7269782528.0
PSKY,2025-12-08 15:22:26,0.575,13.855,3.666291,0.693021630206047,8863947.0,15284379648.0
SATS,2025-12-08 15:22:26,0.8460526315789474,88.07,7.401536,0.8284731914175728,4172992.0,25353267200.0
SPR,2025-12-08 15:22:26,0.525877192982456,39.5,0.22836894,3.8520264235194137,1499119.0,4642166784.0
TERN,2025-12-08 15:22:26,0.781578947368421,31.82,8.378743,0.5556875456657088,2904258.0,2866338816.0
U,2025-12-08 15:22:26,0.6451754385964913,48.19,5.2643075,0.259177044177741,9894553.0,20621119488.0
VERA,2025-12-08 15:22:26,0.543859649122807,46.9,4.454343,0.1711854073881347,1568136.0,2998226176.0
WBD,2025-12-08 15:22:26,0.706578947368421,27.564,5.6901813,0.8396566803652068,51818417.0,68302888960.0
WRBY,2025-12-08 15:22:26,0.7671052631578946,20.74,10.495468,0.5039800361589978,2356260.0,2533698304.0
WVE,2025-12-08 15:22:26,0.9276315789473684,15.4944,106.86783,20.619073451819155,2584388.0,2590381568.0
WY,2025-12-08 15:22:26,0.5991228070175438,22.565,4.034117,0.4287370733273373,5366907.0,16280895488.0
WYNN,2025-12-08 15:22:26,0.6653508771929825,130.97,4.35025,0.2510420407576444,1662363.0,13617806336.0
ACLX,2025-12-08 15:44:13,0.894890510948905,75.015,7.8421535,2.050949427385939,703266.0,4337582592.0
ACMR,2025-12-08 15:44:13,0.6317518248175181,36.57,4.188038,0.2920291886286731,1637487.0,2372531712.0
ALAB,2025-12-08 15:44:13,0.7802919708029196,170.685,5.8644767,0.3493167763466305,6452865.0,28829313024.0
ALSN,2025-12-08 15:44:13,0.7047445255474452,96.795,4.5980086,0.315136277021203,908407.0,8093680128.0
ARWR,2025-12-08 15:44:13,0.8682481751824817,69.75,13.525393,0.5970817305154353,2330011.0,9643464704.0
AVGO,2025-12-08 15:44:13,0.6872262773722628,400.7707,2.698519,0.4833158226554391,23208696.0,1892585439232.0
BAH,2025-12-08 15:44:13,0.7850364963503649,92.21,4.7721815,0.644176428525423,2127071.0,11364761600.0
CFLT,2025-12-08 15:44:13,0.9014598540145984,29.715,28.414005,12.799656002073412,7300044.0,10394978304.0
CIEN,2025-12-08 15:44:13,0.7631386861313869,210.64,4.427144,0.3578691458913937,2872726.0,29777590272.0
CLS,2025-12-08 15:44:13,0.7229927007299269,339.39,4.3987875,0.2767811591486889,3036211.0,39042281472.0
CNK,2025-12-08 15:44:13,0.7306569343065693,23.495,7.038724,0.4796817753183876,3651131.0,2760096512.0
CRH,2025-12-08 15:44:13,0.8653284671532846,126.47,5.841496,1.856886107082997,3912087.0,84670849024.0
CVNA,2025-12-08 15:44:13,0.9343065693430656,435.4538,8.926839,1.454206127229753,3143117.0,94407884800.0
CWST,2025-12-08 15:44:13,0.8405109489051096,99.71,5.435127,0.9590525220209696,572636.0,6330918400.0
DBRG,2025-12-08 15:44:13,0.6744525547445255,14.685,4.00142,1.121584655697942,4152473.0,2863064576.0
DYN,2025-12-08 15:44:13,0.8503649635036497,23.276,14.773168,1.42813227026762,2631007.0,3324387328.0
FIVE,2025-12-08 15:44:13,0.6656934306569343,179.1,3.406472,0.3220067818593674,1307606.0,9876552704.0
FIX,2025-12-08 15:44:13,0.7175182481751825,1029.05,2.7529325,0.400514101687418,443103.0,36306378752.0
FLEX,2025-12-08 15:44:13,0.8576642335766422,68.525,9.798112,0.8659209596919029,4203349.0,25625370624.0
GLW,2025-12-08 15:44:13,0.6394160583941605,89.3671,3.9514973,0.2915079621830909,7693807.0,76619816960.0
GPCR,2025-12-08 15:44:13,0.9711678832116788,67.64,95.71758,12.006950529867414,1052150.0,4104235520.0
GTLB,2025-12-08 15:44:13,0.7686131386861315,39.855,6.7068305,0.5050373502129726,4686988.0,6711581696.0
HE,2025-12-08 15:44:13,0.8091240875912408,12.481,10.942222,1.7665899495910469,1765361.0,2154476288.0
HTFL,2025-12-08 15:44:13,0.6572992700729927,28.65,4.068285,0.3490840007889313,441103.0,2439797248.0
IESC,2025-12-08 15:44:13,0.6091240875912408,445.34,3.9008915,0.1778895408400856,161055.0,8842040320.0
IMAX,2025-12-08 15:44:13,0.7251824817518248,37.9988,6.409407,0.3305489297719418,1270290.0,2044294912.0
INDV,2025-12-08 15:44:13,0.7846715328467153,37.0,5.3530784,1.0499519290652053,2055296.0,4625904128.0
INSP,2025-12-08 15:44:13,0.6671532846715329,143.29,4.7364926,0.242169952828481,1270682.0,4237703424.0
IRON,2025-12-08 15:44:13,0.612043795620438,96.39,3.3562055,0.2731224554211764,500574.0,3638737920.0
JBL,2025-12-08 15:44:13,0.7208029197080292,231.61,5.24857,0.2620389260942811,1321941.0,24856117248.0
KLIC,2025-12-08 15:44:13,0.625912408759124,49.99,3.0934212,0.3626243612885182,543477.0,2617626368.0
KYMR,2025-12-08 15:44:13,0.9693430656934308,97.25,45.977177,4.981026939598027,754280.0,6997042688.0
MPWR,2025-12-08 15:44:13,0.5678832116788322,997.81,3.6321774,0.1436109252167564,608171.0,47802085376.0
MU,2025-12-08 15:44:13,0.6397810218978103,244.9857,3.2736285,0.3193813932080392,26512609.0,275694616576.0
MYRG,2025-12-08 15:44:13,0.6175182481751825,235.245,2.9338417,0.2676513416263182,249287.0,3651668992.0
NRIX,2025-12-08 15:44:13,0.8740875912408759,22.15,22.480616,1.525243234763613,1536273.0,2245328384.0
NTSK,2025-12-08 15:44:13,0.5788321167883211,21.5,3.7144258,0.3370868790543143,2887048.0,8214573568.0
OCUL,2025-12-08 15:44:13,0.864963503649635,15.9,26.391094,2.9105106222668145,2837577.0,3387454720.0
PRAX,2025-12-08 15:44:13,0.8554744525547446,266.995,7.6636114,0.4409927613242165,997420.0,6676789760.0
PRIM,2025-12-08 15:44:13,0.8832116788321167,134.68,7.1780906,0.904635824819877,816942.0,7277076992.0
PSKY,2025-12-08 15:44:13,0.7105839416058395,14.155,5.9109616,0.9692777946438532,8863947.0,15615330304.0
PSTG,2025-12-08 15:44:13,0.6156934306569343,72.35,2.7261083,0.4147031666925498,3541550.0,23776856064.0
SATS,2025-12-08 15:44:13,0.8364963503649634,87.07,6.1829267,1.1067876478076162,4172992.0,25065390080.0
TERN,2025-12-08 15:44:13,0.8087591240875912,31.81,8.344683,0.7568625101488917,2904258.0,2865437952.0
U,2025-12-08 15:44:13,0.7171532846715328,48.655,6.280035,0.3505419598035404,9894553.0,20820099072.0
WBD,2025-12-08 15:44:13,0.7489051094890511,27.7762,6.503832,0.9365575177643888,51818417.0,68828717056.0
WRBY,2025-12-08 15:44:13,0.8007299270072992,20.705,10.309,0.7498226002223863,2356260.0,2529422592.0
WVE,2025-12-08 15:44:13,0.9343065693430656,16.693,122.870514,26.260401688910488,2584388.0,2790765824.0
WY,2025-12-08 15:44:13,0.6160583941605838,22.475,3.6191785,0.5113703293163082,5366907.0,16215959552.0
WYNN,2025-12-08 15:44:13,0.6543795620437955,130.265,3.7885406,0.2792693292620204,1662363.0,13544502272.0
ACLX,2025-12-08 15:54:25,0.9003623188405797,74.955,7.7564588,2.1565851327947034,703266.0,4334113280.0
ACMR,2025-12-08 15:54:25,0.642391304347826,36.54,4.102571,0.3110656756358981,1637487.0,2370585600.0
ALAB,2025-12-08 15:54:25,0.7641304347826087,169.625,5.20685,0.3739568393264077,6452865.0,28650276864.0
ALSN,2025-12-08 15:54:25,0.7384057971014494,96.505,4.28463,0.3950938290876226,908407.0,8069431296.0
APPN,2025-12-08 15:54:25,0.6735507246376812,42.36,3.4179726,0.4951023266160426,791192.0,3135993856.0
ARWR,2025-12-08 15:54:25,0.8731884057971014,69.205,12.639381,0.6350991476005907,2330011.0,9568113664.0
AVGO,2025-12-08 15:54:25,0.6847826086956521,398.4964,2.1156197,0.5057265173364328,23208696.0,1881845399552.0
BAH,2025-12-08 15:54:25,0.7884057971014493,91.9599,4.48801,0.6897179266700547,2127071.0,11333937152.0
BIDU,2025-12-08 15:54:25,0.5880434782608696,129.465,3.028006,0.2851996254490678,5059926.0,45132222464.0
CFLT,2025-12-08 15:54:25,0.9130434782608694,29.715,28.414005,13.179551246540433,7300044.0,10394978304.0
CIEN,2025-12-08 15:54:25,0.6778985507246377,207.25,2.7465138,0.3820395679922136,2872726.0,29298356224.0
CLS,2025-12-08 15:54:25,0.6684782608695652,335.69,3.2606375,0.2892832546881623,3036211.0,38616645632.0
CNK,2025-12-08 15:54:25,0.735144927536232,23.48,6.9703813,0.5020022562871614,3651131.0,2758334208.0
CRH,2025-12-08 15:54:25,0.8710144927536232,125.82,5.297516,2.002540843289017,3912087.0,84235681792.0
CVNA,2025-12-08 15:54:25,0.9376811594202898,439.0026,9.813794,1.580073220309648,3143117.0,95177269248.0
CWST,2025-12-08 15:54:25,0.8626811594202899,100.09,5.836942,1.0235786782528518,572636.0,6355045888.0
DBRG,2025-12-08 15:54:25,0.6757246376811593,14.655,3.7889507,1.1928845774554102,4152473.0,2857215488.0
DYN,2025-12-08 15:54:25,0.8608695652173913,23.455,15.655815,1.463215795320955,2631007.0,3349953024.0
FIVE,2025-12-08 15:54:25,0.7097826086956522,178.835,3.25347,0.4177657490100229,1307606.0,9861939200.0
FLEX,2025-12-08 15:54:25,0.8528985507246376,67.795,8.628422,0.9232052822642136,4203349.0,25352380416.0
GLW,2025-12-08 15:54:25,0.6079710144927536,88.635,3.0990257,0.3134956465635283,7693807.0,75992137728.0
GPCR,2025-12-08 15:54:25,0.9778985507246376,68.08,96.99074,12.510910991778738,1052150.0,4130933760.0
GTLB,2025-12-08 15:54:25,0.7757246376811593,39.835,6.6532817,0.5672572662870057,4686988.0,6708213760.0
HE,2025-12-08 15:54:25,0.8170289855072463,12.5,11.111111,1.9044722297592391,1765361.0,2157755904.0
HTFL,2025-12-08 15:54:25,0.6420289855072463,28.475,3.4326177,0.3995597400153705,441103.0,2424894464.0
IESC,2025-12-08 15:54:25,0.618840579710145,442.99,3.352619,0.2177641178479401,161055.0,8795381760.0
IMAX,2025-12-08 15:54:25,0.7746376811594203,38.07,6.608795,0.5117721150288517,1270290.0,2048125440.0
INDV,2025-12-08 15:54:25,0.7869565217391303,36.835,4.8853445,1.1166761381329016,2055296.0,4605274624.0
INSP,2025-12-08 15:54:25,0.6695652173913044,142.2,3.9397702,0.2826017839239085,1270682.0,4205467648.0
IRON,2025-12-08 15:54:25,0.6615942028985506,96.61,3.5921063,0.2945838177771918,500574.0,3647043072.0
JBL,2025-12-08 15:54:25,0.730072463768116,229.285,4.1920414,0.3016655054953284,1321941.0,24606601216.0
KYMR,2025-12-08 15:54:25,0.9739130434782608,97.92,46.98288,5.222079333934348,754280.0,7045248512.0
MU,2025-12-08 15:54:25,0.6257246376811595,243.45,2.6262524,0.3323534473729085,26512609.0,273966399488.0
NRIX,2025-12-08 15:54:25,0.8800724637681159,21.81,20.563845,1.6354567189555502,1536273.0,2210862848.0
NTSK,2025-12-08 15:54:25,0.6210144927536232,21.6,4.1968203,0.3585430515876424,2887048.0,8252781056.0
OCUL,2025-12-08 15:54:25,0.8739130434782609,16.02,27.355873,3.075163070464696,2837577.0,3413020672.0
PRAX,2025-12-08 15:54:25,0.8641304347826086,272.66,9.941206,0.4836508191133123,997420.0,6818455552.0
PRIM,2025-12-08 15:54:25,0.8862318840579712,134.12,6.7324457,0.9510356916402878,816942.0,7246818816.0
PSKY,2025-12-08 15:54:25,0.7235507246376812,14.185,6.135433,1.0577379354817893,8863947.0,15648425984.0
S,2025-12-08 15:54:25,0.5699275362318841,14.8514,2.2823684,0.8566396481954557,6112485.0,4977609728.0
SATS,2025-12-08 15:54:25,0.8728260869565218,87.775,7.035392,1.1335981473245096,4172992.0,25268344832.0
SPR,2025-12-08 15:54:25,0.5655797101449276,39.5,0.22836894,3.8520264235194137,1499119.0,4642166784.0
SYRE,2025-12-08 15:54:25,0.5804347826086956,34.75,3.8863952,0.2669963657663174,901428.0,2696326400.0
TERN,2025-12-08 15:54:25,0.814855072463768,31.79,8.265307,0.891238312849616,2904258.0,2863636480.0
U,2025-12-08 15:54:25,0.7170289855072463,48.6264,6.2175655,0.3817074909801383,9894553.0,20807860224.0
WBD,2025-12-08 15:54:25,0.7282608695652174,27.515,5.5022984,0.9875952598088822,51818417.0,68181467136.0
WRBY,2025-12-08 15:54:25,0.8090579710144928,20.79,10.761856,0.8068239498187806,2356260.0,2539806720.0
WVE,2025-12-08 15:54:25,0.9442028985507246,16.8699,125.232315,27.477283596735475,2584388.0,2820339968.0
WY,2025-12-08 15:54:25,0.6380434782608695,22.4965,3.7183008,0.5569172337064905,5366907.0,16231472128.0
WYNN,2025-12-08 15:54:25,0.6528985507246376,129.7,3.3383753,0.2949722774147403,1662363.0,13485755392.0
ACLX,2025-12-08 16:27:14,0.9218354430379748,76.21,9.560094,2.5571974188998188,703266.0,4406681088.0
ALAB,2025-12-08 16:27:14,0.7639240506329115,168.42,4.4594693,0.4172238222866897,6452865.0,28446746624.0
ALSN,2025-12-08 16:27:14,0.7310126582278481,95.955,3.6902971,0.4709761153315639,908407.0,8023442432.0
ANET,2025-12-08 16:27:14,0.6272151898734177,132.94,3.3828495,0.3239260483485912,8788012.0,167409369088.0
ARWR,2025-12-08 16:27:14,0.8981012658227848,70.61,14.925134,0.8451457954490343,2330011.0,9762365440.0
AVGO,2025-12-08 16:27:14,0.7180379746835442,400.59,2.6522157,0.5833495341573693,23208696.0,1891732160512.0
BAH,2025-12-08 16:27:14,0.7886075949367088,91.57,4.044992,0.8343661307027364,2127071.0,11285881856.0
BIDU,2025-12-08 16:27:14,0.6993670886075949,130.9095,4.17754,0.3539010254300161,5059926.0,45635784704.0
CFLT,2025-12-08 16:27:14,0.9177215189873418,29.795,28.759727,14.299965726233978,7300044.0,10422964224.0
CLS,2025-12-08 16:27:14,0.6974683544303798,336.79,3.5990071,0.3326379490753442,3036211.0,38743187456.0
CNK,2025-12-08 16:27:14,0.7537974683544303,23.42,6.697036,0.6184765761622906,3651131.0,2751285760.0
CRH,2025-12-08 16:27:14,0.8936708860759494,126.35,5.741067,2.351127927369713,3912087.0,84590510080.0
CVNA,2025-12-08 16:27:14,0.9455696202531644,440.5,10.188489,1.858540741563232,3143117.0,95501918208.0
CWST,2025-12-08 16:27:14,0.8667721518987341,99.58,5.2976656,1.295498361961176,572636.0,6322664448.0
DBRG,2025-12-08 16:27:14,0.7386075949367088,14.76,4.53258,1.4224415185842267,4152473.0,2877686784.0
DUOL,2025-12-08 16:27:14,0.75,206.89,3.574468,0.4649904813153774,1917807.0,9563977728.0
DYN,2025-12-08 16:27:14,0.8610759493670886,23.065,13.729357,1.6181583705402531,2631007.0,3294251520.0
FIVE,2025-12-08 16:27:14,0.7629746835443039,179.37,3.5623546,0.5417472847325571,1307606.0,9891441664.0
FLEX,2025-12-08 16:27:14,0.8594936708860759,67.31,7.851302,1.0957434179269911,4203349.0,25171011584.0
GPCR,2025-12-08 16:27:14,0.9800632911392404,68.52,98.26387,13.44675854203298,1052150.0,4157631744.0
GTLB,2025-12-08 16:27:14,0.7965189873417721,39.94,6.9344044,0.7418461493820765,4686988.0,6725895680.0
HE,2025-12-08 16:27:14,0.8338607594936709,12.5,11.111111,2.316902888417723,1765361.0,2157755904.0
HTFL,2025-12-08 16:27:14,0.6617088607594936,28.45,3.341809,0.5374028288177591,441103.0,2422765568.0
IDCC,2025-12-08 16:27:14,0.5778481012658228,366.92,3.3053722,0.2200259604835819,368252.0,9467402240.0
IESC,2025-12-08 16:27:14,0.660126582278481,443.0,3.3549542,0.3077582192418739,161055.0,8795580416.0
IMAX,2025-12-08 16:27:14,0.7775316455696202,38.09,6.664803,0.5733352226656905,1270290.0,2049201536.0
INDV,2025-12-08 16:27:14,0.8104430379746834,36.885,5.0256248,1.350776725104316,2055296.0,4611526144.0
INSP,2025-12-08 16:27:14,0.7316455696202532,142.59,4.2186694,0.3714225903884685,1270682.0,4217001728.0
IRON,2025-12-08 16:27:14,0.7205696202531645,96.75,3.7434278,0.4112678644915636,500574.0,3652327936.0
JBL,2025-12-08 16:27:14,0.7113924050632912,227.55,3.4042387,0.3661472032412944,1321941.0,24420403200.0
KYMR,2025-12-08 16:27:14,0.9772151898734178,100.06,50.195126,5.855916900885613,754280.0,7199219200.0
MNDY,2025-12-08 16:27:14,0.6708860759493671,162.185,3.3420384,0.3540859471094711,1300800.0,8360873984.0
MSTR,2025-12-08 16:27:14,0.6351265822784811,182.7533,2.1025143,0.4370399143771872,14836233.0,52514840576.0
MU,2025-12-08 16:27:14,0.6199367088607595,242.96,2.419697,0.3743154059262896,26512609.0,273414979584.0
NRIX,2025-12-08 16:27:14,0.8813291139240507,21.3533,18.039248,1.9693140476985536,1536273.0,2164567552.0
NTSK,2025-12-08 16:27:14,0.6753164556962025,21.75,4.9204073,0.4136259598039243,2887048.0,8310091776.0
OCUL,2025-12-08 16:27:14,0.8791139240506328,15.99,27.106518,3.3593188836813943,2837577.0,3406629120.0
PRAX,2025-12-08 16:27:14,0.8911392405063291,274.3734,10.633043,0.6204587836618476,997420.0,6861303296.0
PRIM,2025-12-08 16:27:14,0.8949367088607594,134.65,7.1542177,1.0913957171990178,816942.0,7275456000.0
PSKY,2025-12-08 16:27:14,0.7727848101265823,14.35,7.370001,1.3218982469096443,8863947.0,15830448128.0
SATS,2025-12-08 16:27:14,0.8740506329113924,87.88,7.1707287,1.311008024937503,4172992.0,25298569216.0
SYRE,2025-12-08 16:27:14,0.6117088607594937,34.615,3.482813,0.3377895960631353,901428.0,2685851648.0
TERN,2025-12-08 16:27:14,0.8256329113924051,31.77,8.2084465,1.0730379325803698,2904258.0,2861834752.0
TMC,2025-12-08 16:27:14,0.6253164556962025,7.9735,5.0526958,0.438152975698626,9809898.0,4264508672.0
U,2025-12-08 16:27:14,0.7420886075949366,48.77,6.5312405,0.4819274807057984,9894553.0,20869308416.0
WBD,2025-12-08 16:27:14,0.7325949367088608,27.355,4.888802,1.2008867426420995,51818417.0,67784990720.0
WRBY,2025-12-08 16:27:14,0.8231012658227849,20.83,10.9749565,1.0304227886566,2356260.0,2544692992.0
WVE,2025-12-08 16:27:14,0.9493670886075948,17.9918,140.21095,31.97349275727948,2584388.0,3007901440.0
WY,2025-12-08 16:27:14,0.7003164556962025,22.605,4.218529,0.6976767065276145,5366907.0,16309754880.0
WYNN,2025-12-08 16:27:14,0.6325949367088608,129.4988,3.1780674,0.3374208882175554,1662363.0,13464835072.0
ACLX,2025-12-08 16:27:15,0.9218354430379748,76.21,9.560094,2.5571974188998188,703266.0,4406681088.0
ALAB,2025-12-08 16:27:15,0.7639240506329115,168.42,4.4594693,0.4172238222866897,6452865.0,28446746624.0
ALSN,2025-12-08 16:27:15,0.7310126582278481,95.955,3.6902971,0.4709761153315639,908407.0,8023442432.0
ANET,2025-12-08 16:27:15,0.6272151898734177,132.94,3.3828495,0.3239260483485912,8788012.0,167409369088.0
ARWR,2025-12-08 16:27:15,0.8981012658227848,70.61,14.925134,0.8451457954490343,2330011.0,9762365440.0
AVGO,2025-12-08 16:27:15,0.7180379746835442,400.59,2.6522157,0.5833495341573693,23208696.0,1891732160512.0
BAH,2025-12-08 16:27:15,0.7886075949367088,91.57,4.044992,0.8343661307027364,2127071.0,11285881856.0
BIDU,2025-12-08 16:27:15,0.6993670886075949,130.9095,4.17754,0.3539010254300161,5059926.0,45635784704.0
CFLT,2025-12-08 16:27:15,0.9177215189873418,29.795,28.759727,14.299965726233978,7300044.0,10422964224.0
CLS,2025-12-08 16:27:15,0.6974683544303798,336.79,3.5990071,0.3326379490753442,3036211.0,38743187456.0
CNK,2025-12-08 16:27:15,0.7537974683544303,23.42,6.697036,0.6184765761622906,3651131.0,2751285760.0
CRH,2025-12-08 16:27:15,0.8936708860759494,126.35,5.741067,2.351127927369713,3912087.0,84590510080.0
CVNA,2025-12-08 16:27:15,0.9455696202531644,440.5,10.188489,1.858540741563232,3143117.0,95501918208.0
CWST,2025-12-08 16:27:15,0.8667721518987341,99.58,5.2976656,1.295498361961176,572636.0,6322664448.0
DBRG,2025-12-08 16:27:15,0.7386075949367088,14.76,4.53258,1.4224415185842267,4152473.0,2877686784.0
DUOL,2025-12-08 16:27:15,0.75,206.89,3.574468,0.4649904813153774,1917807.0,9563977728.0
DYN,2025-12-08 16:27:15,0.8610759493670886,23.065,13.729357,1.6181583705402531,2631007.0,3294251520.0
FIVE,2025-12-08 16:27:15,0.7629746835443039,179.37,3.5623546,0.5417472847325571,1307606.0,9891441664.0
FLEX,2025-12-08 16:27:15,0.8594936708860759,67.31,7.851302,1.0957434179269911,4203349.0,25171011584.0
GPCR,2025-12-08 16:27:15,0.9800632911392404,68.52,98.26387,13.44675854203298,1052150.0,4157631744.0
GTLB,2025-12-08 16:27:15,0.7965189873417721,39.94,6.9344044,0.7418461493820765,4686988.0,6725895680.0
HE,2025-12-08 16:27:15,0.8338607594936709,12.5,11.111111,2.316902888417723,1765361.0,2157755904.0
HTFL,2025-12-08 16:27:15,0.6617088607594936,28.45,3.341809,0.5374028288177591,441103.0,2422765568.0
IDCC,2025-12-08 16:27:15,0.5778481012658228,366.92,3.3053722,0.2200259604835819,368252.0,9467402240.0
IESC,2025-12-08 16:27:15,0.660126582278481,443.0,3.3549542,0.3077582192418739,161055.0,8795580416.0
IMAX,2025-12-08 16:27:15,0.7775316455696202,38.09,6.664803,0.5733352226656905,1270290.0,2049201536.0
INDV,2025-12-08 16:27:15,0.8104430379746834,36.885,5.0256248,1.350776725104316,2055296.0,4611526144.0
INSP,2025-12-08 16:27:15,0.7316455696202532,142.59,4.2186694,0.3714225903884685,1270682.0,4217001728.0
IRON,2025-12-08 16:27:15,0.7205696202531645,96.75,3.7434278,0.4112678644915636,500574.0,3652327936.0
JBL,2025-12-08 16:27:15,0.7113924050632912,227.55,3.4042387,0.3661472032412944,1321941.0,24420403200.0
KYMR,2025-12-08 16:27:15,0.9772151898734178,100.06,50.195126,5.855916900885613,754280.0,7199219200.0
MNDY,2025-12-08 16:27:15,0.6708860759493671,162.185,3.3420384,0.3540859471094711,1300800.0,8360873984.0
MSTR,2025-12-08 16:27:15,0.6351265822784811,182.7533,2.1025143,0.4370399143771872,14836233.0,52514840576.0
MU,2025-12-08 16:27:15,0.6199367088607595,242.96,2.419697,0.3743154059262896,26512609.0,273414979584.0
NRIX,2025-12-08 16:27:15,0.8813291139240507,21.3533,18.039248,1.9693140476985536,1536273.0,2164567552.0
NTSK,2025-12-08 16:27:15,0.6753164556962025,21.75,4.9204073,0.4136259598039243,2887048.0,8310091776.0
OCUL,2025-12-08 16:27:15,0.8791139240506328,15.99,27.106518,3.3593188836813943,2837577.0,3406629120.0
PRAX,2025-12-08 16:27:15,0.8911392405063291,274.3734,10.633043,0.6204587836618476,997420.0,6861303296.0
PRIM,2025-12-08 16:27:15,0.8949367088607594,134.65,7.1542177,1.0913957171990178,816942.0,7275456000.0
PSKY,2025-12-08 16:27:15,0.7727848101265823,14.35,7.370001,1.3218982469096443,8863947.0,15830448128.0
SATS,2025-12-08 16:27:15,0.8740506329113924,87.88,7.1707287,1.311008024937503,4172992.0,25298569216.0
SYRE,2025-12-08 16:27:15,0.6117088607594937,34.615,3.482813,0.3377895960631353,901428.0,2685851648.0
TERN,2025-12-08 16:27:15,0.8256329113924051,31.77,8.2084465,1.0730379325803698,2904258.0,2861834752.0
TMC,2025-12-08 16:27:15,0.6253164556962025,7.9735,5.0526958,0.438152975698626,9809898.0,4264508672.0
U,2025-12-08 16:27:15,0.7420886075949366,48.77,6.5312405,0.4819274807057984,9894553.0,20869308416.0
WBD,2025-12-08 16:27:15,0.7325949367088608,27.355,4.888802,1.2008867426420995,51818417.0,67784990720.0
WRBY,2025-12-08 16:27:15,0.8231012658227849,20.83,10.9749565,1.0304227886566,2356260.0,2544692992.0
WVE,2025-12-08 16:27:15,0.9493670886075948,17.9918,140.21095,31.97349275727948,2584388.0,3007901440.0
WY,2025-12-08 16:27:15,0.7003164556962025,22.605,4.218529,0.6976767065276145,5366907.0,16309754880.0
WYNN,2025-12-08 16:27:15,0.6325949367088608,129.4988,3.1780674,0.3374208882175554,1662363.0,13464835072.0
ACLX,2025-12-08 16:53:43,0.9151162790697674,75.1,7.9643493,2.7258505316622728,703266.0,4342497792.0
ACMR,2025-12-08 16:53:43,0.7276162790697673,36.8,4.843307,0.470492895516117,1637487.0,2387453440.0
ALAB,2025-12-08 16:53:43,0.7479651162790697,168.01,4.205172,0.442345066881145,6452865.0,28377495552.0
ALSN,2025-12-08 16:53:43,0.7090116279069767,95.7,3.4147353,0.5250686091146369,908407.0,8002119680.0
ARWR,2025-12-08 16:53:43,0.9072674418604652,70.165,14.2008505,1.0240848648354022,2330011.0,9700841472.0
AVGO,2025-12-08 16:53:43,0.7223837209302326,400.83,2.713714,0.6246235462776538,23208696.0,1892865409024.0
BAH,2025-12-08 16:53:43,0.7973837209302326,91.55,4.022271,0.928592416520182,2127071.0,11283418112.0
BIDU,2025-12-08 16:53:43,0.6988372093023256,130.44,3.8039143,0.396540977081483,5059926.0,45472116736.0
CFLT,2025-12-08 16:53:43,0.9180232558139534,29.845,28.9758,14.972854547178072,7300044.0,10440455168.0
CLS,2025-12-08 16:53:43,0.6822674418604651,336.9058,3.6330116,0.3568849464019463,3036211.0,38756503552.0
CNK,2025-12-08 16:53:43,0.7729651162790697,23.44,6.788153,0.6938655446764304,3651131.0,2753635328.0
CRH,2025-12-08 16:53:43,0.906686046511628,126.64,5.9837656,2.693671689816714,3912087.0,84784668672.0
CVNA,2025-12-08 16:53:43,0.958720930232558,448.7448,12.250751,2.1652283386205475,3143117.0,97289420800.0
CWST,2025-12-08 16:53:43,0.9034883720930232,100.71,6.4925447,1.6632276000810289,572636.0,6394412032.0
DBRG,2025-12-08 16:53:43,0.7383720930232558,14.77,4.6034036,1.5080415935275195,4152473.0,2879636480.0
DUOL,2025-12-08 16:53:43,0.7761627906976745,207.075,3.6670823,0.5510137360015893,1917807.0,9572529152.0
DYN,2025-12-08 16:53:43,0.8718023255813953,23.1034,13.922083,1.7331535035824686,2631007.0,3299735808.0
FIVE,2025-12-08 16:53:43,0.7372093023255815,178.6,3.1177883,0.6206525513036801,1307606.0,9848980480.0
FLEX,2025-12-08 16:53:43,0.873546511627907,67.565,8.259898,1.2194450187219763,4203349.0,25266372608.0
GPCR,2025-12-08 16:53:43,0.9805232558139536,69.8,101.9676,13.749779023903436,1052150.0,4235299584.0
GTLB,2025-12-08 16:53:43,0.7828488372093023,39.255,5.1004086,0.8542277044447308,4686988.0,6610542080.0
HE,2025-12-08 16:53:43,0.8372093023255814,12.52,11.288893,2.6803163772168976,1765361.0,2161208576.0
HTFL,2025-12-08 16:53:43,0.7456395348837209,28.83,4.7221184,0.5786698344831026,441103.0,2455126016.0
IESC,2025-12-08 16:53:43,0.680813953488372,443.66,3.5077102,0.3476886777808823,161055.0,8808684544.0
IMAX,2025-12-08 16:53:43,0.8,38.175,6.902829,0.6036188586858119,1270290.0,2053774336.0
INDV,2025-12-08 16:53:43,0.8348837209302326,37.08,5.580874,1.5071327925515352,2055296.0,4635906048.0
INSP,2025-12-08 16:53:43,0.7985465116279069,144.07,5.306637,0.4599750370273601,1270682.0,4260771840.0
IRON,2025-12-08 16:53:43,0.7191860465116279,96.73,3.7207818,0.4395973422510957,500574.0,3651572992.0
JBL,2025-12-08 16:53:43,0.6892441860465116,227.145,3.2195795,0.3968278463259707,1321941.0,24376938496.0
KYMR,2025-12-08 16:53:43,0.9796511627906976,100.74,51.215843,6.17944927613088,754280.0,7248144384.0
MNDY,2025-12-08 16:53:43,0.6377906976744186,161.57,2.9482965,0.3890244464944649,1300800.0,8329170432.0
MSTR,2025-12-08 16:53:43,0.6427325581395349,182.505,1.9637965,0.5022418426564209,14836233.0,52443492352.0
MU,2025-12-08 16:53:43,0.6203488372093023,243.05,2.457635,0.398278909480391,26512609.0,273516265472.0
NRIX,2025-12-08 16:53:43,0.8854651162790698,21.325,17.88281,2.090414919744082,1536273.0,2161699072.0
NTSK,2025-12-08 16:53:43,0.6770348837209302,21.71,4.7308693,0.4574354149982958,2887048.0,8294808576.0
OCUL,2025-12-08 16:53:43,0.8848837209302325,16.02,27.344997,3.565607558843337,2837577.0,3413020672.0
PRAX,2025-12-08 16:53:43,0.897674418604651,273.095,10.12339,0.6758847827394678,997420.0,6829333504.0
PRIM,2025-12-08 16:53:43,0.9119186046511628,135.89,8.141012,1.2123308631457312,816942.0,7342456320.0
PSKY,2025-12-08 16:53:43,0.7697674418604651,14.2687,6.76169,1.50634057265911,8863947.0,15740760064.0
RKLB,2025-12-08 16:53:43,0.6232558139534883,50.74,3.4349227,0.4412244809506725,21595828.0,27103092736.0
SATS,2025-12-08 16:53:43,0.8930232558139535,88.77,8.256093,1.4233065867368069,4172992.0,25554780160.0
SCI,2025-12-08 16:53:43,0.6729651162790697,78.26,3.1093552,0.4881009786426771,976761.0,10970593280.0
SYRE,2025-12-08 16:53:43,0.632267441860465,34.79,4.0059795,0.3635232098403866,901428.0,2699430144.0
TERN,2025-12-08 16:53:43,0.821220930232558,31.12,5.994551,1.2265807652074987,2904258.0,2803282944.0
TMC,2025-12-08 16:53:43,0.6197674418604652,7.9401,4.6126485,0.5436011669030606,9809898.0,4246645248.0
U,2025-12-08 16:53:43,0.7412790697674418,48.25,5.395372,0.5429936046630909,9894553.0,20646793216.0
WBD,2025-12-08 16:53:43,0.7232558139534883,27.2184,4.3650274,1.346298942323923,51818417.0,67446501376.0
WRBY,2025-12-08 16:53:43,0.8270348837209301,20.55,9.4832115,1.108980333239965,2356260.0,2510486784.0
WVE,2025-12-08 16:53:43,0.9505813953488372,17.6999,136.31375,36.2371164856051,2584388.0,2959100928.0
WY,2025-12-08 16:53:43,0.7002906976744185,22.525,3.849696,0.8005202996809895,5366907.0,16252034048.0
ACLX,2025-12-08 17:19:52,0.9183510638297872,75.11,7.9787283,2.9507768042248594,703266.0,4343075840.0
ACMR,2025-12-08 17:19:52,0.7422872340425531,36.69,4.5299153,0.5287718314710285,1637487.0,2380316928.0
ALAB,2025-12-08 17:19:52,0.7691489361702127,168.65,4.6021204,0.4611948336126666,6452865.0,28485593088.0
ALSN,2025-12-08 17:19:52,0.7271276595744681,95.62,3.330812,0.568334458012763,908407.0,7995430912.0
AMBA,2025-12-08 17:19:52,0.6824468085106383,76.71,3.522268,0.4267548852508506,794995.0,3274673664.0
ANET,2025-12-08 17:19:52,0.6422872340425532,132.5789,3.102035,0.4126275658248987,8788012.0,166954647552.0
ARWR,2025-12-08 17:19:52,0.9125,70.735,15.128584,1.0869055982997504,2330011.0,9779648512.0
AVGO,2025-12-08 17:19:52,0.7539893617021277,401.2,2.8085337,0.6902711811124589,23208696.0,1894612860928.0
BAH,2025-12-08 17:19:52,0.8106382978723405,91.58,4.056357,1.0102558870860443,2127071.0,11287114752.0
BIDU,2025-12-08 17:19:52,0.7077127659574468,130.665,3.9829617,0.4199140461737978,5059926.0,45550546944.0
CFLT,2025-12-08 17:19:52,0.9175531914893617,29.8859,29.152554,15.554034605818812,7300044.0,10454763520.0
CIEN,2025-12-08 17:19:52,0.7832446808510638,209.24,3.7330813,0.5938216871361905,2872726.0,29579677696.0
CLS,2025-12-08 17:19:52,0.7236702127659574,337.995,3.9696696,0.3975412117273799,3036211.0,38881804288.0
CNK,2025-12-08 17:19:52,0.7920212765957446,23.67,7.835988,0.7435709647229858,3651131.0,2780654592.0
CRH,2025-12-08 17:19:52,0.9023936170212764,126.51,5.8749723,2.967171742346221,3912087.0,84697628672.0
CVNA,2025-12-08 17:19:52,0.9622340425531914,445.77,11.506617,2.411225862734349,3143117.0,96644464640.0
CWST,2025-12-08 17:19:52,0.9066489361702128,100.47,6.238766,1.884778463107454,572636.0,6379173376.0
DBRG,2025-12-08 17:19:52,0.7085106382978724,14.62,3.5410764,1.6208163183722086,4152473.0,2850391552.0
DIS,2025-12-08 17:19:52,0.6353723404255318,107.04,1.6524196,0.5192897416377824,9811303.0,192450838528.0
DUOL,2025-12-08 17:19:52,0.823404255319149,208.27,4.2653337,0.609853337692479,1917807.0,9627771904.0
DYN,2025-12-08 17:19:52,0.877127659574468,23.01,13.461535,1.8215185288370572,2631007.0,3286396160.0
FLEX,2025-12-08 17:19:52,0.8744680851063829,67.39,7.9794893,1.3001018949413907,4203349.0,25200928768.0
GPCR,2025-12-08 17:19:52,0.9816489361702128,69.3044,100.533554,14.109827496079456,1052150.0,4205227264.0
GTLB,2025-12-08 17:19:52,0.8111702127659575,39.575,5.9571686,0.9310190254380852,4686988.0,6664430080.0
HE,2025-12-08 17:19:52,0.850531914893617,12.505,11.155557,3.030022754552752,1765361.0,2158619136.0
HTFL,2025-12-08 17:19:52,0.7452127659574467,28.67,4.140935,0.6147997179797009,441103.0,2441500416.0
IESC,2025-12-08 17:19:52,0.6808510638297872,443.06,3.368952,0.3671975412126292,161055.0,8796772352.0
IMAX,2025-12-08 17:19:52,0.8098404255319147,38.31,7.280881,0.6236560155555031,1270290.0,2061037312.0
INDV,2025-12-08 17:19:52,0.8406914893617021,37.135,5.73747,1.740018955907081,2055296.0,4642782208.0
INSP,2025-12-08 17:19:52,0.7840425531914893,141.7628,3.6202066,0.6449843469884676,1270682.0,4192537856.0
IRON,2025-12-08 17:19:52,0.7446808510638298,96.835,3.8333657,0.4993187820382201,500574.0,3655536640.0
KYMR,2025-12-08 17:19:52,0.9819148936170212,100.675,51.118282,6.351040727581269,754280.0,7243468288.0
LITE,2025-12-08 17:19:52,0.6534574468085107,341.94,3.1773329,0.3736497886250563,4172680.0,24247851008.0
MNDY,2025-12-08 17:19:52,0.6643617021276595,161.78,3.0839787,0.4161685116851168,1300800.0,8339995648.0
MSTR,2025-12-08 17:19:52,0.6712765957446808,182.93,2.2012331,0.5421041850717766,14836233.0,52565614592.0
NRIX,2025-12-08 17:19:52,0.8941489361702128,21.66,19.734657,2.2078237396608547,1536273.0,2195657472.0
NTSK,2025-12-08 17:19:52,0.7151595744680851,21.92,5.7404757,0.4905304657213873,2887048.0,8375044096.0
OCUL,2025-12-08 17:19:52,0.8936170212765957,16.1598,28.456278,3.821888533773709,2837577.0,3442804480.0
PRAX,2025-12-08 17:19:52,0.9005319148936171,273.89,10.443974,0.7189809709049347,997420.0,6849214464.0
PRIM,2025-12-08 17:19:52,0.914627659574468,135.33,7.695367,1.3410278820283448,816942.0,7312198144.0
PSKY,2025-12-08 17:19:52,0.8117021276595745,14.625,9.427611,1.7141935753902862,8863947.0,16133819392.0
SATS,2025-12-08 17:19:52,0.8957446808510638,88.75,8.231708,1.4892436889406928,4172992.0,25549023232.0
SIG,2025-12-08 17:19:52,0.6752659574468084,86.21,3.8674688,0.397165307340362,804320.0,3547561728.0
TERN,2025-12-08 17:19:52,0.8279255319148937,31.41,6.982286,1.2820789337586398,2904258.0,2829405952.0
U,2025-12-08 17:19:52,0.7500000000000001,47.92,4.674529,0.594550254064029,9894553.0,20505581568.0
VRNS,2025-12-08 17:19:52,0.6667553191489362,31.55,4.4701934,0.4124224757900516,2214792.0,3719660032.0
WBD,2025-12-08 17:19:52,0.7257978723404254,27.13,4.0260706,1.5384987735152156,51818417.0,67227447296.0
WRBY,2025-12-08 17:19:52,0.8313829787234043,20.2525,7.8982415,1.3495458905214197,2356260.0,2474142976.0
WVE,2025-12-08 17:19:52,0.949468085106383,17.1633,129.1202,38.347282606172136,2584388.0,2869391104.0
WY,2025-12-08 17:19:52,0.7279255319148935,22.585,4.126319,0.9140389427280928,5366907.0,16295324672.0
ACLX,2025-12-08 17:44:33,0.9349765258215962,75.9,9.114439,3.078523631172273,703266.0,4388755968.0
ACMR,2025-12-08 17:44:33,0.7645539906103286,37.17,5.897435,0.553137826437706,1637487.0,2411457536.0
ALAB,2025-12-08 17:44:33,0.8126760563380281,172.16,6.77914,0.5153799126434537,6452865.0,29078448128.0
ALSN,2025-12-08 17:44:33,0.771830985915493,96.033,3.7745798,0.64651197095575,908407.0,8029964288.0
AMBA,2025-12-08 17:44:33,0.7568075117370893,77.575,4.6896067,0.5176636331046107,794995.0,3311599616.0
APPN,2025-12-08 17:44:33,0.7384976525821596,42.37,3.4423826,0.756314522897097,791192.0,3136733952.0
ARWR,2025-12-08 17:44:33,0.9161971830985915,69.05,12.369969,1.1893304366374235,2330011.0,9546684416.0
AVGO,2025-12-08 17:44:33,0.7427230046948357,401.28,2.8290305,0.7239058583903206,23208696.0,1894990610432.0
BAH,2025-12-08 17:44:33,0.8347417840375587,91.75,4.2495146,1.1027948761465884,2127071.0,11308066816.0
BIDU,2025-12-08 17:44:33,0.6997652582159626,130.6133,3.9418213,0.4391135364430231,5059926.0,45532528640.0
CFLT,2025-12-08 17:44:33,0.9230046948356808,29.89,29.163965,16.081782383777412,7300044.0,10456197120.0
CIEN,2025-12-08 17:44:33,0.8086854460093896,209.94,4.080113,0.6341342682873341,2872726.0,29678632960.0
CLS,2025-12-08 17:44:33,0.7126760563380282,337.68,3.8727727,0.4227696955185262,3036211.0,38845566976.0
CNK,2025-12-08 17:44:33,0.8035211267605633,23.6358,7.6769576,0.8437643020751652,3651131.0,2776636928.0
CRH,2025-12-08 17:44:33,0.910093896713615,126.5136,5.877986,3.169132997297862,3912087.0,84700045312.0
CVNA,2025-12-08 17:44:33,0.9678403755868544,448.585,12.210772,2.694417675193128,3143117.0,97254768640.0
CWST,2025-12-08 17:44:33,0.9011737089201876,99.7796,5.508726,2.083838599040228,572636.0,6335337984.0
DBRG,2025-12-08 17:44:33,0.7497652582159624,14.76,4.53258,1.7171451807152027,4152473.0,2877686784.0
DUOL,2025-12-08 17:44:33,0.8443661971830987,209.7261,4.994295,0.6831813628795806,1917807.0,9695083520.0
DYN,2025-12-08 17:44:33,0.8687793427230046,22.48,10.84812,1.888815955259716,2631007.0,3210699008.0
FLEX,2025-12-08 17:44:33,0.886150234741784,67.62,8.348026,1.4159314394307967,4203349.0,25286940672.0
GPCR,2025-12-08 17:44:33,0.981924882629108,68.64,98.6111,14.34624625766288,1052150.0,4164913152.0
GTLB,2025-12-08 17:44:33,0.8232394366197184,39.685,6.2516813,0.979333209302008,4686988.0,6682954240.0
HE,2025-12-08 17:44:33,0.8537558685446008,12.485,10.977775,3.2514681133207315,1765361.0,2155166720.0
HTFL,2025-12-08 17:44:33,0.7647887323943663,28.92,5.054543,0.6550737582832128,441103.0,2462790144.0
IMAX,2025-12-08 17:44:33,0.8147887323943661,38.41,7.5609093,0.6482055278715884,1270290.0,2066417152.0
INDV,2025-12-08 17:44:33,0.842018779342723,37.06,5.5239253,1.8611723080276517,2055296.0,4633405440.0
INSP,2025-12-08 17:44:33,0.768075117370892,141.29,3.2746115,0.7021804039090819,1270682.0,4178554880.0
IRON,2025-12-08 17:44:33,0.7173708920187793,96.325,3.2865052,0.5497428951563605,500574.0,3636284160.0
KYMR,2025-12-08 17:44:33,0.9835680751173708,100.285,50.53287,6.821012091000689,754280.0,7215408128.0
MNDY,2025-12-08 17:44:33,0.7171361502347418,162.68,3.6574423,0.4470648831488314,1300800.0,8386391552.0
NRIX,2025-12-08 17:44:33,0.9046948356807512,21.765,20.315088,2.307994086988445,1536273.0,2206301184.0
NTSK,2025-12-08 17:44:33,0.7011737089201878,21.84,5.3558536,0.5381476165273317,2887048.0,8344478208.0
OCUL,2025-12-08 17:44:33,0.8950704225352112,16.03,27.424488,4.113378068683247,2837577.0,3415151104.0
PRAX,2025-12-08 17:44:33,0.9126760563380282,271.9779,9.672931,0.7772232359487478,997420.0,6801398272.0
PRIM,2025-12-08 17:44:33,0.9288732394366196,135.355,7.7152567,1.4399602419755626,816942.0,7313548800.0
PSKY,2025-12-08 17:44:33,0.8183098591549296,14.6513,9.624397,1.9299580649568413,8863947.0,16162832384.0
RBRK,2025-12-08 17:44:33,0.7758215962441315,89.33,3.5470097,0.8390366138826346,3869352.0,17638985728.0
RGC,2025-12-08 17:44:33,0.744131455399061,17.188,5.837438,0.5621015342347193,198731.0,8499275264.0
SATS,2025-12-08 17:44:33,0.8934272300469482,88.0,7.3170733,1.538154638206831,4172992.0,25333116928.0
SCI,2025-12-08 17:44:33,0.714319248826291,78.195,3.0237129,0.6690009121985828,976761.0,10961481728.0
SIG,2025-12-08 17:44:33,0.7157276995305164,86.5,4.218519,0.4478739805052715,804320.0,3559495424.0
SYM,2025-12-08 17:44:33,0.6957746478873239,61.475,2.9729464,0.7386294512712782,2725682.0,36441911296.0
TERN,2025-12-08 17:44:33,0.8279342723004695,31.235,6.3862395,1.3532048461259296,2904258.0,2813641984.0
TTAN,2025-12-08 17:44:33,0.7199530516431923,108.715,2.9491105,0.6974306811817192,1087331.0,10104921088.0
U,2025-12-08 17:44:33,0.7633802816901408,48.3769,5.6725664,0.6309064189155387,9894553.0,20701095936.0
VRNS,2025-12-08 17:44:33,0.6849765258215962,31.8301,5.3976765,0.4563787479817517,2214792.0,3752683008.0
WBD,2025-12-08 17:44:33,0.7260563380281689,27.0978,3.9037724,1.631384744925728,51818417.0,67147657216.0
WRBY,2025-12-08 17:44:33,0.8384976525821597,20.39,8.630788,1.4839839406517108,2356260.0,2490940416.0
WVE,2025-12-08 17:44:33,0.948826291079812,17.16,129.10548,39.97789341228948,2584388.0,2868839424.0
ACLX,2025-12-08 17:44:34,0.9349765258215962,75.9,9.114439,3.078523631172273,703266.0,4388755968.0
ACMR,2025-12-08 17:44:34,0.7645539906103286,37.17,5.897435,0.553137826437706,1637487.0,2411457536.0
ALAB,2025-12-08 17:44:34,0.8126760563380281,172.16,6.77914,0.5153799126434537,6452865.0,29078448128.0
ALSN,2025-12-08 17:44:34,0.771830985915493,96.033,3.7745798,0.64651197095575,908407.0,8029964288.0
AMBA,2025-12-08 17:44:34,0.7568075117370893,77.575,4.6896067,0.5176636331046107,794995.0,3311599616.0
APPN,2025-12-08 17:44:34,0.7384976525821596,42.37,3.4423826,0.756314522897097,791192.0,3136733952.0
ARWR,2025-12-08 17:44:34,0.9161971830985915,69.05,12.369969,1.1893304366374235,2330011.0,9546684416.0
AVGO,2025-12-08 17:44:34,0.7427230046948357,401.28,2.8290305,0.7239058583903206,23208696.0,1894990610432.0
BAH,2025-12-08 17:44:34,0.8347417840375587,91.75,4.2495146,1.1027948761465884,2127071.0,11308066816.0
BIDU,2025-12-08 17:44:34,0.6997652582159626,130.6133,3.9418213,0.4391135364430231,5059926.0,45532528640.0
CFLT,2025-12-08 17:44:34,0.9230046948356808,29.89,29.163965,16.081782383777412,7300044.0,10456197120.0
CIEN,2025-12-08 17:44:34,0.8086854460093896,209.94,4.080113,0.6341342682873341,2872726.0,29678632960.0
CLS,2025-12-08 17:44:34,0.7126760563380282,337.68,3.8727727,0.4227696955185262,3036211.0,38845566976.0
CNK,2025-12-08 17:44:34,0.8035211267605633,23.6358,7.6769576,0.8437643020751652,3651131.0,2776636928.0
CRH,2025-12-08 17:44:34,0.910093896713615,126.5136,5.877986,3.169132997297862,3912087.0,84700045312.0
CVNA,2025-12-08 17:44:34,0.9678403755868544,448.585,12.210772,2.694417675193128,3143117.0,97254768640.0
CWST,2025-12-08 17:44:34,0.9011737089201876,99.7796,5.508726,2.083838599040228,572636.0,6335337984.0
DBRG,2025-12-08 17:44:34,0.7497652582159624,14.76,4.53258,1.7171451807152027,4152473.0,2877686784.0
DUOL,2025-12-08 17:44:34,0.8443661971830987,209.7261,4.994295,0.6831813628795806,1917807.0,9695083520.0
DYN,2025-12-08 17:44:34,0.8687793427230046,22.48,10.84812,1.888815955259716,2631007.0,3210699008.0
FLEX,2025-12-08 17:44:34,0.886150234741784,67.62,8.348026,1.4159314394307967,4203349.0,25286940672.0
GPCR,2025-12-08 17:44:34,0.981924882629108,68.64,98.6111,14.34624625766288,1052150.0,4164913152.0
GTLB,2025-12-08 17:44:34,0.8232394366197184,39.685,6.2516813,0.979333209302008,4686988.0,6682954240.0
HE,2025-12-08 17:44:34,0.8537558685446008,12.485,10.977775,3.2514681133207315,1765361.0,2155166720.0
HTFL,2025-12-08 17:44:34,0.7647887323943663,28.92,5.054543,0.6550737582832128,441103.0,2462790144.0
IMAX,2025-12-08 17:44:34,0.8147887323943661,38.41,7.5609093,0.6482055278715884,1270290.0,2066417152.0
INDV,2025-12-08 17:44:34,0.842018779342723,37.06,5.5239253,1.8611723080276517,2055296.0,4633405440.0
INSP,2025-12-08 17:44:34,0.768075117370892,141.29,3.2746115,0.7021804039090819,1270682.0,4178554880.0
IRON,2025-12-08 17:44:34,0.7173708920187793,96.325,3.2865052,0.5497428951563605,500574.0,3636284160.0
KYMR,2025-12-08 17:44:34,0.9835680751173708,100.285,50.53287,6.821012091000689,754280.0,7215408128.0
MNDY,2025-12-08 17:44:34,0.7171361502347418,162.68,3.6574423,0.4470648831488314,1300800.0,8386391552.0
NRIX,2025-12-08 17:44:34,0.9046948356807512,21.765,20.315088,2.307994086988445,1536273.0,2206301184.0
NTSK,2025-12-08 17:44:34,0.7011737089201878,21.84,5.3558536,0.5381476165273317,2887048.0,8344478208.0
OCUL,2025-12-08 17:44:34,0.8950704225352112,16.03,27.424488,4.113378068683247,2837577.0,3415151104.0
PRAX,2025-12-08 17:44:34,0.9126760563380282,271.9779,9.672931,0.7772232359487478,997420.0,6801398272.0
PRIM,2025-12-08 17:44:34,0.9288732394366196,135.355,7.7152567,1.4399602419755626,816942.0,7313548800.0
PSKY,2025-12-08 17:44:34,0.8183098591549296,14.6513,9.624397,1.9299580649568413,8863947.0,16162832384.0
RBRK,2025-12-08 17:44:34,0.7758215962441315,89.33,3.5470097,0.8390366138826346,3869352.0,17638985728.0
RGC,2025-12-08 17:44:34,0.744131455399061,17.188,5.837438,0.5621015342347193,198731.0,8499275264.0
SATS,2025-12-08 17:44:34,0.8934272300469482,88.0,7.3170733,1.538154638206831,4172992.0,25333116928.0
SCI,2025-12-08 17:44:34,0.714319248826291,78.195,3.0237129,0.6690009121985828,976761.0,10961481728.0
SIG,2025-12-08 17:44:34,0.7157276995305164,86.5,4.218519,0.4478739805052715,804320.0,3559495424.0
SYM,2025-12-08 17:44:34,0.6957746478873239,61.475,2.9729464,0.7386294512712782,2725682.0,36441911296.0
TERN,2025-12-08 17:44:34,0.8279342723004695,31.235,6.3862395,1.3532048461259296,2904258.0,2813641984.0
TTAN,2025-12-08 17:44:34,0.7199530516431923,108.715,2.9491105,0.6974306811817192,1087331.0,10104921088.0
U,2025-12-08 17:44:34,0.7633802816901408,48.3769,5.6725664,0.6309064189155387,9894553.0,20701095936.0
VRNS,2025-12-08 17:44:34,0.6849765258215962,31.8301,5.3976765,0.4563787479817517,2214792.0,3752683008.0
WBD,2025-12-08 17:44:34,0.7260563380281689,27.0978,3.9037724,1.631384744925728,51818417.0,67147657216.0
WRBY,2025-12-08 17:44:34,0.8384976525821597,20.39,8.630788,1.4839839406517108,2356260.0,2490940416.0
WVE,2025-12-08 17:44:34,0.948826291079812,17.16,129.10548,39.97789341228948,2584388.0,2868839424.0
ACLX,2025-12-08 17:54:42,0.941627906976744,76.5,9.977002,3.102554367764118,703266.0,4423449600.0
ACMR,2025-12-08 17:54:42,0.7469767441860464,36.97,5.3276434,0.5725334002651624,1637487.0,2398482432.0
ALAB,2025-12-08 17:54:42,0.8190697674418604,172.9,7.238106,0.5296608560693583,6452865.0,29203433472.0
ALSN,2025-12-08 17:54:42,0.7713953488372093,96.1,3.8469825,0.6601578367405799,908407.0,8035566592.0
AMBA,2025-12-08 17:54:42,0.761860465116279,77.575,4.6896067,0.5602865426826584,794995.0,3311599616.0
APPN,2025-12-08 17:54:42,0.731860465116279,42.39,3.4912117,0.7746514120466335,791192.0,3138214656.0
ARWR,2025-12-08 17:54:42,0.914186046511628,69.39,12.939454,1.220650889630993,2330011.0,9593691136.0
AVGO,2025-12-08 17:54:42,0.749767441860465,401.305,2.8354354,0.755630863534944,23208696.0,1895108575232.0
BAH,2025-12-08 17:54:42,0.8260465116279069,91.85,4.3631363,1.1313994690351192,2127071.0,11320391680.0
BIDU,2025-12-08 17:54:42,0.6955813953488372,130.63,3.955118,0.4468106845831342,5059926.0,45538353152.0
CFLT,2025-12-08 17:54:42,0.923720930232558,29.905,29.235096,16.191325833104568,7300044.0,10461445120.0
CIEN,2025-12-08 17:54:42,0.8090697674418604,210.24,4.2288427,0.6517325355777056,2872726.0,29721044992.0
CLS,2025-12-08 17:54:42,0.6976744186046512,337.185,3.7205086,0.4314950443167487,3036211.0,38788624384.0
CNI,2025-12-08 17:54:42,0.7188372093023255,99.355,1.2173998,3.541687636651513,1442538.0,62240677888.0
CNK,2025-12-08 17:54:42,0.8137209302325582,23.8,8.428239,0.8778797583543291,3651131.0,2795926528.0
CRH,2025-12-08 17:54:42,0.9139534883720932,126.57,5.925184,3.2558999838193783,3912087.0,84737802240.0
CVNA,2025-12-08 17:54:42,0.9665116279069766,449.95,12.552224,2.783833691205259,3143117.0,97550712832.0
CWST,2025-12-08 17:54:42,0.9104651162790698,100.12,5.868672,2.152575108795116,572636.0,6356951040.0
DBRG,2025-12-08 17:54:42,0.7106976744186045,14.64,3.6827228,1.7759142563961283,4152473.0,2854290944.0
DUOL,2025-12-08 17:54:42,0.8425581395348838,209.44,4.851065,0.7185983782518262,1917807.0,9681857536.0
DYN,2025-12-08 17:54:42,0.8648837209302325,22.17,9.319523,1.9164426396433,2631007.0,3166423296.0
FLEX,2025-12-08 17:54:42,0.8804651162790696,67.545,8.227845,1.456078236663194,4203349.0,25258891264.0
GPCR,2025-12-08 17:54:42,0.9825581395348836,69.4,101.161446,14.42063584089721,1052150.0,4211028224.0
GTLB,2025-12-08 17:54:42,0.8246511627906976,39.62,6.0776453,0.9929865406098756,4686988.0,6672007680.0
HE,2025-12-08 17:54:42,0.8586046511627907,12.52,11.288893,3.3727730475523137,1765361.0,2161208576.0
HTFL,2025-12-08 17:54:42,0.7827906976744186,29.11,5.7391934,0.6664475190601742,441103.0,2478970368.0
IMAX,2025-12-08 17:54:42,0.8148837209302324,38.5056,7.8286223,0.6551252076297538,1270290.0,2071560320.0
INDV,2025-12-08 17:54:42,0.8523255813953488,37.16,5.8086586,1.9055138529924645,2055296.0,4645907968.0
INSP,2025-12-08 17:54:42,0.7786046511627907,141.48,3.413492,0.8104167683181158,1270682.0,4184174080.0
JBL,2025-12-08 17:54:42,0.6841860465116278,226.71,3.0219073,0.4823770501104058,1321941.0,24330254336.0
KYMR,2025-12-08 17:54:42,0.983720930232558,99.835,49.85739,7.088023015325874,754280.0,7183030784.0
LITE,2025-12-08 17:54:42,0.6888372093023255,343.98,3.7928872,0.4061073458784282,4172680.0,24392513536.0
MNDY,2025-12-08 17:54:42,0.7141860465116279,162.845,3.7625835,0.4610631918819188,1300800.0,8394898432.0
NRIX,2025-12-08 17:54:42,0.9044186046511627,21.815,20.591488,2.3527816996067754,1536273.0,2211369728.0
NTSK,2025-12-08 17:54:42,0.683720930232558,21.6352,4.366623,0.552986302964135,2887048.0,8266229760.0
OCUL,2025-12-08 17:54:42,0.8988372093023255,16.15,28.378376,4.181668021695975,2837577.0,3440716544.0
PRAX,2025-12-08 17:54:42,0.9097674418604652,269.96,8.859222,0.8279641475005515,997420.0,6750936064.0
PRIM,2025-12-08 17:54:42,0.9204651162790698,134.74,7.2258487,1.492752239449067,816942.0,7280319488.0
PSKY,2025-12-08 17:54:42,0.8162790697674418,14.525,8.67614,1.9943045688337264,8863947.0,16023501824.0
RBRK,2025-12-08 17:54:42,0.739767441860465,88.98,3.1413085,0.8553884474713078,3869352.0,17569873920.0
RGC,2025-12-08 17:54:42,0.745813953488372,17.18,5.788181,0.5791798964429304,198731.0,8495319552.0
SATS,2025-12-08 17:54:42,0.8890697674418604,87.82,7.097561,1.5623471120960692,4172992.0,25281298432.0
SIG,2025-12-08 17:54:42,0.7344186046511627,86.91,4.7102804,0.4790605729063059,804320.0,3576367104.0
SYM,2025-12-08 17:54:42,0.7053488372093024,61.55,3.098825,0.7526083380232911,2725682.0,36486369280.0
TERN,2025-12-08 17:54:42,0.8262790697674418,31.115,5.977517,1.3657660579741882,2904258.0,2802832384.0
U,2025-12-08 17:54:42,0.772093023255814,48.437,5.803848,0.6554816574331351,9894553.0,20726814720.0
VRNS,2025-12-08 17:54:42,0.6883720930232557,31.7,4.9668875,0.4768023362916246,2214792.0,3737344768.0
WBD,2025-12-08 17:54:42,0.7158139534883721,27.055,3.7384984,1.70178809206001,51818417.0,67041603584.0
WRBY,2025-12-08 17:54:42,0.8383720930232559,20.345,8.391043,1.5340081315304763,2356260.0,2485443072.0
WVE,2025-12-08 17:54:42,0.9516279069767442,17.14,128.99863,25.51985189530365,2584388.0,2865495808.0
ACLX,2025-12-08 18:30:31,0.9410550458715596,76.34,9.74698,3.295986156020624,703266.0,4414197760.0
ACMR,2025-12-08 18:30:31,0.7603211009174311,37.0351,5.5131073,0.6051015977531424,1637487.0,2402705920.0
ALAB,2025-12-08 18:30:31,0.8412844036697247,174.42,8.180861,0.6433466375013269,6452865.0,29460168704.0
AMBA,2025-12-08 18:30:31,0.8084862385321101,77.5,4.588396,0.716638469424336,794995.0,3308398080.0
APPN,2025-12-08 18:30:31,0.7261467889908255,42.2,3.0273478,0.8503157261448548,791192.0,3124148736.0
ARWR,2025-12-08 18:30:31,0.910091743119266,69.025,12.345383,1.280026574981835,2330011.0,9543227392.0
AVGO,2025-12-08 18:30:31,0.7740825688073394,401.2,2.8085337,0.8389988821431416,23208696.0,1894612860928.0
BAH,2025-12-08 18:30:31,0.8204128440366971,91.19,3.613226,1.2789568378300489,2127071.0,11239048192.0
BIDU,2025-12-08 18:30:31,0.6871559633027523,129.95,3.4139688,0.5057192536017325,5059926.0,45301297152.0
CFLT,2025-12-08 18:30:31,0.928440366972477,29.94,29.38635,16.60455430131654,7300044.0,10473689088.0
CIEN,2025-12-08 18:30:31,0.8277522935779816,209.57,3.8966835,0.7758352171421848,2872726.0,29626329088.0
CLS,2025-12-08 18:30:31,0.7080275229357799,337.16,3.7128203,0.4609007740239397,3036211.0,38785748992.0
CNI,2025-12-08 18:30:31,0.7493119266055045,99.418,1.2815765,3.598637262935188,1442538.0,62280142848.0
CNK,2025-12-08 18:30:31,0.8091743119266055,23.65,7.7448688,0.9585270974939,3651131.0,2778305024.0
CRH,2025-12-08 18:30:31,0.9105504587155964,125.975,5.427233,3.5735419483257918,3912087.0,84339449856.0
CVNA,2025-12-08 18:30:31,0.9667431192660548,452.3225,13.145689,3.121915283459063,3143117.0,98065072128.0
CWST,2025-12-08 18:30:31,0.9160550458715596,100.32,6.0801525,2.3844623809889702,572636.0,6369649664.0
DBRG,2025-12-08 18:30:31,0.7516055045871559,14.68,3.9603992,1.912431941158919,4152473.0,2862089728.0
DUOL,2025-12-08 18:30:31,0.8266055045871561,207.34,3.799748,0.8024775172892789,1917807.0,9584780288.0
DYN,2025-12-08 18:30:31,0.8447247706422019,21.8,7.4771056,2.1642701824814603,2631007.0,3113577984.0
FLEX,2025-12-08 18:30:31,0.8889908256880734,67.45,8.075624,1.600140031198932,4203349.0,25223364608.0
GPCR,2025-12-08 18:30:31,0.9837155963302752,65.6154,89.859375,14.79976524259849,1052150.0,3981387776.0
GTLB,2025-12-08 18:30:31,0.8123853211009175,39.36,5.381532,1.040523892956415,4686988.0,6628224000.0
HE,2025-12-08 18:30:31,0.8655963302752293,12.52,11.293913,3.611927532102499,1765361.0,2161208576.0
HTFL,2025-12-08 18:30:31,0.6974770642201835,28.37,3.0512173,0.728469314423162,441103.0,2415952896.0
IMAX,2025-12-08 18:30:31,0.8172018348623853,38.47,7.728934,0.7099788237331633,1270290.0,2069645184.0
INDV,2025-12-08 18:30:31,0.8557339449541285,37.105,5.6512475,2.115437873668805,2055296.0,4639031296.0
INSP,2025-12-08 18:30:31,0.8472477064220183,142.41,4.0932727,0.9752951564592872,1270682.0,4211678464.0
KYMR,2025-12-08 18:30:31,0.9844036697247708,94.68,42.11948,7.658223736543459,754280.0,6812133376.0
MNDY,2025-12-08 18:30:31,0.678440366972477,161.495,2.9023783,0.5228590098400984,1300800.0,8325303296.0
MSTR,2025-12-08 18:30:31,0.6905963302752294,182.71,2.0780969,0.6732180601369634,14836233.0,52502401024.0
NCNO,2025-12-08 18:30:31,0.6791284403669725,24.31,3.9333053,0.5688270440992764,2036496.0,2815455744.0
NRIX,2025-12-08 18:30:31,0.9057339449541284,21.79,20.453293,2.481503612964622,1536273.0,2208835584.0
NTSK,2025-12-08 18:30:31,0.7176605504587156,21.83,5.306321,0.6028812129206026,2887048.0,8340657664.0
OCUL,2025-12-08 18:30:31,0.904816513761468,16.065,27.702707,4.369476845914666,2837577.0,3422607872.0
PRAX,2025-12-08 18:30:31,0.9103211009174312,268.72,8.359206,0.9297427362595496,997420.0,6719927296.0
PRIM,2025-12-08 18:30:31,0.9204128440366972,134.44,6.987107,1.652819906431546,816942.0,7264109568.0
PSKY,2025-12-08 18:30:31,0.8185779816513761,14.505,8.529744,2.341223046572819,8863947.0,16001438720.0
RGC,2025-12-08 18:30:31,0.6809633027522934,16.8,3.4482727,0.6052805048029749,198731.0,8307412992.0
SATS,2025-12-08 18:30:31,0.8915137614678899,87.83,7.1097584,1.630596703755962,4172992.0,25284177920.0
SIG,2025-12-08 18:30:31,0.7483944954128441,86.995,4.8132563,0.5409364432066839,804320.0,3579864832.0
SYRE,2025-12-08 18:30:31,0.6951834862385321,34.6466,3.564656,0.5786296853436991,901428.0,2688303360.0
TERN,2025-12-08 18:30:31,0.7305045871559633,30.26,3.0653937,1.4838581833983069,2904258.0,2725814272.0
TSEM,2025-12-08 18:30:31,0.7036697247706422,118.94,4.3287387,0.4686622452836672,1455050.0,13336004608.0
U,2025-12-08 18:30:31,0.7752293577981652,48.43,5.7885575,0.7094382131259492,9894553.0,20723818496.0
VRNS,2025-12-08 18:30:31,0.6864678899082569,31.525,4.387413,0.5264264093422768,2214792.0,3716712704.0
WBD,2025-12-08 18:30:31,0.689908256880734,26.885,3.0866575,1.8499007794854097,51818417.0,66620346368.0
WPP,2025-12-08 18:30:31,0.7162844036697248,19.995,3.440253,0.7501722649474493,631295.0,4322887680.0
WRBY,2025-12-08 18:30:31,0.8901376146788991,21.49,14.491206,2.565123967643639,2356260.0,2625321984.0
WVE,2025-12-08 18:30:31,0.9536697247706422,17.3068,131.06544,42.455168109432485,2584388.0,2893381888.0
ACLX,2025-12-08 18:30:32,0.9410550458715596,76.34,9.74698,3.295986156020624,703266.0,4414197760.0
ACMR,2025-12-08 18:30:32,0.7603211009174311,37.0351,5.5131073,0.6051015977531424,1637487.0,2402705920.0
ALAB,2025-12-08 18:30:32,0.8412844036697247,174.42,8.180861,0.6433466375013269,6452865.0,29460168704.0
AMBA,2025-12-08 18:30:32,0.8084862385321101,77.5,4.588396,0.716638469424336,794995.0,3308398080.0
APPN,2025-12-08 18:30:32,0.7261467889908255,42.2,3.0273478,0.8503157261448548,791192.0,3124148736.0
ARWR,2025-12-08 18:30:32,0.910091743119266,69.025,12.345383,1.280026574981835,2330011.0,9543227392.0
AVGO,2025-12-08 18:30:32,0.7740825688073394,401.2,2.8085337,0.8389988821431416,23208696.0,1894612860928.0
BAH,2025-12-08 18:30:32,0.8204128440366971,91.19,3.613226,1.2789568378300489,2127071.0,11239048192.0
BIDU,2025-12-08 18:30:32,0.6871559633027523,129.95,3.4139688,0.5057192536017325,5059926.0,45301297152.0
CFLT,2025-12-08 18:30:32,0.928440366972477,29.94,29.38635,16.60455430131654,7300044.0,10473689088.0
CIEN,2025-12-08 18:30:32,0.8277522935779816,209.57,3.8966835,0.7758352171421848,2872726.0,29626329088.0
CLS,2025-12-08 18:30:32,0.7080275229357799,337.16,3.7128203,0.4609007740239397,3036211.0,38785748992.0
CNI,2025-12-08 18:30:32,0.7493119266055045,99.418,1.2815765,3.598637262935188,1442538.0,62280142848.0
CNK,2025-12-08 18:30:32,0.8091743119266055,23.65,7.7448688,0.9585270974939,3651131.0,2778305024.0
CRH,2025-12-08 18:30:32,0.9105504587155964,125.975,5.427233,3.5735419483257918,3912087.0,84339449856.0
CVNA,2025-12-08 18:30:32,0.9667431192660548,452.3225,13.145689,3.121915283459063,3143117.0,98065072128.0
CWST,2025-12-08 18:30:32,0.9160550458715596,100.32,6.0801525,2.3844623809889702,572636.0,6369649664.0
DBRG,2025-12-08 18:30:32,0.7516055045871559,14.68,3.9603992,1.912431941158919,4152473.0,2862089728.0
DUOL,2025-12-08 18:30:32,0.8266055045871561,207.34,3.799748,0.8024775172892789,1917807.0,9584780288.0
DYN,2025-12-08 18:30:32,0.8447247706422019,21.8,7.4771056,2.1642701824814603,2631007.0,3113577984.0
FLEX,2025-12-08 18:30:32,0.8889908256880734,67.45,8.075624,1.600140031198932,4203349.0,25223364608.0
GPCR,2025-12-08 18:30:32,0.9837155963302752,65.6154,89.859375,14.79976524259849,1052150.0,3981387776.0
GTLB,2025-12-08 18:30:32,0.8123853211009175,39.36,5.381532,1.040523892956415,4686988.0,6628224000.0
HE,2025-12-08 18:30:32,0.8655963302752293,12.52,11.293913,3.611927532102499,1765361.0,2161208576.0
HTFL,2025-12-08 18:30:32,0.6974770642201835,28.37,3.0512173,0.728469314423162,441103.0,2415952896.0
IMAX,2025-12-08 18:30:32,0.8172018348623853,38.47,7.728934,0.7099788237331633,1270290.0,2069645184.0
INDV,2025-12-08 18:30:32,0.8557339449541285,37.105,5.6512475,2.115437873668805,2055296.0,4639031296.0
INSP,2025-12-08 18:30:32,0.8472477064220183,142.41,4.0932727,0.9752951564592872,1270682.0,4211678464.0
KYMR,2025-12-08 18:30:32,0.9844036697247708,94.68,42.11948,7.658223736543459,754280.0,6812133376.0
MNDY,2025-12-08 18:30:32,0.678440366972477,161.495,2.9023783,0.5228590098400984,1300800.0,8325303296.0
MSTR,2025-12-08 18:30:32,0.6905963302752294,182.71,2.0780969,0.6732180601369634,14836233.0,52502401024.0
NCNO,2025-12-08 18:30:32,0.6791284403669725,24.31,3.9333053,0.5688270440992764,2036496.0,2815455744.0
NRIX,2025-12-08 18:30:32,0.9057339449541284,21.79,20.453293,2.481503612964622,1536273.0,2208835584.0
NTSK,2025-12-08 18:30:32,0.7176605504587156,21.83,5.306321,0.6028812129206026,2887048.0,8340657664.0
OCUL,2025-12-08 18:30:32,0.904816513761468,16.065,27.702707,4.369476845914666,2837577.0,3422607872.0
PRAX,2025-12-08 18:30:32,0.9103211009174312,268.72,8.359206,0.9297427362595496,997420.0,6719927296.0
PRIM,2025-12-08 18:30:32,0.9204128440366972,134.44,6.987107,1.652819906431546,816942.0,7264109568.0
PSKY,2025-12-08 18:30:32,0.8185779816513761,14.505,8.529744,2.341223046572819,8863947.0,16001438720.0
RGC,2025-12-08 18:30:32,0.6809633027522934,16.8,3.4482727,0.6052805048029749,198731.0,8307412992.0
SATS,2025-12-08 18:30:32,0.8915137614678899,87.83,7.1097584,1.630596703755962,4172992.0,25284177920.0
SIG,2025-12-08 18:30:32,0.7483944954128441,86.995,4.8132563,0.5409364432066839,804320.0,3579864832.0
SYRE,2025-12-08 18:30:32,0.6951834862385321,34.6466,3.564656,0.5786296853436991,901428.0,2688303360.0
TERN,2025-12-08 18:30:32,0.7305045871559633,30.26,3.0653937,1.4838581833983069,2904258.0,2725814272.0
TSEM,2025-12-08 18:30:32,0.7036697247706422,118.94,4.3287387,0.4686622452836672,1455050.0,13336004608.0
U,2025-12-08 18:30:32,0.7752293577981652,48.43,5.7885575,0.7094382131259492,9894553.0,20723818496.0
VRNS,2025-12-08 18:30:32,0.6864678899082569,31.525,4.387413,0.5264264093422768,2214792.0,3716712704.0
WBD,2025-12-08 18:30:32,0.689908256880734,26.885,3.0866575,1.8499007794854097,51818417.0,66620346368.0
WPP,2025-12-08 18:30:32,0.7162844036697248,19.995,3.440253,0.7501722649474493,631295.0,4322887680.0
WRBY,2025-12-08 18:30:32,0.8901376146788991,21.49,14.491206,2.565123967643639,2356260.0,2625321984.0
WVE,2025-12-08 18:30:32,0.9536697247706422,17.3068,131.06544,42.455168109432485,2584388.0,2893381888.0
ACLX,2025-12-08 18:54:23,0.9299126637554584,75.15,8.036233,3.452171724496848,703266.0,4345389056.0
ACMR,2025-12-08 18:54:23,0.7528384279475983,36.91,5.156699,0.6386401846243664,1637487.0,2394589952.0
ALAB,2025-12-08 18:54:23,0.8489082969432313,175.25,8.695656,0.682683118273821,6452865.0,29600358400.0
ALSN,2025-12-08 18:54:23,0.7617903930131004,95.465,3.1607904,0.7912697722496634,908407.0,7982469632.0
AMBA,2025-12-08 18:54:23,0.8026200873362446,77.19,4.170046,0.757062623035365,794995.0,3295164672.0
APPN,2025-12-08 18:54:23,0.7403930131004366,42.245,3.1372068,0.8948245179425475,791192.0,3127480064.0
ARWR,2025-12-08 18:54:23,0.9115720524017468,68.85,12.060547,1.3159268346801796,2330011.0,9519032320.0
AVGO,2025-12-08 18:54:23,0.7748908296943231,401.4,2.8597796,0.8631465550671179,23208696.0,1895557234688.0
BAH,2025-12-08 18:54:23,0.7912663755458514,90.77,3.1360009,1.3684761815661066,2127071.0,11187282944.0
BIDU,2025-12-08 18:54:23,0.6975982532751092,130.245,3.6487277,0.5271122542108323,5059926.0,45404135424.0
CFLT,2025-12-08 18:54:23,0.9305676855895196,29.902,29.22213,16.98942992672373,7300044.0,10460395520.0
CIEN,2025-12-08 18:54:23,0.8216157205240174,208.91,3.5694792,0.8186624829517329,2872726.0,29533026304.0
CLS,2025-12-08 18:54:23,0.7137554585152838,337.99,3.96813,0.4814573163722811,3036211.0,38881226752.0
CNI,2025-12-08 18:54:23,0.7403930131004368,99.39,1.2530519,3.638896167726604,1442538.0,62262603776.0
CNK,2025-12-08 18:54:23,0.8093886462882096,23.5,7.0614996,1.0453656688845183,3651131.0,2760683776.0
COGT,2025-12-08 18:54:23,0.7635371179039301,40.15,3.5568507,0.948842273039176,3088077.0,6163248640.0
CRH,2025-12-08 18:54:23,0.916593886462882,126.005,5.4523387,3.7822663453036713,3912087.0,84359536640.0
CVNA,2025-12-08 18:54:23,0.9683406113537116,453.95,13.557887,3.2772855735246256,3143117.0,98417926144.0
CWST,2025-12-08 18:54:23,0.9240174672489084,100.77,6.555987,2.579174204905036,572636.0,6398221312.0
DBRG,2025-12-08 18:54:23,0.7222707423580785,14.6,3.399437,1.9775721600116365,4152473.0,2846492416.0
DYN,2025-12-08 18:54:23,0.8661572052401746,22.14,9.171592,2.2975841569406694,2631007.0,3162138624.0
FLEX,2025-12-08 18:54:23,0.8956331877729258,67.66,8.412119,1.704035520248259,4203349.0,25301899264.0
GPCR,2025-12-08 18:54:23,0.9853711790393012,65.93,90.76967,15.116791332034406,1052150.0,4000476928.0
GTLB,2025-12-08 18:54:23,0.8139737991266376,39.27,5.140568,1.0750778538370485,4686988.0,6613068288.0
HE,2025-12-08 18:54:23,0.8602620087336245,12.475,10.888892,3.771313629337002,1765361.0,2153440512.0
IMAX,2025-12-08 18:54:23,0.8224890829694322,38.67,8.288992,0.7354060883735211,1270290.0,2080404736.0
INDV,2025-12-08 18:54:23,0.8633187772925766,37.19,5.894077,2.40711556875506,2055296.0,4649658368.0
INSP,2025-12-08 18:54:23,0.8510917030567686,142.43,4.1078835,1.0214436027267246,1270682.0,4212269568.0
KYMR,2025-12-08 18:54:23,0.985589519650655,92.93,39.49264,7.87920798642414,754280.0,6686222848.0
LITE,2025-12-08 18:54:23,0.700655021834061,343.2,3.5575294,0.4841375327127889,4172680.0,24337203200.0
MT,2025-12-08 18:54:23,0.7019650655021833,43.62,3.2181747,0.6555368148612499,1288936.0,33177370624.0
NCNO,2025-12-08 18:54:23,0.7002183406113537,24.44,4.489103,0.6148772204806687,2036496.0,2830511872.0
NRIX,2025-12-08 18:54:23,0.909825327510917,21.66,19.734657,2.651749396103427,1536273.0,2195657472.0
NTSK,2025-12-08 18:54:23,0.7176855895196506,21.885,5.5716386,0.6303514870552896,2887048.0,8361671680.0
OCUL,2025-12-08 18:54:23,0.9102620087336244,16.1655,28.491405,4.466977988614935,2837577.0,3444018944.0
PAC,2025-12-08 18:54:23,0.7024017467248909,237.165,4.3951936,0.4481940416556815,87239.0,12004154368.0
PRAX,2025-12-08 18:54:23,0.91353711790393,269.05,8.49227,0.9829239437749392,997420.0,6728179200.0
PRIM,2025-12-08 18:54:23,0.9246724890829696,134.235,6.823967,1.7526837890572402,816942.0,7253032960.0
PSKY,2025-12-08 18:54:23,0.8050218340611353,14.375,7.557054,2.4704675016671467,8863947.0,15858027520.0
SATS,2025-12-08 18:54:23,0.8921397379912663,87.75,7.012195,1.6688364128184283,4172992.0,25261146112.0
SIG,2025-12-08 18:54:23,0.7866812227074237,87.76,5.7349424,0.6087589516610304,804320.0,3611344896.0
SYRE,2025-12-08 18:54:23,0.7275109170305676,34.7,3.7369206,0.6558538230452127,901428.0,2692446976.0
TERN,2025-12-08 18:54:23,0.805240174672489,30.625,4.315931,1.520175549141984,2904258.0,2758693376.0
TSEM,2025-12-08 18:54:23,0.7329694323144105,119.5301,4.8417645,0.5275021476925191,1455050.0,13402168320.0
TTAN,2025-12-08 18:54:23,0.7991266375545851,109.21,3.4185612,0.8634279717951572,1087331.0,10150931456.0
U,2025-12-08 18:54:23,0.7871179039301309,48.705,6.38926,0.745993477421365,9894553.0,20841494528.0
WBD,2025-12-08 18:54:23,0.698471615720524,26.905,3.1633465,1.9592895128386496,51818417.0,66669907968.0
WPP,2025-12-08 18:54:23,0.72117903930131,19.9998,3.4650793,0.7627765149415091,631295.0,4323925504.0
WRBY,2025-12-08 18:54:23,0.896288209606987,21.68,15.503463,2.932182356785754,2356260.0,2648533248.0
WVE,2025-12-08 18:54:23,0.9532751091703056,17.3169,130.87527,43.51948739895093,2584388.0,2895070464.0
ACLX,2025-12-08 18:54:24,0.9299126637554584,75.15,8.036233,3.452171724496848,703266.0,4345389056.0
ACMR,2025-12-08 18:54:24,0.7528384279475983,36.91,5.156699,0.6386401846243664,1637487.0,2394589952.0
ALAB,2025-12-08 18:54:24,0.8489082969432313,175.25,8.695656,0.682683118273821,6452865.0,29600358400.0
ALSN,2025-12-08 18:54:24,0.7617903930131004,95.465,3.1607904,0.7912697722496634,908407.0,7982469632.0
AMBA,2025-12-08 18:54:24,0.8026200873362446,77.19,4.170046,0.757062623035365,794995.0,3295164672.0
APPN,2025-12-08 18:54:24,0.7403930131004366,42.245,3.1372068,0.8948245179425475,791192.0,3127480064.0
ARWR,2025-12-08 18:54:24,0.9115720524017468,68.85,12.060547,1.3159268346801796,2330011.0,9519032320.0
AVGO,2025-12-08 18:54:24,0.7748908296943231,401.4,2.8597796,0.8631465550671179,23208696.0,1895557234688.0
BAH,2025-12-08 18:54:24,0.7912663755458514,90.77,3.1360009,1.3684761815661066,2127071.0,11187282944.0
BIDU,2025-12-08 18:54:24,0.6975982532751092,130.245,3.6487277,0.5271122542108323,5059926.0,45404135424.0
CFLT,2025-12-08 18:54:24,0.9305676855895196,29.902,29.22213,16.98942992672373,7300044.0,10460395520.0
CIEN,2025-12-08 18:54:24,0.8216157205240174,208.91,3.5694792,0.8186624829517329,2872726.0,29533026304.0
CLS,2025-12-08 18:54:24,0.7137554585152838,337.99,3.96813,0.4814573163722811,3036211.0,38881226752.0
CNI,2025-12-08 18:54:24,0.7403930131004368,99.39,1.2530519,3.638896167726604,1442538.0,62262603776.0
CNK,2025-12-08 18:54:24,0.8093886462882096,23.5,7.0614996,1.0453656688845183,3651131.0,2760683776.0
COGT,2025-12-08 18:54:24,0.7635371179039301,40.15,3.5568507,0.948842273039176,3088077.0,6163248640.0
CRH,2025-12-08 18:54:24,0.916593886462882,126.005,5.4523387,3.7822663453036713,3912087.0,84359536640.0
CVNA,2025-12-08 18:54:24,0.9683406113537116,453.95,13.557887,3.2772855735246256,3143117.0,98417926144.0
CWST,2025-12-08 18:54:24,0.9240174672489084,100.77,6.555987,2.579174204905036,572636.0,6398221312.0
DBRG,2025-12-08 18:54:24,0.7222707423580785,14.6,3.399437,1.9775721600116365,4152473.0,2846492416.0
DYN,2025-12-08 18:54:24,0.8661572052401746,22.14,9.171592,2.2975841569406694,2631007.0,3162138624.0
FLEX,2025-12-08 18:54:24,0.8956331877729258,67.66,8.412119,1.704035520248259,4203349.0,25301899264.0
GPCR,2025-12-08 18:54:24,0.9853711790393012,65.93,90.76967,15.116791332034406,1052150.0,4000476928.0
GTLB,2025-12-08 18:54:24,0.8139737991266376,39.27,5.140568,1.0750778538370485,4686988.0,6613068288.0
HE,2025-12-08 18:54:24,0.8602620087336245,12.475,10.888892,3.771313629337002,1765361.0,2153440512.0
IMAX,2025-12-08 18:54:24,0.8224890829694322,38.67,8.288992,0.7354060883735211,1270290.0,2080404736.0
INDV,2025-12-08 18:54:24,0.8633187772925766,37.19,5.894077,2.40711556875506,2055296.0,4649658368.0
INSP,2025-12-08 18:54:24,0.8510917030567686,142.43,4.1078835,1.0214436027267246,1270682.0,4212269568.0
KYMR,2025-12-08 18:54:24,0.985589519650655,92.93,39.49264,7.87920798642414,754280.0,6686222848.0
LITE,2025-12-08 18:54:24,0.700655021834061,343.2,3.5575294,0.4841375327127889,4172680.0,24337203200.0
MT,2025-12-08 18:54:24,0.7019650655021833,43.62,3.2181747,0.6555368148612499,1288936.0,33177370624.0
NCNO,2025-12-08 18:54:24,0.7002183406113537,24.44,4.489103,0.6148772204806687,2036496.0,2830511872.0
NRIX,2025-12-08 18:54:24,0.909825327510917,21.66,19.734657,2.651749396103427,1536273.0,2195657472.0
NTSK,2025-12-08 18:54:24,0.7176855895196506,21.885,5.5716386,0.6303514870552896,2887048.0,8361671680.0
OCUL,2025-12-08 18:54:24,0.9102620087336244,16.1655,28.491405,4.466977988614935,2837577.0,3444018944.0
PAC,2025-12-08 18:54:24,0.7024017467248909,237.165,4.3951936,0.4481940416556815,87239.0,12004154368.0
PRAX,2025-12-08 18:54:24,0.91353711790393,269.05,8.49227,0.9829239437749392,997420.0,6728179200.0
PRIM,2025-12-08 18:54:24,0.9246724890829696,134.235,6.823967,1.7526837890572402,816942.0,7253032960.0
PSKY,2025-12-08 18:54:24,0.8050218340611353,14.375,7.557054,2.4704675016671467,8863947.0,15858027520.0
SATS,2025-12-08 18:54:24,0.8921397379912663,87.75,7.012195,1.6688364128184283,4172992.0,25261146112.0
SIG,2025-12-08 18:54:24,0.7866812227074237,87.76,5.7349424,0.6087589516610304,804320.0,3611344896.0
SYRE,2025-12-08 18:54:24,0.7275109170305676,34.7,3.7369206,0.6558538230452127,901428.0,2692446976.0
TERN,2025-12-08 18:54:24,0.805240174672489,30.625,4.315931,1.520175549141984,2904258.0,2758693376.0
TSEM,2025-12-08 18:54:24,0.7329694323144105,119.5301,4.8417645,0.5275021476925191,1455050.0,13402168320.0
TTAN,2025-12-08 18:54:24,0.7991266375545851,109.21,3.4185612,0.8634279717951572,1087331.0,10150931456.0
U,2025-12-08 18:54:24,0.7871179039301309,48.705,6.38926,0.745993477421365,9894553.0,20841494528.0
WBD,2025-12-08 18:54:24,0.698471615720524,26.905,3.1633465,1.9592895128386496,51818417.0,66669907968.0
WPP,2025-12-08 18:54:24,0.72117903930131,19.9998,3.4650793,0.7627765149415091,631295.0,4323925504.0
WRBY,2025-12-08 18:54:24,0.896288209606987,21.68,15.503463,2.932182356785754,2356260.0,2648533248.0
WVE,2025-12-08 18:54:24,0.9532751091703056,17.3169,130.87527,43.51948739895093,2584388.0,2895070464.0
ACLX,2025-12-08 19:17:19,0.948155737704918,76.495,9.969817,3.696169017128654,703266.0,4423160832.0
ACMR,2025-12-08 19:17:19,0.748155737704918,36.92,5.1851845,0.6543972562835614,1637487.0,2395238400.0
ALAB,2025-12-08 19:17:19,0.8504098360655737,175.095,8.59952,0.7178600513105419,6452865.0,29574178816.0
ALSN,2025-12-08 19:17:19,0.7772540983606558,95.44,3.1337817,0.8411956314735576,908407.0,7980380160.0
AMBA,2025-12-08 19:17:19,0.8006147540983606,76.935,3.8259099,0.8356077711180574,794995.0,3284278784.0
AMKR,2025-12-08 19:17:19,0.7315573770491803,44.925,3.9208877,0.6746661655156629,3224577.0,11105165312.0
APPN,2025-12-08 19:17:19,0.7674180327868853,42.29,3.2470748,0.9605165370731756,791192.0,3130811648.0
ARWR,2025-12-08 19:17:19,0.9219262295081968,69.435,13.012693,1.3428524586364614,2330011.0,9599912960.0
AVGO,2025-12-08 19:17:19,0.7799180327868852,399.665,2.4151852,0.894083752055695,23208696.0,1887364055040.0
CFLT,2025-12-08 19:17:19,0.9288934426229508,29.935,29.364737,17.252832311695656,7300044.0,10471939072.0
CIEN,2025-12-08 19:17:19,0.8280737704918033,209.35,3.7876155,0.8512809784156233,2872726.0,29595228160.0
CLS,2025-12-08 19:17:19,0.7145491803278688,337.79,3.9066143,0.5010705777694633,3036211.0,38858223616.0
CNI,2025-12-08 19:17:19,0.7290983606557376,99.085,0.94219035,3.666281234879081,1442538.0,62071537664.0
CNK,2025-12-08 19:17:19,0.8190573770491804,23.495,7.038724,1.1107747161085155,3651131.0,2760096512.0
COGT,2025-12-08 19:17:19,0.7374999999999998,39.95,3.0435913,0.9899762862130704,3088077.0,6132547584.0
CRH,2025-12-08 19:17:19,0.914139344262295,125.43,4.9698815,3.99179159359186,3912087.0,83974578176.0
CVNA,2025-12-08 19:17:19,0.97172131147541,453.19,13.362687,3.4154547858065736,3143117.0,98253152256.0
CWST,2025-12-08 19:17:19,0.9270491803278688,100.87,6.6617355,2.732287177194588,572636.0,6404571136.0
DBRG,2025-12-08 19:17:19,0.7176229508196722,14.57,3.1869676,2.075868765432069,4152473.0,2840643328.0
DIS,2025-12-08 19:17:19,0.7145491803278687,107.57,2.1557422,0.8108137114917356,9811303.0,193403748352.0
DUOL,2025-12-08 19:17:19,0.814139344262295,206.2931,3.2756476,0.8937583396035159,1917807.0,9536385024.0
DYN,2025-12-08 19:17:19,0.8758196721311475,22.23,9.615378,2.3927811670588484,2631007.0,3174992640.0
FLEX,2025-12-08 19:17:19,0.9075819672131148,68.26,9.373502,1.8267688455086648,4203349.0,25526272000.0
GPCR,2025-12-08 19:17:19,0.9862704918032784,67.08,94.09722,15.312590410112628,1052150.0,4070256128.0
GTLB,2025-12-08 19:17:19,0.8290983606557377,39.33,5.301214,1.1119004358449391,4686988.0,6623172096.0
HE,2025-12-08 19:17:19,0.8682377049180326,12.465,10.800001,3.933691749166318,1765361.0,2151714304.0
HTFL,2025-12-08 19:17:19,0.7797131147540982,28.72,4.322552,0.791953353298436,441103.0,2445758464.0
IMAX,2025-12-08 19:17:19,0.8243852459016394,38.38,7.4769025,0.7720418172228389,1270290.0,2064803200.0
INDV,2025-12-08 19:17:19,0.8672131147540983,36.995,5.3388386,2.5476315820203026,2055296.0,4625278976.0
INSP,2025-12-08 19:17:19,0.8616803278688524,142.435,4.1115417,1.0572771157535874,1270682.0,4212417536.0
KYMR,2025-12-08 19:17:19,0.9868852459016392,95.165,42.84749,8.161707853847378,754280.0,6847028736.0
NCNO,2025-12-08 19:17:19,0.7182377049180328,24.3,3.8905509,0.7326083625992882,2036496.0,2814297600.0
NRIX,2025-12-08 19:17:19,0.9153688524590164,21.8075,20.550032,2.7762422434033533,1536273.0,2210609664.0
NTSK,2025-12-08 19:17:19,0.7215163934426229,21.98,6.037189,0.6493580986530186,2887048.0,8397968384.0
OCUL,2025-12-08 19:17:19,0.9147540983606558,16.325,29.769484,4.612960987490384,2837577.0,3478000128.0
PRAX,2025-12-08 19:17:19,0.9188524590163936,270.47,9.064879,1.0208718493713782,997420.0,6763689984.0
PRIM,2025-12-08 19:17:19,0.9321721311475408,134.875,7.333277,1.8320553968335571,816942.0,7287613440.0
PSKY,2025-12-08 19:17:19,0.8139344262295081,14.375,7.557054,2.561897087155417,8863947.0,15858027520.0
RBRK,2025-12-08 19:17:19,0.7965163934426229,89.1742,3.3661878,0.9803868968240677,3869352.0,17608220672.0
SATS,2025-12-08 19:17:19,0.8971311475409836,87.81,7.085363,1.7298171192276428,4172992.0,25278418944.0
SIG,2025-12-08 19:17:19,0.8247950819672131,88.05,6.084341,0.7137445295404814,804320.0,3623278336.0
SYRE,2025-12-08 19:17:19,0.7469262295081966,34.82,4.095662,0.6972703310746948,901428.0,2701757952.0
TERN,2025-12-08 19:17:19,0.8356557377049181,30.91,5.286491,1.567860017946064,2904258.0,2784366080.0
TSEM,2025-12-08 19:17:19,0.7450819672131148,118.66,4.078591,0.5840197931342566,1455050.0,13304610816.0
TTAN,2025-12-08 19:17:19,0.8180327868852459,109.505,3.6979156,0.9360590289433484,1087331.0,10178351104.0
U,2025-12-08 19:17:19,0.7944672131147541,48.765,6.518892,0.785843079520621,9894553.0,20867168256.0
WBD,2025-12-08 19:17:19,0.7432377049180328,27.075,3.8151872,2.082073580132716,51818417.0,67091161088.0
WPP,2025-12-08 19:17:19,0.721516393442623,20.015,3.5437117,0.7868793511749658,631295.0,4327211520.0
WRBY,2025-12-08 19:17:19,0.8944672131147541,21.2,12.946192,3.2133873171891048,2356260.0,2589894144.0
WVE,2025-12-08 19:17:19,0.9561475409836064,17.9,139.16183,44.87117569033752,2584388.0,2992553984.0
ACLX,2025-12-08 19:39:08,0.9474903474903474,76.31,9.703853,3.798869844411645,703266.0,4412463104.0
ACMR,2025-12-08 19:39:08,0.7482625482625483,36.91,5.156699,0.6710624267551437,1637487.0,2394589952.0
ALAB,2025-12-08 19:39:08,0.8501930501930501,176.165,9.263164,0.7429916788899195,6452865.0,29754904576.0
ALSN,2025-12-08 19:39:08,0.7613899613899613,95.315,2.998705,0.8873093228035451,908407.0,7969927680.0
AMBA,2025-12-08 19:39:08,0.7909266409266409,76.84,3.697703,0.8756495323869962,794995.0,3280223232.0
AMKR,2025-12-08 19:39:08,0.7183397683397683,44.9125,3.8919706,0.7065481767065882,3224577.0,11102074880.0
APPN,2025-12-08 19:39:08,0.7797297297297298,42.42,3.564451,1.0189296656184592,791192.0,3140435712.0
ARWR,2025-12-08 19:39:08,0.9214285714285714,69.52,13.151039,1.380281466482347,2330011.0,9611664384.0
AVGO,2025-12-08 19:39:08,0.7648648648648648,399.23,2.303716,0.9176516422982144,23208696.0,1885309763584.0
BAH,2025-12-08 19:39:08,0.8274131274131273,91.04,3.442789,1.5317025148666876,2127071.0,11220560896.0
BELFA,2025-12-08 19:39:08,0.8162162162162162,149.555,3.034791,1.2510059171597634,16900.0,2093032320.0
CFLT,2025-12-08 19:39:08,0.9287644787644788,29.91,29.256702,17.51596086270165,7300044.0,10463194112.0
CIEN,2025-12-08 19:39:08,0.8364864864864865,210.035,4.1272106,0.88673719665572,2872726.0,29692063744.0
CNI,2025-12-08 19:39:08,0.7254826254826254,99.085,0.94233435,3.700333024156036,1442538.0,62071537664.0
CNK,2025-12-08 19:39:08,0.8160231660231659,23.495,7.038724,1.1863091190099726,3651131.0,2760096512.0
CRH,2025-12-08 19:39:08,0.9121621621621622,125.44,4.9795003,4.185153602156598,3912087.0,83981271040.0
CVNA,2025-12-08 19:39:08,0.9725868725868724,454.88,13.785431,3.565456519754117,3143117.0,98619547648.0
CWST,2025-12-08 19:39:08,0.9204633204633204,100.41,6.175324,2.904185206658331,572636.0,6375364096.0
DIS,2025-12-08 19:39:08,0.7177606177606177,107.75,2.3266828,0.8479527133144293,9811303.0,193727365120.0
DUOL,2025-12-08 19:39:08,0.8416988416988417,207.85,4.0534487,0.9399126189444508,1917807.0,9608355840.0
DYN,2025-12-08 19:39:08,0.8725868725868726,22.18,9.3688345,2.4276871935346427,2631007.0,3167851520.0
FLEX,2025-12-08 19:39:08,0.9044401544401544,68.0,8.956898,1.9975274477565388,4203349.0,25429043200.0
GPCR,2025-12-08 19:39:08,0.987065637065637,70.07,102.74883,15.51365964928955,1052150.0,4251682304.0
GTLB,2025-12-08 19:39:08,0.8233590733590732,39.35,5.3547525,1.144114727838006,4686988.0,6626539520.0
HE,2025-12-08 19:39:08,0.8635135135135135,12.405,10.266664,4.282558071691852,1765361.0,2141357056.0
HTFL,2025-12-08 19:39:08,0.772007722007722,28.74,4.3952017,0.8188949066317844,441103.0,2447461632.0
IMAX,2025-12-08 19:39:08,0.8326254826254825,38.545,7.9389505,0.8154657597871352,1270290.0,2073679872.0
INDV,2025-12-08 19:39:08,0.859073359073359,36.88,5.011396,2.663821658778103,2055296.0,4610900992.0
INSP,2025-12-08 19:39:08,0.8882239382239382,144.195,5.3980045,1.1338666952077705,1270682.0,4264468736.0
KYMR,2025-12-08 19:39:08,0.9868725868725868,94.985,42.577297,8.33774062682293,754280.0,6834078208.0
LITE,2025-12-08 19:39:08,0.7154440154440154,344.16,3.8471982,0.5524861719566322,4172680.0,24405278720.0
NCNO,2025-12-08 19:39:08,0.7474903474903474,24.46,4.5746036,0.7891397773430441,2036496.0,2832827904.0
NRIX,2025-12-08 19:39:08,0.9154440154440154,21.8,20.508562,2.8588011375582334,1536273.0,2209849088.0
NTSK,2025-12-08 19:39:08,0.7314671814671815,22.13,6.764918,0.6805501675067405,2887048.0,8455279104.0
OCUL,2025-12-08 19:39:08,0.915057915057915,16.295,29.531002,4.7072904100928366,2837577.0,3471608576.0
PLBL,2025-12-08 19:39:08,0.7517374517374517,11.1,6.5259147,0.7306587467744291,20539.0,4066900992.0
PRAX,2025-12-08 19:39:08,0.924131274131274,274.71,10.774622,1.074924304706142,997420.0,6869720064.0
PRIM,2025-12-08 19:39:08,0.934169884169884,135.04,7.4645786,1.9380029426813652,816942.0,7296528384.0
PSKY,2025-12-08 19:39:08,0.8050193050193051,14.335,7.2577653,2.662663032619667,8863947.0,15813900288.0
RBRK,2025-12-08 19:39:08,0.8040540540540541,89.45,3.6861022,1.0248654038195544,3869352.0,17662679040.0
SATS,2025-12-08 19:39:08,0.9017374517374518,88.05,7.3780527,1.796862538916921,4172992.0,25347510272.0
SIG,2025-12-08 19:39:08,0.8279922779922779,88.28,6.3614445,0.7629189874676745,804320.0,3632742656.0
SYRE,2025-12-08 19:39:08,0.7455598455598456,34.85,4.185344,0.725082868515289,901428.0,2704085504.0
TERN,2025-12-08 19:39:08,0.8893822393822393,32.58,10.967306,1.6835470540151736,2904258.0,2934799616.0
TTAN,2025-12-08 19:39:08,0.8274131274131273,109.735,3.915722,0.9938675527507264,1087331.0,10199729152.0
U,2025-12-08 19:39:08,0.8121621621621622,49.435,7.9838414,0.8486872524711323,9894553.0,21153871872.0
VSCO,2025-12-08 19:39:08,0.7882239382239381,50.71,3.3843014,1.3787470727404445,2492946.0,4065140992.0
WBD,2025-12-08 19:39:08,0.766988416988417,27.255,4.5053654,2.2930864136586804,51818417.0,67537195008.0
WRBY,2025-12-08 19:39:08,0.8971042471042471,21.21,12.999459,3.351643282150526,2356260.0,2591115520.0
WVE,2025-12-08 19:39:08,0.9583011583011584,19.1356,155.60454,47.31954412417949,2584388.0,3199123712.0
ACLX,2025-12-08 19:39:09,0.9474903474903474,76.31,9.703853,3.798869844411645,703266.0,4412463104.0
ACMR,2025-12-08 19:39:09,0.7482625482625483,36.91,5.156699,0.6710624267551437,1637487.0,2394589952.0
ALAB,2025-12-08 19:39:09,0.8501930501930501,176.165,9.263164,0.7429916788899195,6452865.0,29754904576.0
ALSN,2025-12-08 19:39:09,0.7613899613899613,95.315,2.998705,0.8873093228035451,908407.0,7969927680.0
AMBA,2025-12-08 19:39:09,0.7909266409266409,76.84,3.697703,0.8756495323869962,794995.0,3280223232.0
AMKR,2025-12-08 19:39:09,0.7183397683397683,44.9125,3.8919706,0.7065481767065882,3224577.0,11102074880.0
APPN,2025-12-08 19:39:09,0.7797297297297298,42.42,3.564451,1.0189296656184592,791192.0,3140435712.0
ARWR,2025-12-08 19:39:09,0.9214285714285714,69.52,13.151039,1.380281466482347,2330011.0,9611664384.0
AVGO,2025-12-08 19:39:09,0.7648648648648648,399.23,2.303716,0.9176516422982144,23208696.0,1885309763584.0
BAH,2025-12-08 19:39:09,0.8274131274131273,91.04,3.442789,1.5317025148666876,2127071.0,11220560896.0
BELFA,2025-12-08 19:39:09,0.8162162162162162,149.555,3.034791,1.2510059171597634,16900.0,2093032320.0
CFLT,2025-12-08 19:39:09,0.9287644787644788,29.91,29.256702,17.51596086270165,7300044.0,10463194112.0
CIEN,2025-12-08 19:39:09,0.8364864864864865,210.035,4.1272106,0.88673719665572,2872726.0,29692063744.0
CNI,2025-12-08 19:39:09,0.7254826254826254,99.085,0.94233435,3.700333024156036,1442538.0,62071537664.0
CNK,2025-12-08 19:39:09,0.8160231660231659,23.495,7.038724,1.1863091190099726,3651131.0,2760096512.0
CRH,2025-12-08 19:39:09,0.9121621621621622,125.44,4.9795003,4.185153602156598,3912087.0,83981271040.0
CVNA,2025-12-08 19:39:09,0.9725868725868724,454.88,13.785431,3.565456519754117,3143117.0,98619547648.0
CWST,2025-12-08 19:39:09,0.9204633204633204,100.41,6.175324,2.904185206658331,572636.0,6375364096.0
DIS,2025-12-08 19:39:09,0.7177606177606177,107.75,2.3266828,0.8479527133144293,9811303.0,193727365120.0
DUOL,2025-12-08 19:39:09,0.8416988416988417,207.85,4.0534487,0.9399126189444508,1917807.0,9608355840.0
DYN,2025-12-08 19:39:09,0.8725868725868726,22.18,9.3688345,2.4276871935346427,2631007.0,3167851520.0
FLEX,2025-12-08 19:39:09,0.9044401544401544,68.0,8.956898,1.9975274477565388,4203349.0,25429043200.0
GPCR,2025-12-08 19:39:09,0.987065637065637,70.07,102.74883,15.51365964928955,1052150.0,4251682304.0
GTLB,2025-12-08 19:39:09,0.8233590733590732,39.35,5.3547525,1.144114727838006,4686988.0,6626539520.0
HE,2025-12-08 19:39:09,0.8635135135135135,12.405,10.266664,4.282558071691852,1765361.0,2141357056.0
HTFL,2025-12-08 19:39:09,0.772007722007722,28.74,4.3952017,0.8188949066317844,441103.0,2447461632.0
IMAX,2025-12-08 19:39:09,0.8326254826254825,38.545,7.9389505,0.8154657597871352,1270290.0,2073679872.0
INDV,2025-12-08 19:39:09,0.859073359073359,36.88,5.011396,2.663821658778103,2055296.0,4610900992.0
INSP,2025-12-08 19:39:09,0.8882239382239382,144.195,5.3980045,1.1338666952077705,1270682.0,4264468736.0
KYMR,2025-12-08 19:39:09,0.9868725868725868,94.985,42.577297,8.33774062682293,754280.0,6834078208.0
LITE,2025-12-08 19:39:09,0.7154440154440154,344.16,3.8471982,0.5524861719566322,4172680.0,24405278720.0
NCNO,2025-12-08 19:39:09,0.7474903474903474,24.46,4.5746036,0.7891397773430441,2036496.0,2832827904.0
NRIX,2025-12-08 19:39:09,0.9154440154440154,21.8,20.508562,2.8588011375582334,1536273.0,2209849088.0
NTSK,2025-12-08 19:39:09,0.7314671814671815,22.13,6.764918,0.6805501675067405,2887048.0,8455279104.0
OCUL,2025-12-08 19:39:09,0.915057915057915,16.295,29.531002,4.7072904100928366,2837577.0,3471608576.0
PLBL,2025-12-08 19:39:09,0.7517374517374517,11.1,6.5259147,0.7306587467744291,20539.0,4066900992.0
PRAX,2025-12-08 19:39:09,0.924131274131274,274.71,10.774622,1.074924304706142,997420.0,6869720064.0
PRIM,2025-12-08 19:39:09,0.934169884169884,135.04,7.4645786,1.9380029426813652,816942.0,7296528384.0
PSKY,2025-12-08 19:39:09,0.8050193050193051,14.335,7.2577653,2.662663032619667,8863947.0,15813900288.0
RBRK,2025-12-08 19:39:09,0.8040540540540541,89.45,3.6861022,1.0248654038195544,3869352.0,17662679040.0
SATS,2025-12-08 19:39:09,0.9017374517374518,88.05,7.3780527,1.796862538916921,4172992.0,25347510272.0
SIG,2025-12-08 19:39:09,0.8279922779922779,88.28,6.3614445,0.7629189874676745,804320.0,3632742656.0
SYRE,2025-12-08 19:39:09,0.7455598455598456,34.85,4.185344,0.725082868515289,901428.0,2704085504.0
TERN,2025-12-08 19:39:09,0.8893822393822393,32.58,10.967306,1.6835470540151736,2904258.0,2934799616.0
TTAN,2025-12-08 19:39:09,0.8274131274131273,109.735,3.915722,0.9938675527507264,1087331.0,10199729152.0
U,2025-12-08 19:39:09,0.8121621621621622,49.435,7.9838414,0.8486872524711323,9894553.0,21153871872.0
VSCO,2025-12-08 19:39:09,0.7882239382239381,50.71,3.3843014,1.3787470727404445,2492946.0,4065140992.0
WBD,2025-12-08 19:39:09,0.766988416988417,27.255,4.5053654,2.2930864136586804,51818417.0,67537195008.0
WRBY,2025-12-08 19:39:09,0.8971042471042471,21.21,12.999459,3.351643282150526,2356260.0,2591115520.0
WVE,2025-12-08 19:39:09,0.9583011583011584,19.1356,155.60454,47.31954412417949,2584388.0,3199123712.0
ACLX,2025-12-08 19:51:31,0.9539772727272728,76.94,10.609553,3.864115427164117,703266.0,4448891904.0
ACMR,2025-12-08 19:51:31,0.7399621212121212,36.91,5.156699,0.6835077163971378,1637487.0,2394589952.0
ALAB,2025-12-08 19:51:31,0.8456439393939392,176.2695,9.327982,0.7565907546492915,6452865.0,29772556288.0
ALSN,2025-12-08 19:51:31,0.7797348484848483,95.57,3.2742584,0.9204607626317278,908407.0,7991249920.0
AMBA,2025-12-08 19:51:31,0.8045454545454546,77.0484,3.9789507,0.8935842363788451,794995.0,3289119744.0
AMKR,2025-12-08 19:51:31,0.7136363636363637,44.88,3.8167975,0.7182873908732835,3224577.0,11094041600.0
APPN,2025-12-08 19:51:31,0.7804924242424243,42.49,3.735358,1.0390082306191164,791192.0,3145618176.0
ARWR,2025-12-08 19:51:31,0.917992424242424,69.235,12.677893,1.4063534464000385,2330011.0,9572261888.0
AVGO,2025-12-08 19:51:31,0.7630681818181817,398.87,2.2114608,0.9282612000260592,23208696.0,1883609628672.0
BAH,2025-12-08 19:51:31,0.8331439393939393,91.25,3.6813974,1.5741764144215211,2127071.0,11246442496.0
BELFA,2025-12-08 19:51:31,0.8134469696969697,149.555,3.034791,1.2520118343195266,16900.0,2093032320.0
BIDU,2025-12-08 19:51:31,0.7143939393939394,130.9,4.169975,0.6046011344829945,5059926.0,45632471040.0
CELH,2025-12-08 19:51:31,0.7130681818181818,44.34,5.4208245,0.6473772063841637,6293385.0,11430200320.0
CFLT,2025-12-08 19:51:31,0.9274621212121212,29.925,29.321522,17.658720002235604,7300044.0,10468441088.0
CIEN,2025-12-08 19:51:31,0.8490530303030303,210.6,4.407317,0.9039716979621448,2872726.0,29771935744.0
CNK,2025-12-08 19:51:31,0.8164772727272728,23.565,7.3576293,1.23899991536869,3651131.0,2768319744.0
CRH,2025-12-08 19:51:31,0.9106060606060604,125.54,5.063188,4.286290923489176,3912087.0,84048224256.0
CVNA,2025-12-08 19:51:31,0.9714015151515152,452.9633,13.307085,3.6346731604327807,3143117.0,98204000256.0
CWST,2025-12-08 19:51:31,0.9143939393939392,99.74,5.466848,2.968243351797652,572636.0,6332823040.0
DUOL,2025-12-08 19:51:31,0.8465909090909091,207.85,4.055072,0.983689703917026,1917807.0,9608355840.0
DYN,2025-12-08 19:51:31,0.8744318181818183,22.18,9.3688345,2.462662775127546,2631007.0,3167851520.0
FLEX,2025-12-08 19:51:31,0.9100378787878788,68.27,9.389516,2.068662154867464,4203349.0,25530009600.0
GPCR,2025-12-08 19:51:31,0.9865530303030304,71.09,105.70021,15.858863279950578,1052150.0,4313573376.0
GTLB,2025-12-08 19:51:31,0.8227272727272728,39.38,5.435081,1.1668139538654676,4686988.0,6631591936.0
HE,2025-12-08 19:51:31,0.850378787878788,12.28,9.155553,4.413736340612487,1765361.0,2119779456.0
HTFL,2025-12-08 19:51:31,0.7727272727272727,28.77,4.504176,0.8387995547525181,441103.0,2450016512.0
IMAX,2025-12-08 19:51:31,0.8352272727272727,38.68,8.317001,0.8414834407891112,1270290.0,2080942848.0
INDV,2025-12-08 19:51:31,0.8475378787878788,36.75,4.6412334,2.730759462384007,2055296.0,4594648064.0
INSP,2025-12-08 19:51:31,0.8950757575757575,144.75,5.811743,1.1973176609096532,1270682.0,4280882176.0
KYMR,2025-12-08 19:51:31,0.9867424242424242,95.0,42.599815,8.508735482844568,754280.0,6835157504.0
LITE,2025-12-08 19:51:31,0.7219696969696969,344.485,3.9452586,0.5678527948464775,4172680.0,24428322816.0
NCNO,2025-12-08 19:51:31,0.7638257575757575,24.66,5.4296727,0.8195164635727249,2036496.0,2855991040.0
NRIX,2025-12-08 19:51:31,0.9094696969696972,21.31,17.799887,2.927631351979759,1536273.0,2160178176.0
NTSK,2025-12-08 19:51:31,0.7284090909090909,22.215,7.161807,0.6980303063890867,2887048.0,8487755776.0
OCUL,2025-12-08 19:51:31,0.9136363636363636,16.29,29.491264,4.837811625904777,2837577.0,3470543616.0
PLBL,2025-12-08 19:51:31,0.7424242424242424,11.1,6.5259147,0.730853498222893,20539.0,4066900992.0
PRAX,2025-12-08 19:51:31,0.9225378787878789,272.145,9.740305,1.1082442702171602,997420.0,6805576704.0
PRIM,2025-12-08 19:51:31,0.9363636363636364,135.485,7.8187146,1.9836977410881067,816942.0,7320573440.0
PSKY,2025-12-08 19:51:31,0.8043560606060606,14.35,7.370001,2.8317673830856616,8863947.0,15830448128.0
RBRK,2025-12-08 19:51:31,0.7865530303030304,89.23,3.4310963,1.0433072514467538,3869352.0,17619238912.0
SATS,2025-12-08 19:51:31,0.9026515151515152,88.12,7.4634175,1.816363415026916,4172992.0,25367662592.0
SIG,2025-12-08 19:51:31,0.8331439393939395,88.37,6.4698825,0.7950790730057689,804320.0,3636446464.0
SYRE,2025-12-08 19:51:31,0.7321969696969697,34.77,3.9461873,0.736948486179706,901428.0,2697878272.0
TERN,2025-12-08 19:51:31,0.8899621212121211,32.7999,11.716278,1.6866741866597252,2904258.0,2954607872.0
TTAN,2025-12-08 19:51:31,0.8208333333333332,109.61,3.7973506,1.0217265947535754,1087331.0,10188110848.0
U,2025-12-08 19:51:31,0.8071969696969696,49.1885,7.4453926,0.8868182322132188,9894553.0,21048389632.0
VSCO,2025-12-08 19:51:31,0.8037878787878787,50.88,3.7308908,1.432614264408455,2492946.0,4078769152.0
WBD,2025-12-08 19:51:31,0.7570075757575757,27.17,4.1786475,2.359903506894084,51818417.0,67326566400.0
WRBY,2025-12-08 19:51:31,0.9013257575757576,21.4,14.011716,3.440509960700432,2356260.0,2614327040.0
WVE,2025-12-08 19:51:31,0.9583333333333334,19.4042,158.87082,48.90556487648139,2584388.0,3244028928.0
ACLX,2025-12-08 20:23:16,0.923581560283688,74.185,6.6489363,4.193306657793779,703266.0,4289589504.0
ACMR,2025-12-08 20:23:16,0.7372340425531914,36.92,5.1851845,0.7428492562078356,1637487.0,2395238400.0
AGX,2025-12-08 20:23:16,0.751241134751773,323.63,3.1654422,0.7534397254165371,370015.0,4469839872.0
ALAB,2025-12-08 20:23:16,0.8469858156028369,176.4,9.408917,0.7902784267143355,6452865.0,29794596864.0
ALSN,2025-12-08 20:23:16,0.7815602836879432,95.66,3.371518,1.015169411948609,908407.0,7998775808.0
AMBA,2025-12-08 20:23:16,0.7985815602836879,77.03,3.9541166,0.9716186894257196,794995.0,3288334336.0
AMKR,2025-12-08 20:23:16,0.7281914893617021,45.02,4.140645,0.7760881504767912,3224577.0,11128648704.0
APPN,2025-12-08 20:23:16,0.8347517730496453,43.215,5.505374,1.1662049161265533,791192.0,3199291136.0
ARWR,2025-12-08 20:23:16,0.9157801418439716,69.005,12.312824,1.4669935034641468,2330011.0,9540461568.0
AVGO,2025-12-08 20:23:16,0.7547872340425532,398.78,2.188315,0.9705795189871934,23208696.0,1883184693248.0
BAH,2025-12-08 20:23:16,0.8423758865248228,91.39,3.8404694,1.6893766122522471,2127071.0,11263697920.0
BELFA,2025-12-08 20:23:16,0.804432624113475,149.555,3.034791,1.2573372781065089,16900.0,2093032320.0
CFLT,2025-12-08 20:23:16,0.9274822695035462,29.905,29.235096,18.061360589059465,7300044.0,10461445120.0
CIEN,2025-12-08 20:23:16,0.8335106382978723,210.075,4.147038,0.9726395764858884,2872726.0,29697718272.0
CNK,2025-12-08 20:23:16,0.8150709219858157,23.455,6.8564878,1.343648036731632,3651131.0,2755397376.0
COGT,2025-12-08 20:23:16,0.7276595744680852,39.97,3.0951786,1.1770108064015243,3088077.0,6135617536.0
CRH,2025-12-08 20:23:16,0.9179078014184396,126.03,5.4732623,4.581168312463399,3912087.0,84376272896.0
CVNA,2025-12-08 20:23:16,0.973758865248227,451.02,12.819872,3.846784577220638,3143117.0,97782685696.0
CWST,2025-12-08 20:23:16,0.9060283687943262,99.365,5.0703163,3.2468252083347884,572636.0,6309012992.0
DBRG,2025-12-08 20:23:16,0.7622340425531914,14.73,4.320111,2.3578014835978465,4152473.0,2871837696.0
DUOL,2025-12-08 20:23:16,0.8523049645390072,208.56,4.410512,1.0560786356499898,1917807.0,9641177088.0
DYN,2025-12-08 20:23:16,0.872872340425532,22.21,9.516757,2.582068766825782,2631007.0,3172136192.0
FLEX,2025-12-08 20:23:16,0.9104609929078014,68.105,9.125146,2.262633438241745,4203349.0,25468309504.0
GPCR,2025-12-08 20:23:16,0.9863475177304964,70.555,104.15219,16.930668630898637,1052150.0,4281110784.0
GTLB,2025-12-08 20:23:16,0.8246453900709219,39.46,5.649266,1.2248439722909468,4686988.0,6645063680.0
HE,2025-12-08 20:23:16,0.8375886524822695,12.065,7.2444406,4.945581102108861,1765361.0,2082665984.0
HTFL,2025-12-08 20:23:16,0.7425531914893617,28.585,3.8321772,0.8900460890086895,441103.0,2434262016.0
IMAX,2025-12-08 20:23:16,0.8324468085106382,38.715,8.4256315,0.8777342181706539,1270290.0,2082825856.0
INDV,2025-12-08 20:23:16,0.8416666666666666,36.71,4.5273356,2.957837216634489,2055296.0,4589646848.0
INSP,2025-12-08 20:23:16,0.8964539007092199,144.639,5.7225423,1.3742919156799265,1270682.0,4277599744.0
KYMR,2025-12-08 20:23:16,0.9868794326241136,95.42,43.23025,8.808506125046401,754280.0,6865375744.0
NCNO,2025-12-08 20:23:16,0.7817375886524822,24.68,5.5151815,0.9985862972478218,2036496.0,2858307328.0
NRIX,2025-12-08 20:23:16,0.9085106382978724,21.419,18.402435,3.0260116528768,1536273.0,2171227648.0
NTSK,2025-12-08 20:23:16,0.7342198581560284,22.0525,6.3819537,0.7717793400040457,2887048.0,8425668608.0
NXST,2025-12-08 20:23:16,0.8329787234042554,195.645,3.5104015,1.216226493587535,307682.0,5933168128.0
OCUL,2025-12-08 20:23:16,0.9092198581560283,16.23,29.014307,5.041574554628826,2837577.0,3457760256.0
PLBL,2025-12-08 20:23:16,0.7381205673758864,11.205,7.533588,0.7411753249914796,20539.0,4105371392.0
PRAX,2025-12-08 20:23:16,0.924290780141844,273.0,10.085082,1.2154358244270218,997420.0,6826957824.0
PRIM,2025-12-08 20:23:16,0.9395390070921988,135.4,7.751066,2.172234993426706,816942.0,7315980288.0
PSKY,2025-12-08 20:23:16,0.8101063829787234,14.355,7.407406,3.094037227433783,8863947.0,15835963392.0
RBRK,2025-12-08 20:23:16,0.7845744680851064,89.31,3.5238218,1.1095359119563173,3869352.0,17635035136.0
SATS,2025-12-08 20:23:16,0.8966312056737589,87.695,6.945122,1.9582208640706715,4172992.0,25245313024.0
SIG,2025-12-08 20:23:16,0.8537234042553191,88.835,7.030119,0.9077804853789536,804320.0,3655581184.0
TERN,2025-12-08 20:23:16,0.9398936170212766,38.97,32.73161,2.926221775062684,2904258.0,3510409216.0
TTAN,2025-12-08 20:23:16,0.8390070921985815,110.09,4.251892,1.1677640019460496,1087331.0,10232725504.0
U,2025-12-08 20:23:16,0.8131205673758866,49.165,7.3940635,0.976082193910124,9894553.0,21038333952.0
VSCO,2025-12-08 20:23:16,0.8377659574468084,51.405,4.8012223,1.533649344991829,2492946.0,4120855296.0
WBD,2025-12-08 20:23:16,0.7806737588652483,27.4476,5.2443857,2.628061409131815,51818417.0,68014452736.0
WRBY,2025-12-08 20:23:16,0.8932624113475177,21.0317,12.049545,3.66585351361904,2356260.0,2569333760.0
WVE,2025-12-08 20:23:16,0.9578014184397162,18.92,152.60347,51.72017862642916,2584388.0,3163079424.0
ACLX,2025-12-08 20:45:24,0.928,74.28,6.785511,4.792886333193984,703266.0,4295083008.0
AGX,2025-12-08 20:45:24,0.759,323.71,3.1909401,0.8407334837776846,370015.0,4470944768.0
ALAB,2025-12-08 20:45:24,0.8328333333333333,176.23,9.30348,0.819916114780024,6452865.0,29765883904.0
ALSN,2025-12-08 20:45:24,0.7926666666666666,95.68,3.3931265,1.2005356629792594,908407.0,8000448000.0
AMBA,2025-12-08 20:45:24,0.7785,76.78,3.6167347,1.0277762753224864,794995.0,3277661952.0
AMKR,2025-12-08 20:45:24,0.7313333333333334,45.025,4.1522136,0.8445628682459746,3224577.0,11129884672.0
APPN,2025-12-08 20:45:24,0.8250000000000001,42.965,4.8950224,1.2527313218536082,791192.0,3180783104.0
ARWR,2025-12-08 20:45:24,0.9133333333333332,68.97,12.258857,1.5368485384832946,2330011.0,9535623168.0
AVGO,2025-12-08 20:45:24,0.7486666666666667,399.01,2.24734,1.0144458353024228,23208696.0,1884270886912.0
BAH,2025-12-08 20:45:24,0.8636666666666667,91.805,4.312008,1.8398022444948947,2127071.0,11314845696.0
BELFA,2025-12-08 20:45:24,0.7985,149.555,3.034791,1.2781065088757395,16900.0,2093032320.0
CFLT,2025-12-08 20:45:24,0.9271666666666666,29.9139,29.273556,18.50695776628196,7300044.0,10464558080.0
CIEN,2025-12-08 20:45:24,0.8474999999999999,211.36,4.784093,1.0362746046786224,2872726.0,29879375872.0
CNK,2025-12-08 20:45:24,0.8273333333333333,23.62,7.6082,1.456437471019254,3651131.0,2774780928.0
COGT,2025-12-08 20:45:24,0.7699999999999999,40.2275,3.7593513,1.2603257626024222,3088077.0,6175145472.0
CRH,2025-12-08 20:45:24,0.9131666666666666,125.71,5.2054577,4.877004524694875,3912087.0,84162035712.0
CVNA,2025-12-08 20:45:24,0.975,450.235,12.623665,4.048270554357346,3143117.0,97612496896.0
CWST,2025-12-08 20:45:24,0.9228333333333332,99.94,5.678336,3.543046542655369,572636.0,6345522176.0
DBRG,2025-12-08 20:45:24,0.7916666666666666,14.88,5.3824377,2.511422711237376,4152473.0,2901082624.0
DUOL,2025-12-08 20:45:24,0.8614999999999998,209.38,4.8210287,1.1483647728890345,1917807.0,9679083520.0
DYN,2025-12-08 20:45:24,0.8734999999999999,22.16,9.270212,2.72381335359427,2631007.0,3164995072.0
FLEX,2025-12-08 20:45:24,0.913,67.975,8.916839,2.481139919621236,4203349.0,25419694080.0
GPCR,2025-12-08 20:45:24,0.9861666666666666,70.145,103.27961,17.38528631849071,1052150.0,4256232960.0
GTLB,2025-12-08 20:45:24,0.8108333333333334,39.27,5.140568,1.2904148677146177,4686988.0,6613068288.0
HE,2025-12-08 20:45:24,0.8428333333333333,12.105,7.599996,5.504309316904588,1765361.0,2089570816.0
HTFL,2025-12-08 20:45:24,0.74,28.595,3.868502,0.932718662081192,441103.0,2435113472.0
IMAX,2025-12-08 20:45:24,0.83,38.53,7.9013724,0.948331483362067,1270290.0,2072872960.0
INDV,2025-12-08 20:45:24,0.8406666666666667,36.695,4.4846263,3.253597535342841,2055296.0,4587771392.0
INSP,2025-12-08 20:45:24,0.8986666666666666,144.23,5.4235787,1.582742180970534,1270682.0,4265503488.0
KYMR,2025-12-08 20:45:24,0.9873333333333332,96.36,44.641243,9.04120353184494,754280.0,6933007872.0
NCNO,2025-12-08 20:45:24,0.7768333333333333,24.63,5.30141,1.0731732348111658,2036496.0,2852516352.0
NRIX,2025-12-08 20:45:24,0.9055,21.2,17.191822,3.146352243383826,1536273.0,2149027840.0
NTSK,2025-12-08 20:45:24,0.7414999999999999,22.16,6.8982167,0.8397373372385911,2887048.0,8466741760.0
NXST,2025-12-08 20:45:24,0.8338333333333333,195.56,3.465427,1.293819592956364,307682.0,5930590208.0
OCUL,2025-12-08 20:45:24,0.9073333333333332,16.105,28.020666,5.20681940965831,2837577.0,3431129344.0
PRAX,2025-12-08 20:45:24,0.9273333333333332,274.578,10.721399,1.2904443464137474,997420.0,6866419200.0
PRIM,2025-12-08 20:45:24,0.944,135.72,8.005728,2.3552149356992294,816942.0,7333271040.0
PSKY,2025-12-08 20:45:24,0.8046666666666666,14.3,6.995888,3.4041009044841988,8863947.0,15775289344.0
RBRK,2025-12-08 20:45:24,0.8103333333333333,89.64,3.9055517,1.1875469070790148,3869352.0,17700196352.0
SATS,2025-12-08 20:45:24,0.9048333333333334,88.17,7.524388,2.114608175620753,4172992.0,25382053888.0
SIG,2025-12-08 20:45:24,0.8563333333333333,88.37,6.4698825,1.0345347622836685,804320.0,3636446464.0
TDC,2025-12-08 20:45:24,0.7346666666666667,31.31,4.8559904,0.8304343094519105,1497803.0,2958795008.0
TERN,2025-12-08 20:45:24,0.9478333333333332,40.2812,37.197548,3.6905553845422814,2904258.0,3628521728.0
TFII,2025-12-08 20:45:24,0.777,100.34,3.1667635,1.1555679473596163,268995.0,8312841216.0
TTAN,2025-12-08 20:45:24,0.8243333333333334,109.32,3.520728,1.485028018147188,1087331.0,10161156096.0
U,2025-12-08 20:45:24,0.7996666666666666,48.82,6.6404567,1.0320628935940814,9894553.0,20890703872.0
VSCO,2025-12-08 20:45:24,0.8353333333333335,51.17,4.3221183,1.6827384147109483,2492946.0,4102016768.0
WBD,2025-12-08 20:45:24,0.7631666666666667,27.275,4.582054,2.813011501296923,51818417.0,67586752512.0
WRBY,2025-12-08 20:45:24,0.903,21.17,12.786359,3.945869301350445,2356260.0,2586229248.0
WVE,2025-12-08 20:45:24,0.957,18.7906,150.87585,53.84826426991613,2584388.0,3141446144.0
ACLX,2025-12-08 20:45:25,0.928,74.28,6.785511,4.792886333193984,703266.0,4295083008.0
AGX,2025-12-08 20:45:25,0.759,323.71,3.1909401,0.8407334837776846,370015.0,4470944768.0
ALAB,2025-12-08 20:45:25,0.8328333333333333,176.23,9.30348,0.819916114780024,6452865.0,29765883904.0
ALSN,2025-12-08 20:45:25,0.7926666666666666,95.68,3.3931265,1.2005356629792594,908407.0,8000448000.0
AMBA,2025-12-08 20:45:25,0.7785,76.78,3.6167347,1.0277762753224864,794995.0,3277661952.0
AMKR,2025-12-08 20:45:25,0.7313333333333334,45.025,4.1522136,0.8445628682459746,3224577.0,11129884672.0
APPN,2025-12-08 20:45:25,0.8250000000000001,42.965,4.8950224,1.2527313218536082,791192.0,3180783104.0
ARWR,2025-12-08 20:45:25,0.9133333333333332,68.97,12.258857,1.5368485384832946,2330011.0,9535623168.0
AVGO,2025-12-08 20:45:25,0.7486666666666667,399.01,2.24734,1.0144458353024228,23208696.0,1884270886912.0
BAH,2025-12-08 20:45:25,0.8636666666666667,91.805,4.312008,1.8398022444948947,2127071.0,11314845696.0
BELFA,2025-12-08 20:45:25,0.7985,149.555,3.034791,1.2781065088757395,16900.0,2093032320.0
CFLT,2025-12-08 20:45:25,0.9271666666666666,29.9139,29.273556,18.50695776628196,7300044.0,10464558080.0
CIEN,2025-12-08 20:45:25,0.8474999999999999,211.36,4.784093,1.0362746046786224,2872726.0,29879375872.0
CNK,2025-12-08 20:45:25,0.8273333333333333,23.62,7.6082,1.456437471019254,3651131.0,2774780928.0
COGT,2025-12-08 20:45:25,0.7699999999999999,40.2275,3.7593513,1.2603257626024222,3088077.0,6175145472.0
CRH,2025-12-08 20:45:25,0.9131666666666666,125.71,5.2054577,4.877004524694875,3912087.0,84162035712.0
CVNA,2025-12-08 20:45:25,0.975,450.235,12.623665,4.048270554357346,3143117.0,97612496896.0
CWST,2025-12-08 20:45:25,0.9228333333333332,99.94,5.678336,3.543046542655369,572636.0,6345522176.0
DBRG,2025-12-08 20:45:25,0.7916666666666666,14.88,5.3824377,2.511422711237376,4152473.0,2901082624.0
DUOL,2025-12-08 20:45:25,0.8614999999999998,209.38,4.8210287,1.1483647728890345,1917807.0,9679083520.0
DYN,2025-12-08 20:45:25,0.8734999999999999,22.16,9.270212,2.72381335359427,2631007.0,3164995072.0
FLEX,2025-12-08 20:45:25,0.913,67.975,8.916839,2.481139919621236,4203349.0,25419694080.0
GPCR,2025-12-08 20:45:25,0.9861666666666666,70.145,103.27961,17.38528631849071,1052150.0,4256232960.0
GTLB,2025-12-08 20:45:25,0.8108333333333334,39.27,5.140568,1.2904148677146177,4686988.0,6613068288.0
HE,2025-12-08 20:45:25,0.8428333333333333,12.105,7.599996,5.504309316904588,1765361.0,2089570816.0
HTFL,2025-12-08 20:45:25,0.74,28.595,3.868502,0.932718662081192,441103.0,2435113472.0
IMAX,2025-12-08 20:45:25,0.83,38.53,7.9013724,0.948331483362067,1270290.0,2072872960.0
INDV,2025-12-08 20:45:25,0.8406666666666667,36.695,4.4846263,3.253597535342841,2055296.0,4587771392.0
INSP,2025-12-08 20:45:25,0.8986666666666666,144.23,5.4235787,1.582742180970534,1270682.0,4265503488.0
KYMR,2025-12-08 20:45:25,0.9873333333333332,96.36,44.641243,9.04120353184494,754280.0,6933007872.0
NCNO,2025-12-08 20:45:25,0.7768333333333333,24.63,5.30141,1.0731732348111658,2036496.0,2852516352.0
NRIX,2025-12-08 20:45:25,0.9055,21.2,17.191822,3.146352243383826,1536273.0,2149027840.0
NTSK,2025-12-08 20:45:25,0.7414999999999999,22.16,6.8982167,0.8397373372385911,2887048.0,8466741760.0
NXST,2025-12-08 20:45:25,0.8338333333333333,195.56,3.465427,1.293819592956364,307682.0,5930590208.0
OCUL,2025-12-08 20:45:25,0.9073333333333332,16.105,28.020666,5.20681940965831,2837577.0,3431129344.0
PRAX,2025-12-08 20:45:25,0.9273333333333332,274.578,10.721399,1.2904443464137474,997420.0,6866419200.0
PRIM,2025-12-08 20:45:25,0.944,135.72,8.005728,2.3552149356992294,816942.0,7333271040.0
PSKY,2025-12-08 20:45:25,0.8046666666666666,14.3,6.995888,3.4041009044841988,8863947.0,15775289344.0
RBRK,2025-12-08 20:45:25,0.8103333333333333,89.64,3.9055517,1.1875469070790148,3869352.0,17700196352.0
SATS,2025-12-08 20:45:25,0.9048333333333334,88.17,7.524388,2.114608175620753,4172992.0,25382053888.0
SIG,2025-12-08 20:45:25,0.8563333333333333,88.37,6.4698825,1.0345347622836685,804320.0,3636446464.0
TDC,2025-12-08 20:45:25,0.7346666666666667,31.31,4.8559904,0.8304343094519105,1497803.0,2958795008.0
TERN,2025-12-08 20:45:25,0.9478333333333332,40.2812,37.197548,3.6905553845422814,2904258.0,3628521728.0
TFII,2025-12-08 20:45:25,0.777,100.34,3.1667635,1.1555679473596163,268995.0,8312841216.0
TTAN,2025-12-08 20:45:25,0.8243333333333334,109.32,3.520728,1.485028018147188,1087331.0,10161156096.0
U,2025-12-08 20:45:25,0.7996666666666666,48.82,6.6404567,1.0320628935940814,9894553.0,20890703872.0
VSCO,2025-12-08 20:45:25,0.8353333333333335,51.17,4.3221183,1.6827384147109483,2492946.0,4102016768.0
WBD,2025-12-08 20:45:25,0.7631666666666667,27.275,4.582054,2.813011501296923,51818417.0,67586752512.0
WRBY,2025-12-08 20:45:25,0.903,21.17,12.786359,3.945869301350445,2356260.0,2586229248.0
WVE,2025-12-08 20:45:25,0.957,18.7906,150.87585,53.84826426991613,2584388.0,3141446144.0
ACLX,2025-12-08 20:56:27,0.9231907894736842,73.685,5.9301324,5.053379517849576,703266.0,4260678144.0
ALAB,2025-12-08 20:56:27,0.8248355263157894,175.53,8.859977,0.8547934909532432,6452865.0,29647650816.0
ALSN,2025-12-08 20:56:27,0.8108552631578947,95.595,3.3012755,1.3831971792379407,908407.0,7993340416.0
APPN,2025-12-08 20:56:27,0.8468749999999999,43.125,5.285647,1.3775973467881375,791192.0,3192628224.0
ARWR,2025-12-08 20:56:27,0.9157894736842106,68.92,12.176459,1.645103392215745,2330011.0,9528710144.0
AVGO,2025-12-08 20:56:27,0.7743421052631578,400.92,2.7367833,1.0493262094518363,23208696.0,1893290606592.0
BAH,2025-12-08 20:56:27,0.8694078947368422,91.925,4.448359,1.9712473161450648,2127071.0,11329636352.0
BELFA,2025-12-08 20:56:27,0.8365131578947368,150.39,3.6100626,1.3168639053254438,16900.0,2104718208.0
CELH,2025-12-08 20:56:27,0.7501644736842106,44.37,5.492148,0.8759713572266753,6293385.0,11437933568.0
CFLT,2025-12-08 20:56:27,0.9300986842105264,29.905,29.235096,18.90423770048509,7300044.0,10461445120.0
CIEN,2025-12-08 20:56:27,0.8592105263157894,212.36,5.279854,1.105222008642662,2872726.0,30020741120.0
CNK,2025-12-08 20:56:27,0.8273026315789473,23.51,7.1070585,1.5823565355502172,3651131.0,2761858560.0
COGT,2025-12-08 20:56:27,0.7972039473684209,40.315,3.9850352,1.37872468853594,3088077.0,6188576768.0
CRH,2025-12-08 20:56:27,0.9330592105263156,126.5,5.866602,5.141985594901136,3912087.0,84690935808.0
CVNA,2025-12-08 20:56:27,0.9736842105263156,448.47,12.178657,4.153556485488768,3143117.0,97229840384.0
CWST,2025-12-08 20:56:27,0.9185855263157896,99.6,5.31881,3.8857354410131393,572636.0,6323934208.0
DBRG,2025-12-08 20:56:27,0.8011513157894737,14.895,5.4886727,2.6617634840732256,4152473.0,2904007168.0
DUOL,2025-12-08 20:56:27,0.8488486842105263,207.66,3.9599519,1.2217637124069314,1917807.0,9599572992.0
DYN,2025-12-08 20:56:27,0.8819078947368422,22.17,9.319523,2.8636408036922747,2631007.0,3166423296.0
FLEX,2025-12-08 20:56:27,0.9131578947368422,67.505,8.163752,2.705361367804577,4203349.0,25243932672.0
GPCR,2025-12-08 20:56:27,0.9866776315789474,69.92,102.314804,17.7591103930048,1052150.0,4242580480.0
GTLB,2025-12-08 20:56:27,0.8055921052631578,39.105,4.698798,1.3660218460128335,4686988.0,6585282048.0
HE,2025-12-08 20:56:27,0.8305921052631579,11.915,5.911111,5.897019363178409,1765361.0,2056772992.0
HII,2025-12-08 20:56:27,0.7342105263157894,316.27,3.838073,0.707680848267099,456460.0,12410887168.0
IMAX,2025-12-08 20:56:27,0.8376644736842105,38.5,7.81294,1.0451991277582284,1270290.0,2071259008.0
INDV,2025-12-08 20:56:27,0.8407894736842105,36.615,4.2568417,3.525207074796039,2055296.0,4577769984.0
INSP,2025-12-08 20:56:27,0.8949013157894737,143.82,5.1257753,1.654117237829764,1270682.0,4253378304.0
KYMR,2025-12-08 20:56:27,0.988157894736842,94.61,42.014404,9.272081985469589,754280.0,6807097344.0
NCNO,2025-12-08 20:56:27,0.7907894736842104,24.67,5.472427,1.1695868786386028,2036496.0,2857149184.0
NRIX,2025-12-08 20:56:27,0.9116776315789474,21.425,18.440691,3.422263490929021,1536273.0,2171835648.0
NTSK,2025-12-08 20:56:27,0.7587171052631578,22.25,7.3323708,0.9142511658967916,2887048.0,8501128192.0
NXST,2025-12-08 20:56:27,0.8504934210526316,195.955,3.6744127,1.3614413582855025,307682.0,5942568960.0
OCUL,2025-12-08 20:56:27,0.9098684210526315,16.01,27.265503,5.492247082634234,2837577.0,3410889984.0
OMCL,2025-12-08 20:56:27,0.905921052631579,43.65,7.7910914,2.166067602289276,431228.0,2005030144.0
PAC,2025-12-08 20:56:27,0.7337171052631578,236.85,4.2565427,0.6954687697016243,87239.0,11988211712.0
PRAX,2025-12-08 20:56:27,0.9304276315789471,271.925,9.651591,1.3950321830322232,997420.0,6800074752.0
PRIM,2025-12-08 20:56:27,0.941611842105263,135.405,7.755049,2.565330219281173,816942.0,7316250624.0
PSKY,2025-12-08 20:56:27,0.8305921052631577,14.585,9.128323,3.874053172926237,8863947.0,16089692160.0
RBRK,2025-12-08 20:56:27,0.7917763157894735,89.195,3.3905218,1.2713415579662952,3869352.0,17612326912.0
SATS,2025-12-08 20:56:27,0.910032894736842,88.13,7.475607,2.281150311335368,4172992.0,25370540032.0
SIG,2025-12-08 20:56:27,0.8623355263157895,87.805,5.789157,1.1746295006962404,804320.0,3613196544.0
TDC,2025-12-08 20:56:27,0.7657894736842105,31.335,4.940541,0.967671983565262,1497803.0,2961157376.0
TERN,2025-12-08 20:56:27,0.9539473684210528,40.25,37.091278,4.185113030591634,2904258.0,3625711360.0
THO,2025-12-08 20:56:27,0.7325657894736842,103.83,2.9650989,0.9038657410117424,683336.0,5486238720.0
U,2025-12-08 20:56:27,0.809703947368421,48.86,6.727833,1.1088979967058643,9894553.0,20907821056.0
VRNS,2025-12-08 20:56:27,0.7476973684210526,31.615,4.685427,0.9244777839183091,2214792.0,3727323392.0
VSCO,2025-12-08 20:56:27,0.8065789473684211,50.805,3.5779839,1.7497069731955686,2492946.0,4072756736.0
WBD,2025-12-08 20:56:27,0.7634868421052632,27.215,4.351995,2.943328430893595,51818417.0,67438075904.0
WRBY,2025-12-08 20:56:27,0.9046052631578948,21.25,13.21257,4.14597370409038,2356260.0,2596002304.0
WVE,2025-12-08 20:56:27,0.9575657894736842,18.34,144.7632,54.8673821423099,2584388.0,3066114048.0
ACLX,2025-12-08 20:56:28,0.9231907894736842,73.685,5.9301324,5.053379517849576,703266.0,4260678144.0
ALAB,2025-12-08 20:56:28,0.8248355263157894,175.53,8.859977,0.8547934909532432,6452865.0,29647650816.0
ALSN,2025-12-08 20:56:28,0.8108552631578947,95.595,3.3012755,1.3831971792379407,908407.0,7993340416.0
APPN,2025-12-08 20:56:28,0.8468749999999999,43.125,5.285647,1.3775973467881375,791192.0,3192628224.0
ARWR,2025-12-08 20:56:28,0.9157894736842106,68.92,12.176459,1.645103392215745,2330011.0,9528710144.0
AVGO,2025-12-08 20:56:28,0.7743421052631578,400.92,2.7367833,1.0493262094518363,23208696.0,1893290606592.0
BAH,2025-12-08 20:56:28,0.8694078947368422,91.925,4.448359,1.9712473161450648,2127071.0,11329636352.0
BELFA,2025-12-08 20:56:28,0.8365131578947368,150.39,3.6100626,1.3168639053254438,16900.0,2104718208.0
CELH,2025-12-08 20:56:28,0.7501644736842106,44.37,5.492148,0.8759713572266753,6293385.0,11437933568.0
CFLT,2025-12-08 20:56:28,0.9300986842105264,29.905,29.235096,18.90423770048509,7300044.0,10461445120.0
CIEN,2025-12-08 20:56:28,0.8592105263157894,212.36,5.279854,1.105222008642662,2872726.0,30020741120.0
CNK,2025-12-08 20:56:28,0.8273026315789473,23.51,7.1070585,1.5823565355502172,3651131.0,2761858560.0
COGT,2025-12-08 20:56:28,0.7972039473684209,40.315,3.9850352,1.37872468853594,3088077.0,6188576768.0
CRH,2025-12-08 20:56:28,0.9330592105263156,126.5,5.866602,5.141985594901136,3912087.0,84690935808.0
CVNA,2025-12-08 20:56:28,0.9736842105263156,448.47,12.178657,4.153556485488768,3143117.0,97229840384.0
CWST,2025-12-08 20:56:28,0.9185855263157896,99.6,5.31881,3.8857354410131393,572636.0,6323934208.0
DBRG,2025-12-08 20:56:28,0.8011513157894737,14.895,5.4886727,2.6617634840732256,4152473.0,2904007168.0
DUOL,2025-12-08 20:56:28,0.8488486842105263,207.66,3.9599519,1.2217637124069314,1917807.0,9599572992.0
DYN,2025-12-08 20:56:28,0.8819078947368422,22.17,9.319523,2.8636408036922747,2631007.0,3166423296.0
FLEX,2025-12-08 20:56:28,0.9131578947368422,67.505,8.163752,2.705361367804577,4203349.0,25243932672.0
GPCR,2025-12-08 20:56:28,0.9866776315789474,69.92,102.314804,17.7591103930048,1052150.0,4242580480.0
GTLB,2025-12-08 20:56:28,0.8055921052631578,39.105,4.698798,1.3660218460128335,4686988.0,6585282048.0
HE,2025-12-08 20:56:28,0.8305921052631579,11.915,5.911111,5.897019363178409,1765361.0,2056772992.0
HII,2025-12-08 20:56:28,0.7342105263157894,316.27,3.838073,0.707680848267099,456460.0,12410887168.0
IMAX,2025-12-08 20:56:28,0.8376644736842105,38.5,7.81294,1.0451991277582284,1270290.0,2071259008.0
INDV,2025-12-08 20:56:28,0.8407894736842105,36.615,4.2568417,3.525207074796039,2055296.0,4577769984.0
INSP,2025-12-08 20:56:28,0.8949013157894737,143.82,5.1257753,1.654117237829764,1270682.0,4253378304.0
KYMR,2025-12-08 20:56:28,0.988157894736842,94.61,42.014404,9.272081985469589,754280.0,6807097344.0
NCNO,2025-12-08 20:56:28,0.7907894736842104,24.67,5.472427,1.1695868786386028,2036496.0,2857149184.0
NRIX,2025-12-08 20:56:28,0.9116776315789474,21.425,18.440691,3.422263490929021,1536273.0,2171835648.0
NTSK,2025-12-08 20:56:28,0.7587171052631578,22.25,7.3323708,0.9142511658967916,2887048.0,8501128192.0
NXST,2025-12-08 20:56:28,0.8504934210526316,195.955,3.6744127,1.3614413582855025,307682.0,5942568960.0
OCUL,2025-12-08 20:56:28,0.9098684210526315,16.01,27.265503,5.492247082634234,2837577.0,3410889984.0
OMCL,2025-12-08 20:56:28,0.905921052631579,43.65,7.7910914,2.166067602289276,431228.0,2005030144.0
PAC,2025-12-08 20:56:28,0.7337171052631578,236.85,4.2565427,0.6954687697016243,87239.0,11988211712.0
PRAX,2025-12-08 20:56:28,0.9304276315789471,271.925,9.651591,1.3950321830322232,997420.0,6800074752.0
PRIM,2025-12-08 20:56:28,0.941611842105263,135.405,7.755049,2.565330219281173,816942.0,7316250624.0
PSKY,2025-12-08 20:56:28,0.8305921052631577,14.585,9.128323,3.874053172926237,8863947.0,16089692160.0
RBRK,2025-12-08 20:56:28,0.7917763157894735,89.195,3.3905218,1.2713415579662952,3869352.0,17612326912.0
SATS,2025-12-08 20:56:28,0.910032894736842,88.13,7.475607,2.281150311335368,4172992.0,25370540032.0
SIG,2025-12-08 20:56:28,0.8623355263157895,87.805,5.789157,1.1746295006962404,804320.0,3613196544.0
TDC,2025-12-08 20:56:28,0.7657894736842105,31.335,4.940541,0.967671983565262,1497803.0,2961157376.0
TERN,2025-12-08 20:56:28,0.9539473684210528,40.25,37.091278,4.185113030591634,2904258.0,3625711360.0
THO,2025-12-08 20:56:28,0.7325657894736842,103.83,2.9650989,0.9038657410117424,683336.0,5486238720.0
U,2025-12-08 20:56:28,0.809703947368421,48.86,6.727833,1.1088979967058643,9894553.0,20907821056.0
VRNS,2025-12-08 20:56:28,0.7476973684210526,31.615,4.685427,0.9244777839183091,2214792.0,3727323392.0
VSCO,2025-12-08 20:56:28,0.8065789473684211,50.805,3.5779839,1.7497069731955686,2492946.0,4072756736.0
WBD,2025-12-08 20:56:28,0.7634868421052632,27.215,4.351995,2.943328430893595,51818417.0,67438075904.0
WRBY,2025-12-08 20:56:28,0.9046052631578948,21.25,13.21257,4.14597370409038,2356260.0,2596002304.0
WVE,2025-12-08 20:56:28,0.9575657894736842,18.34,144.7632,54.8673821423099,2584388.0,3066114048.0
ACLX,2025-12-08 21:17:39,0.9284313725490196,74.08,6.497994,5.5222518933092175,703266.0,4283518464.0
ALAB,2025-12-08 21:17:39,0.8748366013071895,175.74,8.999572,1.2194135473158048,6452865.0,29683122176.0
AMBA,2025-12-08 21:17:39,0.7955882352941176,76.69,3.495282,1.2866697274825627,794995.0,3273820160.0
APPN,2025-12-08 21:17:39,0.8462418300653595,43.04,5.0781293,1.5772631674738875,791192.0,3186335744.0
ARWR,2025-12-08 21:17:39,0.912908496732026,68.6,11.653646,1.825408120390848,2330011.0,9484468224.0
AVGO,2025-12-08 21:17:39,0.7779411764705882,401.1,2.782907,1.277067311321584,23208696.0,1894140608512.0
BAH,2025-12-08 21:17:39,0.8537581699346405,91.34,3.78365,2.164583128630873,2127071.0,11257534464.0
BELFA,2025-12-08 21:17:39,0.8034313725490196,149.72,3.1484723,1.38,16900.0,2095341568.0
BELFB,2025-12-08 21:17:39,0.7326797385620915,172.21,3.7409678,0.8616967705172208,150922.0,2180275712.0
CELH,2025-12-08 21:17:39,0.7562091503267974,44.3,5.3257203,1.018693278736324,6293385.0,11419888640.0
CFLT,2025-12-08 21:17:39,0.928921568627451,29.87,29.083845,19.67734153383185,7300044.0,10449201152.0
CIEN,2025-12-08 21:17:39,0.857516339869281,212.93,5.56243,1.190145179178244,2872726.0,30101319680.0
CNK,2025-12-08 21:17:39,0.828921568627451,23.5,7.0615,1.7083065493952423,3651131.0,2760683776.0
COGT,2025-12-08 21:17:39,0.7950980392156861,40.3,3.9463472,1.549146281002708,3088077.0,6186274304.0
CRH,2025-12-08 21:17:39,0.9308823529411764,126.54,5.90008,5.532268326343458,3912087.0,84717715456.0
CVNA,2025-12-08 21:17:39,0.9723856209150328,447.98,12.0594,4.439102966895601,3143117.0,97123606528.0
CWST,2025-12-08 21:17:39,0.9124183006535947,99.22,4.916994,4.431960267953814,572636.0,6299806720.0
DBRG,2025-12-08 21:17:39,0.8073529411764706,15.0,6.2323,2.9026555982423003,4152473.0,2924478464.0
DUOL,2025-12-08 21:17:39,0.8506535947712418,207.92,4.0901117,1.357284648559527,1917807.0,9611591680.0
DYN,2025-12-08 21:17:39,0.8813725490196078,22.2,9.467456,3.036592072921129,2631007.0,3170708224.0
FLEX,2025-12-08 21:17:39,0.913888888888889,67.54,8.219838,3.079675991691387,4203349.0,25257023488.0
GPCR,2025-12-08 21:17:39,0.9867647058823528,69.98,102.48842,18.389558523024284,1052150.0,4246221568.0
GTLB,2025-12-08 21:17:39,0.8081699346405228,39.07,4.6050906,1.503519104380041,4686988.0,6579387904.0
HE,2025-12-08 21:17:39,0.828267973856209,11.9,5.77777,6.500298805740016,1765361.0,2054183680.0
IMAX,2025-12-08 21:17:39,0.8333333333333333,38.5,7.81294,1.1842453298065796,1270290.0,2071259008.0
INDV,2025-12-08 21:17:39,0.8366013071895425,36.6,4.214122,3.939019489163605,2055296.0,4575894016.0
INSP,2025-12-08 21:17:39,0.8980392156862745,143.99,5.24816,1.831156024874831,1270682.0,4258405888.0
KYMR,2025-12-08 21:17:39,0.987908496732026,94.3,41.549084,9.901076523306994,754280.0,6784793088.0
NCNO,2025-12-08 21:17:39,0.7964052287581698,24.58,5.087647,1.4642960261154454,2036496.0,2846725888.0
NRIX,2025-12-08 21:17:39,0.917156862745098,21.47,18.684351,3.9452532199680657,1536273.0,2176397312.0
NTSK,2025-12-08 21:17:39,0.7663398692810458,22.28,7.477092,1.064090378822936,2887048.0,8512590848.0
NXST,2025-12-08 21:17:39,0.8565359477124183,195.91,3.6506052,1.578210620055772,307682.0,5941204480.0
OCUL,2025-12-08 21:17:39,0.9132352941176468,16.11,28.06042,5.934463452445519,2837577.0,3432194816.0
OMCL,2025-12-08 21:17:39,0.9073529411764704,43.55,7.544142,2.6773307855705104,431228.0,2000436608.0
PRAX,2025-12-08 21:17:39,0.9259803921568628,270.98,9.270536,1.5458994205049026,997420.0,6776443904.0
PRIM,2025-12-08 21:17:39,0.938562091503268,134.47,7.01098,3.2062839222368296,816942.0,7265730560.0
PSKY,2025-12-08 21:17:39,0.8316993464052287,14.57,9.016087,4.210171721469003,8863947.0,16073144320.0
RBRK,2025-12-08 21:17:39,0.7877450980392158,89.1,3.2804,1.3832228238733515,3869352.0,17593569280.0
SATS,2025-12-08 21:17:39,0.911437908496732,88.26,7.6341486,2.511485524055641,4172992.0,25407965184.0
SIG,2025-12-08 21:17:39,0.8612745098039215,87.31,5.19277,1.4351700815595785,804320.0,3592826880.0
SYRE,2025-12-08 21:17:39,0.7620915032679738,34.63,3.527654,1.2916505810780228,901428.0,2687015424.0
TDC,2025-12-08 21:17:39,0.8151960784313724,31.39,5.12391,1.387196447062798,1497803.0,2966354944.0
TERN,2025-12-08 21:17:39,0.9522875816993464,40.23,37.023155,4.648810470695096,2904258.0,3623909632.0
THO,2025-12-08 21:17:39,0.7578431372549019,103.98,3.11385,1.146842841588911,683336.0,5494164480.0
U,2025-12-08 21:17:39,0.815032679738562,49.04,7.12102,1.2674986934730654,9894553.0,20984846336.0
VRNS,2025-12-08 21:17:39,0.7513071895424837,31.53,4.403973,1.1367816932696162,2214792.0,3717302272.0
VSCO,2025-12-08 21:17:39,0.7921568627450981,50.65,3.26198,1.9226994888778175,2492946.0,4060331520.0
WBD,2025-12-08 21:17:39,0.7617647058823529,27.23,4.4095078,3.194399801908268,51818417.0,67475247104.0
WRBY,2025-12-08 21:17:39,0.9044117647058822,21.26,13.2658,4.427902268849787,2356260.0,2597223936.0
WVE,2025-12-08 21:17:39,0.957516339869281,18.52,147.26303,55.68120692403773,2584388.0,3096206848.0
ACLX,2025-12-08 21:17:40,0.9284313725490196,74.08,6.497994,5.5222518933092175,703266.0,4283518464.0
ALAB,2025-12-08 21:17:40,0.8748366013071895,175.74,8.999572,1.2194135473158048,6452865.0,29683122176.0
AMBA,2025-12-08 21:17:40,0.7955882352941176,76.69,3.495282,1.2866697274825627,794995.0,3273820160.0
APPN,2025-12-08 21:17:40,0.8462418300653595,43.04,5.0781293,1.5772631674738875,791192.0,3186335744.0
ARWR,2025-12-08 21:17:40,0.912908496732026,68.6,11.653646,1.825408120390848,2330011.0,9484468224.0
AVGO,2025-12-08 21:17:40,0.7779411764705882,401.1,2.782907,1.277067311321584,23208696.0,1894140608512.0
BAH,2025-12-08 21:17:40,0.8537581699346405,91.34,3.78365,2.164583128630873,2127071.0,11257534464.0
BELFA,2025-12-08 21:17:40,0.8034313725490196,149.72,3.1484723,1.38,16900.0,2095341568.0
BELFB,2025-12-08 21:17:40,0.7326797385620915,172.21,3.7409678,0.8616967705172208,150922.0,2180275712.0
CELH,2025-12-08 21:17:40,0.7562091503267974,44.3,5.3257203,1.018693278736324,6293385.0,11419888640.0
CFLT,2025-12-08 21:17:40,0.928921568627451,29.87,29.083845,19.67734153383185,7300044.0,10449201152.0
CIEN,2025-12-08 21:17:40,0.857516339869281,212.93,5.56243,1.190145179178244,2872726.0,30101319680.0
CNK,2025-12-08 21:17:40,0.828921568627451,23.5,7.0615,1.7083065493952423,3651131.0,2760683776.0
COGT,2025-12-08 21:17:40,0.7950980392156861,40.3,3.9463472,1.549146281002708,3088077.0,6186274304.0
CRH,2025-12-08 21:17:40,0.9308823529411764,126.54,5.90008,5.532268326343458,3912087.0,84717715456.0
CVNA,2025-12-08 21:17:40,0.9723856209150328,447.98,12.0594,4.439102966895601,3143117.0,97123606528.0
CWST,2025-12-08 21:17:40,0.9124183006535947,99.22,4.916994,4.431960267953814,572636.0,6299806720.0
DBRG,2025-12-08 21:17:40,0.8073529411764706,15.0,6.2323,2.9026555982423003,4152473.0,2924478464.0
DUOL,2025-12-08 21:17:40,0.8506535947712418,207.92,4.0901117,1.357284648559527,1917807.0,9611591680.0
DYN,2025-12-08 21:17:40,0.8813725490196078,22.2,9.467456,3.036592072921129,2631007.0,3170708224.0
FLEX,2025-12-08 21:17:40,0.913888888888889,67.54,8.219838,3.079675991691387,4203349.0,25257023488.0
GPCR,2025-12-08 21:17:40,0.9867647058823528,69.98,102.48842,18.389558523024284,1052150.0,4246221568.0
GTLB,2025-12-08 21:17:40,0.8081699346405228,39.07,4.6050906,1.503519104380041,4686988.0,6579387904.0
HE,2025-12-08 21:17:40,0.828267973856209,11.9,5.77777,6.500298805740016,1765361.0,2054183680.0
IMAX,2025-12-08 21:17:40,0.8333333333333333,38.5,7.81294,1.1842453298065796,1270290.0,2071259008.0
INDV,2025-12-08 21:17:40,0.8366013071895425,36.6,4.214122,3.939019489163605,2055296.0,4575894016.0
INSP,2025-12-08 21:17:40,0.8980392156862745,143.99,5.24816,1.831156024874831,1270682.0,4258405888.0
KYMR,2025-12-08 21:17:40,0.987908496732026,94.3,41.549084,9.901076523306994,754280.0,6784793088.0
NCNO,2025-12-08 21:17:40,0.7964052287581698,24.58,5.087647,1.4642960261154454,2036496.0,2846725888.0
NRIX,2025-12-08 21:17:40,0.917156862745098,21.47,18.684351,3.9452532199680657,1536273.0,2176397312.0
NTSK,2025-12-08 21:17:40,0.7663398692810458,22.28,7.477092,1.064090378822936,2887048.0,8512590848.0
NXST,2025-12-08 21:17:40,0.8565359477124183,195.91,3.6506052,1.578210620055772,307682.0,5941204480.0
OCUL,2025-12-08 21:17:40,0.9132352941176468,16.11,28.06042,5.934463452445519,2837577.0,3432194816.0
OMCL,2025-12-08 21:17:40,0.9073529411764704,43.55,7.544142,2.6773307855705104,431228.0,2000436608.0
PRAX,2025-12-08 21:17:40,0.9259803921568628,270.98,9.270536,1.5458994205049026,997420.0,6776443904.0
PRIM,2025-12-08 21:17:40,0.938562091503268,134.47,7.01098,3.2062839222368296,816942.0,7265730560.0
PSKY,2025-12-08 21:17:40,0.8316993464052287,14.57,9.016087,4.210171721469003,8863947.0,16073144320.0
RBRK,2025-12-08 21:17:40,0.7877450980392158,89.1,3.2804,1.3832228238733515,3869352.0,17593569280.0
SATS,2025-12-08 21:17:40,0.911437908496732,88.26,7.6341486,2.511485524055641,4172992.0,25407965184.0
SIG,2025-12-08 21:17:40,0.8612745098039215,87.31,5.19277,1.4351700815595785,804320.0,3592826880.0
SYRE,2025-12-08 21:17:40,0.7620915032679738,34.63,3.527654,1.2916505810780228,901428.0,2687015424.0
TDC,2025-12-08 21:17:40,0.8151960784313724,31.39,5.12391,1.387196447062798,1497803.0,2966354944.0
TERN,2025-12-08 21:17:40,0.9522875816993464,40.23,37.023155,4.648810470695096,2904258.0,3623909632.0
THO,2025-12-08 21:17:40,0.7578431372549019,103.98,3.11385,1.146842841588911,683336.0,5494164480.0
U,2025-12-08 21:17:40,0.815032679738562,49.04,7.12102,1.2674986934730654,9894553.0,20984846336.0
VRNS,2025-12-08 21:17:40,0.7513071895424837,31.53,4.403973,1.1367816932696162,2214792.0,3717302272.0
VSCO,2025-12-08 21:17:40,0.7921568627450981,50.65,3.26198,1.9226994888778175,2492946.0,4060331520.0
WBD,2025-12-08 21:17:40,0.7617647058823529,27.23,4.4095078,3.194399801908268,51818417.0,67475247104.0
WRBY,2025-12-08 21:17:40,0.9044117647058822,21.26,13.2658,4.427902268849787,2356260.0,2597223936.0
WVE,2025-12-08 21:17:40,0.957516339869281,18.52,147.26303,55.68120692403773,2584388.0,3096206848.0
ACLX,2025-12-08 21:39:20,0.9284313725490196,74.08,6.497994,5.5222518933092175,703266.0,4283518464.0
ALAB,2025-12-08 21:39:20,0.8748366013071895,175.74,8.999572,1.2194135473158048,6452865.0,29683122176.0
AMBA,2025-12-08 21:39:20,0.7955882352941176,76.69,3.495282,1.2866697274825627,794995.0,3273820160.0
APPN,2025-12-08 21:39:20,0.8462418300653595,43.04,5.0781293,1.5772631674738875,791192.0,3186335744.0
ARWR,2025-12-08 21:39:20,0.912908496732026,68.6,11.653646,1.825408120390848,2330011.0,9484468224.0
AVGO,2025-12-08 21:39:20,0.7779411764705882,401.1,2.782907,1.277067311321584,23208696.0,1894140608512.0
BAH,2025-12-08 21:39:20,0.8537581699346405,91.34,3.78365,2.164583128630873,2127071.0,11257534464.0
BELFA,2025-12-08 21:39:20,0.8034313725490196,149.72,3.1484723,1.38,16900.0,2095341568.0
BELFB,2025-12-08 21:39:20,0.7338235294117647,172.21,3.7409678,0.8616967705172208,150922.0,2180275712.0
CELH,2025-12-08 21:39:20,0.7573529411764706,44.3,5.3257203,1.018693278736324,6293385.0,11419888640.0
CFLT,2025-12-08 21:39:20,0.928921568627451,29.87,29.083845,19.67734153383185,7300044.0,10449201152.0
CIEN,2025-12-08 21:39:20,0.857516339869281,212.93,5.56243,1.190145179178244,2872726.0,30101319680.0
CNK,2025-12-08 21:39:20,0.828921568627451,23.5,7.0615,1.7083065493952423,3651131.0,2760683776.0
COGT,2025-12-08 21:39:20,0.7950980392156861,40.3,3.9463472,1.549146281002708,3088077.0,6186274304.0
CRH,2025-12-08 21:39:20,0.9308823529411764,126.54,5.90008,5.532268326343458,3912087.0,84717715456.0
CVNA,2025-12-08 21:39:20,0.9723856209150328,447.98,12.0594,4.439102966895601,3143117.0,97123606528.0
CWST,2025-12-08 21:39:20,0.9124183006535947,99.22,4.916994,4.431960267953814,572636.0,6299806720.0
DBRG,2025-12-08 21:39:20,0.8073529411764706,15.0,6.2323,2.9026555982423003,4152473.0,2924478464.0
DUOL,2025-12-08 21:39:20,0.8506535947712418,207.92,4.0901117,1.357284648559527,1917807.0,9611591680.0
DYN,2025-12-08 21:39:20,0.8813725490196078,22.2,9.467456,3.036592072921129,2631007.0,3170708224.0
FLEX,2025-12-08 21:39:20,0.913888888888889,67.54,8.219838,3.079675991691387,4203349.0,25257023488.0
GPCR,2025-12-08 21:39:20,0.9867647058823528,69.98,102.48842,18.389558523024284,1052150.0,4246221568.0
GTLB,2025-12-08 21:39:20,0.8081699346405228,39.07,4.6050906,1.503519104380041,4686988.0,6579387904.0
HE,2025-12-08 21:39:20,0.828267973856209,11.9,5.77777,6.500298805740016,1765361.0,2054183680.0
IMAX,2025-12-08 21:39:20,0.8333333333333333,38.5,7.81294,1.1842453298065796,1270290.0,2071259008.0
INDV,2025-12-08 21:39:20,0.8366013071895425,36.6,4.214122,3.939019489163605,2055296.0,4575894016.0
INSP,2025-12-08 21:39:20,0.8968954248366013,143.99,5.24816,1.831156024874831,1270682.0,4258405888.0
KYMR,2025-12-08 21:39:20,0.987908496732026,94.3,41.549084,9.901076523306994,754280.0,6784793088.0
NCNO,2025-12-08 21:39:20,0.7964052287581698,24.58,5.087647,1.4642960261154454,2036496.0,2846725888.0
NRIX,2025-12-08 21:39:20,0.917156862745098,21.47,18.684351,3.9452532199680657,1536273.0,2176397312.0
NTSK,2025-12-08 21:39:20,0.7663398692810458,22.28,7.477092,1.064090378822936,2887048.0,8512590848.0
NXST,2025-12-08 21:39:20,0.8565359477124183,195.91,3.6506052,1.578210620055772,307682.0,5941204480.0
OCUL,2025-12-08 21:39:20,0.9132352941176468,16.11,28.06042,5.934463452445519,2837577.0,3432194816.0
OMCL,2025-12-08 21:39:20,0.9073529411764704,43.55,7.544142,2.6773307855705104,431228.0,2000436608.0
PRAX,2025-12-08 21:39:20,0.9259803921568628,270.98,9.270536,1.5458994205049026,997420.0,6776443904.0
PRIM,2025-12-08 21:39:20,0.938562091503268,134.47,7.01098,3.2062839222368296,816942.0,7265730560.0
PSKY,2025-12-08 21:39:20,0.8316993464052287,14.57,9.016087,4.210171721469003,8863947.0,16073144320.0
RBRK,2025-12-08 21:39:20,0.7877450980392158,89.1,3.2804,1.3832228238733515,3869352.0,17593569280.0
SATS,2025-12-08 21:39:20,0.911437908496732,88.26,7.6341486,2.511485524055641,4172992.0,25407965184.0
SIG,2025-12-08 21:39:20,0.8612745098039215,87.31,5.19277,1.4351700815595785,804320.0,3592826880.0
SYRE,2025-12-08 21:39:20,0.7620915032679738,34.63,3.527654,1.2916505810780228,901428.0,2687015424.0
TDC,2025-12-08 21:39:20,0.8151960784313724,31.39,5.12391,1.387196447062798,1497803.0,2966354944.0
TERN,2025-12-08 21:39:20,0.9522875816993464,40.23,37.023155,4.648810470695096,2904258.0,3623909632.0
THO,2025-12-08 21:39:20,0.7578431372549019,103.98,3.11385,1.146842841588911,683336.0,5494164480.0
U,2025-12-08 21:39:20,0.815032679738562,49.04,7.12102,1.2674986934730654,9894553.0,20984846336.0
VRNS,2025-12-08 21:39:20,0.7513071895424837,31.53,4.403973,1.1367816932696162,2214792.0,3717302272.0
VSCO,2025-12-08 21:39:20,0.7921568627450981,50.65,3.26198,1.9226994888778175,2492946.0,4060331520.0
WBD,2025-12-08 21:39:20,0.7617647058823529,27.23,4.4095078,3.194399801908268,51818417.0,67475247104.0
WRBY,2025-12-08 21:39:20,0.9044117647058822,21.26,13.2658,4.427902268849787,2356260.0,2597223936.0
WVE,2025-12-08 21:39:20,0.957516339869281,18.52,147.26303,55.68120692403773,2584388.0,3096206848.0
ACLX,2025-12-08 21:39:21,0.9284313725490196,74.08,6.497994,5.5222518933092175,703266.0,4283518464.0
ALAB,2025-12-08 21:39:21,0.8748366013071895,175.74,8.999572,1.2194135473158048,6452865.0,29683122176.0
AMBA,2025-12-08 21:39:21,0.7955882352941176,76.69,3.495282,1.2866697274825627,794995.0,3273820160.0
APPN,2025-12-08 21:39:21,0.8462418300653595,43.04,5.0781293,1.5772631674738875,791192.0,3186335744.0
ARWR,2025-12-08 21:39:21,0.912908496732026,68.6,11.653646,1.825408120390848,2330011.0,9484468224.0
AVGO,2025-12-08 21:39:21,0.7779411764705882,401.1,2.782907,1.277067311321584,23208696.0,1894140608512.0
BAH,2025-12-08 21:39:21,0.8537581699346405,91.34,3.78365,2.164583128630873,2127071.0,11257534464.0
BELFA,2025-12-08 21:39:21,0.8034313725490196,149.72,3.1484723,1.38,16900.0,2095341568.0
BELFB,2025-12-08 21:39:21,0.7338235294117647,172.21,3.7409678,0.8616967705172208,150922.0,2180275712.0
CELH,2025-12-08 21:39:21,0.7573529411764706,44.3,5.3257203,1.018693278736324,6293385.0,11419888640.0
CFLT,2025-12-08 21:39:21,0.928921568627451,29.87,29.083845,19.67734153383185,7300044.0,10449201152.0
CIEN,2025-12-08 21:39:21,0.857516339869281,212.93,5.56243,1.190145179178244,2872726.0,30101319680.0
CNK,2025-12-08 21:39:21,0.828921568627451,23.5,7.0615,1.7083065493952423,3651131.0,2760683776.0
COGT,2025-12-08 21:39:21,0.7950980392156861,40.3,3.9463472,1.549146281002708,3088077.0,6186274304.0
CRH,2025-12-08 21:39:21,0.9308823529411764,126.54,5.90008,5.532268326343458,3912087.0,84717715456.0
CVNA,2025-12-08 21:39:21,0.9723856209150328,447.98,12.0594,4.439102966895601,3143117.0,97123606528.0
CWST,2025-12-08 21:39:21,0.9124183006535947,99.22,4.916994,4.431960267953814,572636.0,6299806720.0
DBRG,2025-12-08 21:39:21,0.8073529411764706,15.0,6.2323,2.9026555982423003,4152473.0,2924478464.0
DUOL,2025-12-08 21:39:21,0.8506535947712418,207.92,4.0901117,1.357284648559527,1917807.0,9611591680.0
DYN,2025-12-08 21:39:21,0.8813725490196078,22.2,9.467456,3.036592072921129,2631007.0,3170708224.0
FLEX,2025-12-08 21:39:21,0.913888888888889,67.54,8.219838,3.079675991691387,4203349.0,25257023488.0
GPCR,2025-12-08 21:39:21,0.9867647058823528,69.98,102.48842,18.389558523024284,1052150.0,4246221568.0
GTLB,2025-12-08 21:39:21,0.8081699346405228,39.07,4.6050906,1.503519104380041,4686988.0,6579387904.0
HE,2025-12-08 21:39:21,0.828267973856209,11.9,5.77777,6.500298805740016,1765361.0,2054183680.0
IMAX,2025-12-08 21:39:21,0.8333333333333333,38.5,7.81294,1.1842453298065796,1270290.0,2071259008.0
INDV,2025-12-08 21:39:21,0.8366013071895425,36.6,4.214122,3.939019489163605,2055296.0,4575894016.0
INSP,2025-12-08 21:39:21,0.8968954248366013,143.99,5.24816,1.831156024874831,1270682.0,4258405888.0
KYMR,2025-12-08 21:39:21,0.987908496732026,94.3,41.549084,9.901076523306994,754280.0,6784793088.0
NCNO,2025-12-08 21:39:21,0.7964052287581698,24.58,5.087647,1.4642960261154454,2036496.0,2846725888.0
NRIX,2025-12-08 21:39:21,0.917156862745098,21.47,18.684351,3.9452532199680657,1536273.0,2176397312.0
NTSK,2025-12-08 21:39:21,0.7663398692810458,22.28,7.477092,1.064090378822936,2887048.0,8512590848.0
NXST,2025-12-08 21:39:21,0.8565359477124183,195.91,3.6506052,1.578210620055772,307682.0,5941204480.0
OCUL,2025-12-08 21:39:21,0.9132352941176468,16.11,28.06042,5.934463452445519,2837577.0,3432194816.0
OMCL,2025-12-08 21:39:21,0.9073529411764704,43.55,7.544142,2.6773307855705104,431228.0,2000436608.0
PRAX,2025-12-08 21:39:21,0.9259803921568628,270.98,9.270536,1.5458994205049026,997420.0,6776443904.0
PRIM,2025-12-08 21:39:21,0.938562091503268,134.47,7.01098,3.2062839222368296,816942.0,7265730560.0
PSKY,2025-12-08 21:39:21,0.8316993464052287,14.57,9.016087,4.210171721469003,8863947.0,16073144320.0
RBRK,2025-12-08 21:39:21,0.7877450980392158,89.1,3.2804,1.3832228238733515,3869352.0,17593569280.0
SATS,2025-12-08 21:39:21,0.911437908496732,88.26,7.6341486,2.511485524055641,4172992.0,25407965184.0
SIG,2025-12-08 21:39:21,0.8612745098039215,87.31,5.19277,1.4351700815595785,804320.0,3592826880.0
SYRE,2025-12-08 21:39:21,0.7620915032679738,34.63,3.527654,1.2916505810780228,901428.0,2687015424.0
TDC,2025-12-08 21:39:21,0.8151960784313724,31.39,5.12391,1.387196447062798,1497803.0,2966354944.0
TERN,2025-12-08 21:39:21,0.9522875816993464,40.23,37.023155,4.648810470695096,2904258.0,3623909632.0
THO,2025-12-08 21:39:21,0.7578431372549019,103.98,3.11385,1.146842841588911,683336.0,5494164480.0
U,2025-12-08 21:39:21,0.815032679738562,49.04,7.12102,1.2674986934730654,9894553.0,20984846336.0
VRNS,2025-12-08 21:39:21,0.7513071895424837,31.53,4.403973,1.1367816932696162,2214792.0,3717302272.0
VSCO,2025-12-08 21:39:21,0.7921568627450981,50.65,3.26198,1.9226994888778175,2492946.0,4060331520.0
WBD,2025-12-08 21:39:21,0.7617647058823529,27.23,4.4095078,3.194399801908268,51818417.0,67475247104.0
WRBY,2025-12-08 21:39:21,0.9044117647058822,21.26,13.2658,4.427902268849787,2356260.0,2597223936.0
WVE,2025-12-08 21:39:21,0.957516339869281,18.52,147.26303,55.68120692403773,2584388.0,3096206848.0
ACLX,2025-12-08 21:51:26,0.9284313725490196,74.08,6.497994,5.5222518933092175,703266.0,4283518464.0
ALAB,2025-12-08 21:51:26,0.8748366013071895,175.74,8.999572,1.2194135473158048,6452865.0,29683122176.0
AMBA,2025-12-08 21:51:26,0.7955882352941176,76.69,3.495282,1.2866697274825627,794995.0,3273820160.0
APPN,2025-12-08 21:51:26,0.8462418300653595,43.04,5.0781293,1.5772631674738875,791192.0,3186335744.0
ARWR,2025-12-08 21:51:26,0.912908496732026,68.6,11.653646,1.825408120390848,2330011.0,9484468224.0
AVGO,2025-12-08 21:51:26,0.7779411764705882,401.1,2.782907,1.277067311321584,23208696.0,1894140608512.0
BAH,2025-12-08 21:51:26,0.8537581699346405,91.34,3.78365,2.164583128630873,2127071.0,11257534464.0
BELFA,2025-12-08 21:51:26,0.8034313725490196,149.72,3.1484723,1.38,16900.0,2095341568.0
BELFB,2025-12-08 21:51:26,0.7338235294117647,172.21,3.7409678,0.8616967705172208,150922.0,2180275712.0
CELH,2025-12-08 21:51:26,0.7573529411764706,44.3,5.3257203,1.018693278736324,6293385.0,11419888640.0
CFLT,2025-12-08 21:51:26,0.928921568627451,29.87,29.083845,19.67734153383185,7300044.0,10449201152.0
CIEN,2025-12-08 21:51:26,0.857516339869281,212.93,5.56243,1.190145179178244,2872726.0,30101319680.0
CNK,2025-12-08 21:51:26,0.828921568627451,23.5,7.0615,1.7083065493952423,3651131.0,2760683776.0
COGT,2025-12-08 21:51:26,0.7950980392156861,40.3,3.9463472,1.549146281002708,3088077.0,6186274304.0
CRH,2025-12-08 21:51:26,0.9308823529411764,126.54,5.90008,5.532268326343458,3912087.0,84717715456.0
CVNA,2025-12-08 21:51:26,0.9723856209150328,447.98,12.0594,4.439102966895601,3143117.0,97123606528.0
CWST,2025-12-08 21:51:26,0.9124183006535947,99.22,4.916994,4.431960267953814,572636.0,6299806720.0
DBRG,2025-12-08 21:51:26,0.8073529411764706,15.0,6.2323,2.9026555982423003,4152473.0,2924478464.0
DUOL,2025-12-08 21:51:26,0.8506535947712418,207.92,4.0901117,1.357284648559527,1917807.0,9611591680.0
DYN,2025-12-08 21:51:26,0.8813725490196078,22.2,9.467456,3.036592072921129,2631007.0,3170708224.0
FLEX,2025-12-08 21:51:26,0.913888888888889,67.54,8.219838,3.079675991691387,4203349.0,25257023488.0
GPCR,2025-12-08 21:51:26,0.9867647058823528,69.98,102.48842,18.389558523024284,1052150.0,4246221568.0
GTLB,2025-12-08 21:51:26,0.8081699346405228,39.07,4.6050906,1.503519104380041,4686988.0,6579387904.0
HE,2025-12-08 21:51:26,0.828267973856209,11.9,5.77777,6.500298805740016,1765361.0,2054183680.0
IMAX,2025-12-08 21:51:26,0.8333333333333333,38.5,7.81294,1.1842453298065796,1270290.0,2071259008.0
INDV,2025-12-08 21:51:26,0.8366013071895425,36.6,4.214122,3.939019489163605,2055296.0,4575894016.0
INSP,2025-12-08 21:51:26,0.8968954248366013,143.99,5.24816,1.831156024874831,1270682.0,4258405888.0
KYMR,2025-12-08 21:51:26,0.987908496732026,94.3,41.549084,9.901076523306994,754280.0,6784793088.0
NCNO,2025-12-08 21:51:26,0.7964052287581698,24.58,5.087647,1.4642960261154454,2036496.0,2846725888.0
NRIX,2025-12-08 21:51:26,0.917156862745098,21.47,18.684351,3.9452532199680657,1536273.0,2176397312.0
NTSK,2025-12-08 21:51:26,0.7663398692810458,22.28,7.477092,1.064090378822936,2887048.0,8512590848.0
NXST,2025-12-08 21:51:26,0.8565359477124183,195.91,3.6506052,1.578210620055772,307682.0,5941204480.0
OCUL,2025-12-08 21:51:26,0.9132352941176468,16.11,28.06042,5.934463452445519,2837577.0,3432194816.0
OMCL,2025-12-08 21:51:26,0.9073529411764704,43.55,7.544142,2.6773307855705104,431228.0,2000436608.0
PRAX,2025-12-08 21:51:26,0.9259803921568628,270.98,9.270536,1.5458994205049026,997420.0,6776443904.0
PRIM,2025-12-08 21:51:26,0.938562091503268,134.47,7.01098,3.2062839222368296,816942.0,7265730560.0
PSKY,2025-12-08 21:51:26,0.8316993464052287,14.57,9.016087,4.210171721469003,8863947.0,16073144320.0
RBRK,2025-12-08 21:51:26,0.7877450980392158,89.1,3.2804,1.3832228238733515,3869352.0,17593569280.0
SATS,2025-12-08 21:51:26,0.911437908496732,88.26,7.6341486,2.511485524055641,4172992.0,25407965184.0
SIG,2025-12-08 21:51:26,0.8612745098039215,87.31,5.19277,1.4351700815595785,804320.0,3592826880.0
SYRE,2025-12-08 21:51:26,0.7620915032679738,34.63,3.527654,1.2916505810780228,901428.0,2687015424.0
TDC,2025-12-08 21:51:26,0.8151960784313724,31.39,5.12391,1.387196447062798,1497803.0,2966354944.0
TERN,2025-12-08 21:51:26,0.9522875816993464,40.23,37.023155,4.648810470695096,2904258.0,3623909632.0
THO,2025-12-08 21:51:26,0.7578431372549019,103.98,3.11385,1.146842841588911,683336.0,5494164480.0
U,2025-12-08 21:51:26,0.815032679738562,49.04,7.12102,1.2674986934730654,9894553.0,20984846336.0
VRNS,2025-12-08 21:51:26,0.7513071895424837,31.53,4.403973,1.1367816932696162,2214792.0,3717302272.0
VSCO,2025-12-08 21:51:26,0.7921568627450981,50.65,3.26198,1.9226994888778175,2492946.0,4060331520.0
WBD,2025-12-08 21:51:26,0.7617647058823529,27.23,4.4095078,3.194399801908268,51818417.0,67475247104.0
WRBY,2025-12-08 21:51:26,0.9044117647058822,21.26,13.2658,4.427902268849787,2356260.0,2597223936.0
WVE,2025-12-08 21:51:26,0.957516339869281,18.52,147.26303,55.68120692403773,2584388.0,3096206848.0
ACLX,2025-12-08 21:51:27,0.9284313725490196,74.08,6.497994,5.5222518933092175,703266.0,4283518464.0
ALAB,2025-12-08 21:51:27,0.8748366013071895,175.74,8.999572,1.2194135473158048,6452865.0,29683122176.0
AMBA,2025-12-08 21:51:27,0.7955882352941176,76.69,3.495282,1.2866697274825627,794995.0,3273820160.0
APPN,2025-12-08 21:51:27,0.8462418300653595,43.04,5.0781293,1.5772631674738875,791192.0,3186335744.0
ARWR,2025-12-08 21:51:27,0.912908496732026,68.6,11.653646,1.825408120390848,2330011.0,9484468224.0
AVGO,2025-12-08 21:51:27,0.7779411764705882,401.1,2.782907,1.277067311321584,23208696.0,1894140608512.0
BAH,2025-12-08 21:51:27,0.8537581699346405,91.34,3.78365,2.164583128630873,2127071.0,11257534464.0
BELFA,2025-12-08 21:51:27,0.8034313725490196,149.72,3.1484723,1.38,16900.0,2095341568.0
BELFB,2025-12-08 21:51:27,0.7338235294117647,172.21,3.7409678,0.8616967705172208,150922.0,2180275712.0
CELH,2025-12-08 21:51:27,0.7573529411764706,44.3,5.3257203,1.018693278736324,6293385.0,11419888640.0
CFLT,2025-12-08 21:51:27,0.928921568627451,29.87,29.083845,19.67734153383185,7300044.0,10449201152.0
CIEN,2025-12-08 21:51:27,0.857516339869281,212.93,5.56243,1.190145179178244,2872726.0,30101319680.0
CNK,2025-12-08 21:51:27,0.828921568627451,23.5,7.0615,1.7083065493952423,3651131.0,2760683776.0
COGT,2025-12-08 21:51:27,0.7950980392156861,40.3,3.9463472,1.549146281002708,3088077.0,6186274304.0
CRH,2025-12-08 21:51:27,0.9308823529411764,126.54,5.90008,5.532268326343458,3912087.0,84717715456.0
CVNA,2025-12-08 21:51:27,0.9723856209150328,447.98,12.0594,4.439102966895601,3143117.0,97123606528.0
CWST,2025-12-08 21:51:27,0.9124183006535947,99.22,4.916994,4.431960267953814,572636.0,6299806720.0
DBRG,2025-12-08 21:51:27,0.8073529411764706,15.0,6.2323,2.9026555982423003,4152473.0,2924478464.0
DUOL,2025-12-08 21:51:27,0.8506535947712418,207.92,4.0901117,1.357284648559527,1917807.0,9611591680.0
DYN,2025-12-08 21:51:27,0.8813725490196078,22.2,9.467456,3.036592072921129,2631007.0,3170708224.0
FLEX,2025-12-08 21:51:27,0.913888888888889,67.54,8.219838,3.079675991691387,4203349.0,25257023488.0
GPCR,2025-12-08 21:51:27,0.9867647058823528,69.98,102.48842,18.389558523024284,1052150.0,4246221568.0
GTLB,2025-12-08 21:51:27,0.8081699346405228,39.07,4.6050906,1.503519104380041,4686988.0,6579387904.0
HE,2025-12-08 21:51:27,0.828267973856209,11.9,5.77777,6.500298805740016,1765361.0,2054183680.0
IMAX,2025-12-08 21:51:27,0.8333333333333333,38.5,7.81294,1.1842453298065796,1270290.0,2071259008.0
INDV,2025-12-08 21:51:27,0.8366013071895425,36.6,4.214122,3.939019489163605,2055296.0,4575894016.0
INSP,2025-12-08 21:51:27,0.8968954248366013,143.99,5.24816,1.831156024874831,1270682.0,4258405888.0
KYMR,2025-12-08 21:51:27,0.987908496732026,94.3,41.549084,9.901076523306994,754280.0,6784793088.0
NCNO,2025-12-08 21:51:27,0.7964052287581698,24.58,5.087647,1.4642960261154454,2036496.0,2846725888.0
NRIX,2025-12-08 21:51:27,0.917156862745098,21.47,18.684351,3.9452532199680657,1536273.0,2176397312.0
NTSK,2025-12-08 21:51:27,0.7663398692810458,22.28,7.477092,1.064090378822936,2887048.0,8512590848.0
NXST,2025-12-08 21:51:27,0.8565359477124183,195.91,3.6506052,1.578210620055772,307682.0,5941204480.0
OCUL,2025-12-08 21:51:27,0.9132352941176468,16.11,28.06042,5.934463452445519,2837577.0,3432194816.0
OMCL,2025-12-08 21:51:27,0.9073529411764704,43.55,7.544142,2.6773307855705104,431228.0,2000436608.0
PRAX,2025-12-08 21:51:27,0.9259803921568628,270.98,9.270536,1.5458994205049026,997420.0,6776443904.0
PRIM,2025-12-08 21:51:27,0.938562091503268,134.47,7.01098,3.2062839222368296,816942.0,7265730560.0
PSKY,2025-12-08 21:51:27,0.8316993464052287,14.57,9.016087,4.210171721469003,8863947.0,16073144320.0
RBRK,2025-12-08 21:51:27,0.7877450980392158,89.1,3.2804,1.3832228238733515,3869352.0,17593569280.0
SATS,2025-12-08 21:51:27,0.911437908496732,88.26,7.6341486,2.511485524055641,4172992.0,25407965184.0
SIG,2025-12-08 21:51:27,0.8612745098039215,87.31,5.19277,1.4351700815595785,804320.0,3592826880.0
SYRE,2025-12-08 21:51:27,0.7620915032679738,34.63,3.527654,1.2916505810780228,901428.0,2687015424.0
TDC,2025-12-08 21:51:27,0.8151960784313724,31.39,5.12391,1.387196447062798,1497803.0,2966354944.0
TERN,2025-12-08 21:51:27,0.9522875816993464,40.23,37.023155,4.648810470695096,2904258.0,3623909632.0
THO,2025-12-08 21:51:27,0.7578431372549019,103.98,3.11385,1.146842841588911,683336.0,5494164480.0
U,2025-12-08 21:51:27,0.815032679738562,49.04,7.12102,1.2674986934730654,9894553.0,20984846336.0
VRNS,2025-12-08 21:51:27,0.7513071895424837,31.53,4.403973,1.1367816932696162,2214792.0,3717302272.0
VSCO,2025-12-08 21:51:27,0.7921568627450981,50.65,3.26198,1.9226994888778175,2492946.0,4060331520.0
WBD,2025-12-08 21:51:27,0.7617647058823529,27.23,4.4095078,3.194399801908268,51818417.0,67475247104.0
WRBY,2025-12-08 21:51:27,0.9044117647058822,21.26,13.2658,4.427902268849787,2356260.0,2597223936.0
WVE,2025-12-08 21:51:27,0.957516339869281,18.52,147.26303,55.68120692403773,2584388.0,3096206848.0
ACLX,2025-12-08 22:19:37,0.9286644951140064,74.08,6.497994,5.5222518933092175,703266.0,4283518464.0
ALAB,2025-12-08 22:19:37,0.8695439739413681,175.74,8.999572,1.2194135473158048,6452865.0,29683122176.0
AMBA,2025-12-08 22:19:37,0.7928338762214983,76.69,3.495282,1.3027226586330731,794995.0,3273820160.0
APPN,2025-12-08 22:19:37,0.8456026058631922,43.04,5.0781293,1.5772631674738875,791192.0,3186335744.0
ARWR,2025-12-08 22:19:37,0.9234527687296415,68.6,11.653646,2.1103561313659034,2330011.0,9484468224.0
AVGO,2025-12-08 22:19:37,0.7760586319218241,401.1,2.782907,1.3045603682343894,23208696.0,1894140608512.0
BAH,2025-12-08 22:19:37,0.8542345276872965,91.34,3.78365,2.164583128630873,2127071.0,11257534464.0
BELFA,2025-12-08 22:19:37,0.8029315960912052,149.72,3.1484723,1.38,16900.0,2095341568.0
CFLT,2025-12-08 22:19:37,0.928827361563518,29.87,29.083845,19.67734153383185,7300044.0,10449201152.0
CIEN,2025-12-08 22:19:37,0.867100977198697,212.93,5.56243,1.2971738341909391,2872726.0,30101319680.0
CNK,2025-12-08 22:19:37,0.8281758957654722,23.5,7.0615,1.7083065493952423,3651131.0,2760683776.0
COGT,2025-12-08 22:19:37,0.79185667752443,40.3,3.9463472,1.549146281002708,3088077.0,6186274304.0
CRH,2025-12-08 22:19:37,0.9311074918566776,126.54,5.90008,5.532268326343458,3912087.0,84717715456.0
CVNA,2025-12-08 22:19:37,0.9713355048859932,447.98,12.0594,4.439102966895601,3143117.0,97123606528.0
CWST,2025-12-08 22:19:37,0.9115635179153094,99.22,4.916994,4.431960267953814,572636.0,6299806720.0
DBRG,2025-12-08 22:19:37,0.8089576547231271,15.0,6.2323,3.098189199544464,4152473.0,2924478464.0
DUOL,2025-12-08 22:19:37,0.8477198697068403,207.92,4.0901117,1.357284648559527,1917807.0,9611591680.0
DYN,2025-12-08 22:19:37,0.8806188925081433,22.2,9.467456,3.036592072921129,2631007.0,3170708224.0
FLEX,2025-12-08 22:19:37,0.9127035830618891,67.54,8.219838,3.079675991691387,4203349.0,25257023488.0
GPCR,2025-12-08 22:19:37,0.9868078175895764,69.98,102.48842,18.389558523024284,1052150.0,4246221568.0
GTLB,2025-12-08 22:19:37,0.8065146579804561,39.07,4.6050906,1.5039878489127771,4686988.0,6579387904.0
HE,2025-12-08 22:19:37,0.8281758957654721,11.9,5.77777,7.529180150688726,1765361.0,2054183680.0
HII,2025-12-08 22:19:37,0.7768729641693811,315.88,3.71003,0.985339350655041,456460.0,12395583488.0
IMAX,2025-12-08 22:19:37,0.8578175895765472,38.5,7.81294,1.371248297632824,1270290.0,2071259008.0
INDV,2025-12-08 22:19:37,0.8355048859934853,36.6,4.214122,3.939019489163605,2055296.0,4575894016.0
INSP,2025-12-08 22:19:37,0.8949511400651466,143.99,5.24816,1.831156024874831,1270682.0,4258405888.0
KYMR,2025-12-08 22:19:37,0.9879478827361564,94.3,41.549084,9.901076523306994,754280.0,6784793088.0
NCNO,2025-12-08 22:19:37,0.7931596091205212,24.58,5.087647,1.4642960261154454,2036496.0,2846725888.0
NRIX,2025-12-08 22:19:37,0.917100977198697,21.47,18.684351,3.945698453334791,1536273.0,2176397312.0
NTSK,2025-12-08 22:19:37,0.7600977198697068,22.28,7.477092,1.064090378822936,2887048.0,8512590848.0
NXST,2025-12-08 22:19:37,0.8558631921824105,195.91,3.6506052,1.578210620055772,307682.0,5941204480.0
OCUL,2025-12-08 22:19:37,0.9131921824104232,16.11,28.06042,5.934463452445519,2837577.0,3432194816.0
OMCL,2025-12-08 22:19:37,0.9076547231270358,43.55,7.544142,2.6773307855705104,431228.0,2000436608.0
PAC,2025-12-08 22:19:37,0.7679153094462541,237.37,4.48543,0.8887194947213976,87239.0,12014530560.0
PRAX,2025-12-08 22:19:37,0.923941368078176,270.98,9.270536,1.5458994205049026,997420.0,6776443904.0
PRIM,2025-12-08 22:19:37,0.9387622149837132,134.47,7.01098,3.206594837822024,816942.0,7265730560.0
PSKY,2025-12-08 22:19:37,0.8340390879478827,14.57,9.016087,4.452997857500727,8863947.0,16073144320.0
RBRK,2025-12-08 22:19:37,0.7872964169381107,89.1,3.2804,1.3832228238733515,3869352.0,17593569280.0
SATS,2025-12-08 22:19:37,0.911400651465798,88.26,7.6341486,2.511485524055641,4172992.0,25407965184.0
SIG,2025-12-08 22:19:37,0.860586319218241,87.31,5.19277,1.4351700815595785,804320.0,3592826880.0
SYRE,2025-12-08 22:19:37,0.752442996742671,34.63,3.527654,1.2916505810780228,901428.0,2687015424.0
TAP,2025-12-08 22:19:37,0.7718241042345277,46.62,3.30157,1.5569577549944045,3109480.0,9219375104.0
TDC,2025-12-08 22:19:37,0.813029315960912,31.39,5.12391,1.387196447062798,1497803.0,2966354944.0
TERN,2025-12-08 22:19:37,0.952117263843648,40.23,37.023155,4.653848934908676,2904258.0,3623909632.0
THO,2025-12-08 22:19:37,0.7552117263843647,103.98,3.11385,1.146842841588911,683336.0,5494164480.0
U,2025-12-08 22:19:37,0.8061889250814332,49.04,7.12102,1.2674986934730654,9894553.0,20984846336.0
VSCO,2025-12-08 22:19:37,0.7952768729641694,50.65,3.26198,2.069273863132214,2492946.0,4060331520.0
WBD,2025-12-08 22:19:37,0.7609120521172638,27.23,4.4095078,3.194399801908268,51818417.0,67475247104.0
WRBY,2025-12-08 22:19:37,0.9035830618892507,21.26,13.2658,4.427902268849787,2356260.0,2597223936.0
WVE,2025-12-08 22:19:37,0.9576547231270358,18.52,147.26303,55.68120692403773,2584388.0,3096206848.0
ACLX,2025-12-08 22:19:38,0.9286644951140064,74.08,6.497994,5.5222518933092175,703266.0,4283518464.0
ALAB,2025-12-08 22:19:38,0.8695439739413681,175.74,8.999572,1.2194135473158048,6452865.0,29683122176.0
AMBA,2025-12-08 22:19:38,0.7928338762214983,76.69,3.495282,1.3027226586330731,794995.0,3273820160.0
APPN,2025-12-08 22:19:38,0.8456026058631922,43.04,5.0781293,1.5772631674738875,791192.0,3186335744.0
ARWR,2025-12-08 22:19:38,0.9234527687296415,68.6,11.653646,2.1103561313659034,2330011.0,9484468224.0
AVGO,2025-12-08 22:19:38,0.7760586319218241,401.1,2.782907,1.3045603682343894,23208696.0,1894140608512.0
BAH,2025-12-08 22:19:38,0.8542345276872965,91.34,3.78365,2.164583128630873,2127071.0,11257534464.0
BELFA,2025-12-08 22:19:38,0.8029315960912052,149.72,3.1484723,1.38,16900.0,2095341568.0
CFLT,2025-12-08 22:19:38,0.928827361563518,29.87,29.083845,19.67734153383185,7300044.0,10449201152.0
CIEN,2025-12-08 22:19:38,0.867100977198697,212.93,5.56243,1.2971738341909391,2872726.0,30101319680.0
CNK,2025-12-08 22:19:38,0.8281758957654722,23.5,7.0615,1.7083065493952423,3651131.0,2760683776.0
COGT,2025-12-08 22:19:38,0.79185667752443,40.3,3.9463472,1.549146281002708,3088077.0,6186274304.0
CRH,2025-12-08 22:19:38,0.9311074918566776,126.54,5.90008,5.532268326343458,3912087.0,84717715456.0
CVNA,2025-12-08 22:19:38,0.9713355048859932,447.98,12.0594,4.439102966895601,3143117.0,97123606528.0
CWST,2025-12-08 22:19:38,0.9115635179153094,99.22,4.916994,4.431960267953814,572636.0,6299806720.0
DBRG,2025-12-08 22:19:38,0.8089576547231271,15.0,6.2323,3.098189199544464,4152473.0,2924478464.0
DUOL,2025-12-08 22:19:38,0.8477198697068403,207.92,4.0901117,1.357284648559527,1917807.0,9611591680.0
DYN,2025-12-08 22:19:38,0.8806188925081433,22.2,9.467456,3.036592072921129,2631007.0,3170708224.0
FLEX,2025-12-08 22:19:38,0.9127035830618891,67.54,8.219838,3.079675991691387,4203349.0,25257023488.0
GPCR,2025-12-08 22:19:38,0.9868078175895764,69.98,102.48842,18.389558523024284,1052150.0,4246221568.0
GTLB,2025-12-08 22:19:38,0.8065146579804561,39.07,4.6050906,1.5039878489127771,4686988.0,6579387904.0
HE,2025-12-08 22:19:38,0.8281758957654721,11.9,5.77777,7.529180150688726,1765361.0,2054183680.0
HII,2025-12-08 22:19:38,0.7768729641693811,315.88,3.71003,0.985339350655041,456460.0,12395583488.0
IMAX,2025-12-08 22:19:38,0.8578175895765472,38.5,7.81294,1.371248297632824,1270290.0,2071259008.0
INDV,2025-12-08 22:19:38,0.8355048859934853,36.6,4.214122,3.939019489163605,2055296.0,4575894016.0
INSP,2025-12-08 22:19:38,0.8949511400651466,143.99,5.24816,1.831156024874831,1270682.0,4258405888.0
KYMR,2025-12-08 22:19:38,0.9879478827361564,94.3,41.549084,9.901076523306994,754280.0,6784793088.0
NCNO,2025-12-08 22:19:38,0.7931596091205212,24.58,5.087647,1.4642960261154454,2036496.0,2846725888.0
NRIX,2025-12-08 22:19:38,0.917100977198697,21.47,18.684351,3.945698453334791,1536273.0,2176397312.0
NTSK,2025-12-08 22:19:38,0.7600977198697068,22.28,7.477092,1.064090378822936,2887048.0,8512590848.0
NXST,2025-12-08 22:19:38,0.8558631921824105,195.91,3.6506052,1.578210620055772,307682.0,5941204480.0
OCUL,2025-12-08 22:19:38,0.9131921824104232,16.11,28.06042,5.934463452445519,2837577.0,3432194816.0
OMCL,2025-12-08 22:19:38,0.9076547231270358,43.55,7.544142,2.6773307855705104,431228.0,2000436608.0
PAC,2025-12-08 22:19:38,0.7679153094462541,237.37,4.48543,0.8887194947213976,87239.0,12014530560.0
PRAX,2025-12-08 22:19:38,0.923941368078176,270.98,9.270536,1.5458994205049026,997420.0,6776443904.0
PRIM,2025-12-08 22:19:38,0.9387622149837132,134.47,7.01098,3.206594837822024,816942.0,7265730560.0
PSKY,2025-12-08 22:19:38,0.8340390879478827,14.57,9.016087,4.452997857500727,8863947.0,16073144320.0
RBRK,2025-12-08 22:19:38,0.7872964169381107,89.1,3.2804,1.3832228238733515,3869352.0,17593569280.0
SATS,2025-12-08 22:19:38,0.911400651465798,88.26,7.6341486,2.511485524055641,4172992.0,25407965184.0
SIG,2025-12-08 22:19:38,0.860586319218241,87.31,5.19277,1.4351700815595785,804320.0,3592826880.0
SYRE,2025-12-08 22:19:38,0.752442996742671,34.63,3.527654,1.2916505810780228,901428.0,2687015424.0
TAP,2025-12-08 22:19:38,0.7718241042345277,46.62,3.30157,1.5569577549944045,3109480.0,9219375104.0
TDC,2025-12-08 22:19:38,0.813029315960912,31.39,5.12391,1.387196447062798,1497803.0,2966354944.0
TERN,2025-12-08 22:19:38,0.952117263843648,40.23,37.023155,4.653848934908676,2904258.0,3623909632.0
THO,2025-12-08 22:19:38,0.7552117263843647,103.98,3.11385,1.146842841588911,683336.0,5494164480.0
U,2025-12-08 22:19:38,0.8061889250814332,49.04,7.12102,1.2674986934730654,9894553.0,20984846336.0
VSCO,2025-12-08 22:19:38,0.7952768729641694,50.65,3.26198,2.069273863132214,2492946.0,4060331520.0
WBD,2025-12-08 22:19:38,0.7609120521172638,27.23,4.4095078,3.194399801908268,51818417.0,67475247104.0
WRBY,2025-12-08 22:19:38,0.9035830618892507,21.26,13.2658,4.427902268849787,2356260.0,2597223936.0
WVE,2025-12-08 22:19:38,0.9576547231270358,18.52,147.26303,55.68120692403773,2584388.0,3096206848.0
ACLX,2025-12-08 22:43:36,0.9286644951140064,74.08,6.497994,5.5222518933092175,703266.0,4283518464.0
ALAB,2025-12-08 22:43:36,0.8695439739413681,175.74,8.999572,1.2194135473158048,6452865.0,29683122176.0
AMBA,2025-12-08 22:43:36,0.7928338762214983,76.69,3.495282,1.3027226586330731,794995.0,3273820160.0
APPN,2025-12-08 22:43:36,0.8456026058631922,43.04,5.0781293,1.5772631674738875,791192.0,3186335744.0
ARWR,2025-12-08 22:43:36,0.9234527687296415,68.6,11.653646,2.1103561313659034,2330011.0,9484468224.0
AVGO,2025-12-08 22:43:36,0.7760586319218241,401.1,2.782907,1.3045603682343894,23208696.0,1894140608512.0
BAH,2025-12-08 22:43:36,0.8542345276872965,91.34,3.78365,2.164583128630873,2127071.0,11257534464.0
BELFA,2025-12-08 22:43:36,0.8029315960912052,149.72,3.1484723,1.38,16900.0,2095341568.0
CFLT,2025-12-08 22:43:36,0.928827361563518,29.87,29.083845,19.67734153383185,7300044.0,10449201152.0
CIEN,2025-12-08 22:43:36,0.867100977198697,212.93,5.56243,1.2971738341909391,2872726.0,30101319680.0
CNK,2025-12-08 22:43:36,0.8281758957654722,23.5,7.0615,1.7083065493952423,3651131.0,2760683776.0
COGT,2025-12-08 22:43:36,0.79185667752443,40.3,3.9463472,1.549146281002708,3088077.0,6186274304.0
CRH,2025-12-08 22:43:36,0.9311074918566776,126.54,5.90008,5.532268326343458,3912087.0,84717715456.0
CVNA,2025-12-08 22:43:36,0.9713355048859932,447.98,12.0594,4.439102966895601,3143117.0,97123606528.0
CWST,2025-12-08 22:43:36,0.9115635179153094,99.22,4.916994,4.431960267953814,572636.0,6299806720.0
DBRG,2025-12-08 22:43:36,0.8089576547231271,15.0,6.2323,3.098189199544464,4152473.0,2924478464.0
DUOL,2025-12-08 22:43:36,0.8477198697068403,207.92,4.0901117,1.357284648559527,1917807.0,9611591680.0
DYN,2025-12-08 22:43:36,0.8806188925081433,22.2,9.467456,3.036592072921129,2631007.0,3170708224.0
FLEX,2025-12-08 22:43:36,0.9127035830618891,67.54,8.219838,3.079675991691387,4203349.0,25257023488.0
GPCR,2025-12-08 22:43:36,0.9868078175895764,69.98,102.48842,18.389558523024284,1052150.0,4246221568.0
GTLB,2025-12-08 22:43:36,0.8065146579804561,39.07,4.6050906,1.5039878489127771,4686988.0,6579387904.0
HE,2025-12-08 22:43:36,0.8281758957654721,11.9,5.77777,7.529180150688726,1765361.0,2054183680.0
HII,2025-12-08 22:43:36,0.7768729641693811,315.88,3.71003,0.985339350655041,456460.0,12395583488.0
IMAX,2025-12-08 22:43:36,0.8578175895765472,38.5,7.81294,1.371248297632824,1270290.0,2071259008.0
INDV,2025-12-08 22:43:36,0.8355048859934853,36.6,4.214122,3.939019489163605,2055296.0,4575894016.0
INSP,2025-12-08 22:43:36,0.8949511400651466,143.99,5.24816,1.831156024874831,1270682.0,4258405888.0
KYMR,2025-12-08 22:43:36,0.9879478827361564,94.3,41.549084,9.901076523306994,754280.0,6784793088.0
NCNO,2025-12-08 22:43:36,0.7931596091205212,24.58,5.087647,1.4642960261154454,2036496.0,2846725888.0
NRIX,2025-12-08 22:43:36,0.917100977198697,21.47,18.684351,3.945698453334791,1536273.0,2176397312.0
NTSK,2025-12-08 22:43:36,0.7600977198697068,22.28,7.477092,1.064090378822936,2887048.0,8512590848.0
NXST,2025-12-08 22:43:36,0.8558631921824105,195.91,3.6506052,1.578210620055772,307682.0,5941204480.0
OCUL,2025-12-08 22:43:36,0.9131921824104232,16.11,28.06042,5.934463452445519,2837577.0,3432194816.0
OMCL,2025-12-08 22:43:36,0.9076547231270358,43.55,7.544142,2.6773307855705104,431228.0,2000436608.0
PAC,2025-12-08 22:43:36,0.7679153094462541,237.37,4.48543,0.8887194947213976,87239.0,12014530560.0
PRAX,2025-12-08 22:43:36,0.923941368078176,270.98,9.270536,1.5458994205049026,997420.0,6776443904.0
PRIM,2025-12-08 22:43:36,0.9387622149837132,134.47,7.01098,3.206594837822024,816942.0,7265730560.0
PSKY,2025-12-08 22:43:36,0.8340390879478827,14.57,9.016087,4.452997857500727,8863947.0,16073144320.0
RBRK,2025-12-08 22:43:36,0.7872964169381107,89.1,3.2804,1.3832228238733515,3869352.0,17593569280.0
SATS,2025-12-08 22:43:36,0.911400651465798,88.26,7.6341486,2.511485524055641,4172992.0,25407965184.0
SIG,2025-12-08 22:43:36,0.860586319218241,87.31,5.19277,1.4351700815595785,804320.0,3592826880.0
SYRE,2025-12-08 22:43:36,0.752442996742671,34.63,3.527654,1.2916505810780228,901428.0,2687015424.0
TAP,2025-12-08 22:43:36,0.7718241042345277,46.62,3.30157,1.5569577549944045,3109480.0,9219375104.0
TDC,2025-12-08 22:43:36,0.813029315960912,31.39,5.12391,1.387196447062798,1497803.0,2966354944.0
TERN,2025-12-08 22:43:36,0.952117263843648,40.23,37.023155,4.653848934908676,2904258.0,3623909632.0
THO,2025-12-08 22:43:36,0.7552117263843647,103.98,3.11385,1.146842841588911,683336.0,5494164480.0
U,2025-12-08 22:43:36,0.8061889250814332,49.04,7.12102,1.2674986934730654,9894553.0,20984846336.0
VSCO,2025-12-08 22:43:36,0.7952768729641694,50.65,3.26198,2.069273863132214,2492946.0,4060331520.0
WBD,2025-12-08 22:43:36,0.7609120521172638,27.23,4.4095078,3.194399801908268,51818417.0,67475247104.0
WRBY,2025-12-08 22:43:36,0.9035830618892507,21.26,13.2658,4.427902268849787,2356260.0,2597223936.0
WVE,2025-12-08 22:43:36,0.9576547231270358,18.52,147.26303,55.68120692403773,2584388.0,3096206848.0
ACLX,2025-12-08 22:43:37,0.9286644951140064,74.08,6.497994,5.5222518933092175,703266.0,4283518464.0
ALAB,2025-12-08 22:43:37,0.8695439739413681,175.74,8.999572,1.2194135473158048,6452865.0,29683122176.0
AMBA,2025-12-08 22:43:37,0.7928338762214983,76.69,3.495282,1.3027226586330731,794995.0,3273820160.0
APPN,2025-12-08 22:43:37,0.8456026058631922,43.04,5.0781293,1.5772631674738875,791192.0,3186335744.0
ARWR,2025-12-08 22:43:37,0.9234527687296415,68.6,11.653646,2.1103561313659034,2330011.0,9484468224.0
AVGO,2025-12-08 22:43:37,0.7760586319218241,401.1,2.782907,1.3045603682343894,23208696.0,1894140608512.0
BAH,2025-12-08 22:43:37,0.8542345276872965,91.34,3.78365,2.164583128630873,2127071.0,11257534464.0
BELFA,2025-12-08 22:43:37,0.8029315960912052,149.72,3.1484723,1.38,16900.0,2095341568.0
CFLT,2025-12-08 22:43:37,0.928827361563518,29.87,29.083845,19.67734153383185,7300044.0,10449201152.0
CIEN,2025-12-08 22:43:37,0.867100977198697,212.93,5.56243,1.2971738341909391,2872726.0,30101319680.0
CNK,2025-12-08 22:43:37,0.8281758957654722,23.5,7.0615,1.7083065493952423,3651131.0,2760683776.0
COGT,2025-12-08 22:43:37,0.79185667752443,40.3,3.9463472,1.549146281002708,3088077.0,6186274304.0
CRH,2025-12-08 22:43:37,0.9311074918566776,126.54,5.90008,5.532268326343458,3912087.0,84717715456.0
CVNA,2025-12-08 22:43:37,0.9713355048859932,447.98,12.0594,4.439102966895601,3143117.0,97123606528.0
CWST,2025-12-08 22:43:37,0.9115635179153094,99.22,4.916994,4.431960267953814,572636.0,6299806720.0
DBRG,2025-12-08 22:43:37,0.8089576547231271,15.0,6.2323,3.098189199544464,4152473.0,2924478464.0
DUOL,2025-12-08 22:43:37,0.8477198697068403,207.92,4.0901117,1.357284648559527,1917807.0,9611591680.0
DYN,2025-12-08 22:43:37,0.8806188925081433,22.2,9.467456,3.036592072921129,2631007.0,3170708224.0
FLEX,2025-12-08 22:43:37,0.9127035830618891,67.54,8.219838,3.079675991691387,4203349.0,25257023488.0
GPCR,2025-12-08 22:43:37,0.9868078175895764,69.98,102.48842,18.389558523024284,1052150.0,4246221568.0
GTLB,2025-12-08 22:43:37,0.8065146579804561,39.07,4.6050906,1.5039878489127771,4686988.0,6579387904.0
HE,2025-12-08 22:43:37,0.8281758957654721,11.9,5.77777,7.529180150688726,1765361.0,2054183680.0
HII,2025-12-08 22:43:37,0.7768729641693811,315.88,3.71003,0.985339350655041,456460.0,12395583488.0
IMAX,2025-12-08 22:43:37,0.8578175895765472,38.5,7.81294,1.371248297632824,1270290.0,2071259008.0
INDV,2025-12-08 22:43:37,0.8355048859934853,36.6,4.214122,3.939019489163605,2055296.0,4575894016.0
INSP,2025-12-08 22:43:37,0.8949511400651466,143.99,5.24816,1.831156024874831,1270682.0,4258405888.0
KYMR,2025-12-08 22:43:37,0.9879478827361564,94.3,41.549084,9.901076523306994,754280.0,6784793088.0
NCNO,2025-12-08 22:43:37,0.7931596091205212,24.58,5.087647,1.4642960261154454,2036496.0,2846725888.0
NRIX,2025-12-08 22:43:37,0.917100977198697,21.47,18.684351,3.945698453334791,1536273.0,2176397312.0
NTSK,2025-12-08 22:43:37,0.7600977198697068,22.28,7.477092,1.064090378822936,2887048.0,8512590848.0
NXST,2025-12-08 22:43:37,0.8558631921824105,195.91,3.6506052,1.578210620055772,307682.0,5941204480.0
OCUL,2025-12-08 22:43:37,0.9131921824104232,16.11,28.06042,5.934463452445519,2837577.0,3432194816.0
OMCL,2025-12-08 22:43:37,0.9076547231270358,43.55,7.544142,2.6773307855705104,431228.0,2000436608.0
PAC,2025-12-08 22:43:37,0.7679153094462541,237.37,4.48543,0.8887194947213976,87239.0,12014530560.0
PRAX,2025-12-08 22:43:37,0.923941368078176,270.98,9.270536,1.5458994205049026,997420.0,6776443904.0
PRIM,2025-12-08 22:43:37,0.9387622149837132,134.47,7.01098,3.206594837822024,816942.0,7265730560.0
PSKY,2025-12-08 22:43:37,0.8340390879478827,14.57,9.016087,4.452997857500727,8863947.0,16073144320.0
RBRK,2025-12-08 22:43:37,0.7872964169381107,89.1,3.2804,1.3832228238733515,3869352.0,17593569280.0
SATS,2025-12-08 22:43:37,0.911400651465798,88.26,7.6341486,2.511485524055641,4172992.0,25407965184.0
SIG,2025-12-08 22:43:37,0.860586319218241,87.31,5.19277,1.4351700815595785,804320.0,3592826880.0
SYRE,2025-12-08 22:43:37,0.752442996742671,34.63,3.527654,1.2916505810780228,901428.0,2687015424.0
TAP,2025-12-08 22:43:37,0.7718241042345277,46.62,3.30157,1.5569577549944045,3109480.0,9219375104.0
TDC,2025-12-08 22:43:37,0.813029315960912,31.39,5.12391,1.387196447062798,1497803.0,2966354944.0
TERN,2025-12-08 22:43:37,0.952117263843648,40.23,37.023155,4.653848934908676,2904258.0,3623909632.0
THO,2025-12-08 22:43:37,0.7552117263843647,103.98,3.11385,1.146842841588911,683336.0,5494164480.0
U,2025-12-08 22:43:37,0.8061889250814332,49.04,7.12102,1.2674986934730654,9894553.0,20984846336.0
VSCO,2025-12-08 22:43:37,0.7952768729641694,50.65,3.26198,2.069273863132214,2492946.0,4060331520.0
WBD,2025-12-08 22:43:37,0.7609120521172638,27.23,4.4095078,3.194399801908268,51818417.0,67475247104.0
WRBY,2025-12-08 22:43:37,0.9035830618892507,21.26,13.2658,4.427902268849787,2356260.0,2597223936.0
WVE,2025-12-08 22:43:37,0.9576547231270358,18.52,147.26303,55.68120692403773,2584388.0,3096206848.0
ACLX,2025-12-08 22:53:54,0.9286644951140064,74.08,6.497994,5.5222518933092175,703266.0,4283518464.0
ALAB,2025-12-08 22:53:54,0.8695439739413681,175.74,8.999572,1.2194135473158048,6452865.0,29683122176.0
AMBA,2025-12-08 22:53:54,0.7928338762214983,76.69,3.495282,1.3027226586330731,794995.0,3273820160.0
APPN,2025-12-08 22:53:54,0.8456026058631922,43.04,5.0781293,1.5772631674738875,791192.0,3186335744.0
ARWR,2025-12-08 22:53:54,0.9234527687296415,68.6,11.653646,2.1103561313659034,2330011.0,9484468224.0
AVGO,2025-12-08 22:53:54,0.7760586319218241,401.1,2.782907,1.3045603682343894,23208696.0,1894140608512.0
BAH,2025-12-08 22:53:54,0.8542345276872965,91.34,3.78365,2.164583128630873,2127071.0,11257534464.0
BELFA,2025-12-08 22:53:54,0.8029315960912052,149.72,3.1484723,1.38,16900.0,2095341568.0
CFLT,2025-12-08 22:53:54,0.928827361563518,29.87,29.083845,19.67734153383185,7300044.0,10449201152.0
CIEN,2025-12-08 22:53:54,0.867100977198697,212.93,5.56243,1.2971738341909391,2872726.0,30101319680.0
CNK,2025-12-08 22:53:54,0.8281758957654722,23.5,7.0615,1.7083065493952423,3651131.0,2760683776.0
COGT,2025-12-08 22:53:54,0.79185667752443,40.3,3.9463472,1.549146281002708,3088077.0,6186274304.0
CRH,2025-12-08 22:53:54,0.9311074918566776,126.54,5.90008,5.532268326343458,3912087.0,84717715456.0
CVNA,2025-12-08 22:53:54,0.9713355048859932,447.98,12.0594,4.439102966895601,3143117.0,97123606528.0
CWST,2025-12-08 22:53:54,0.9115635179153094,99.22,4.916994,4.431960267953814,572636.0,6299806720.0
DBRG,2025-12-08 22:53:54,0.8089576547231271,15.0,6.2323,3.098189199544464,4152473.0,2924478464.0
DUOL,2025-12-08 22:53:54,0.8477198697068403,207.92,4.0901117,1.357284648559527,1917807.0,9611591680.0
DYN,2025-12-08 22:53:54,0.8806188925081433,22.2,9.467456,3.036592072921129,2631007.0,3170708224.0
FLEX,2025-12-08 22:53:54,0.9127035830618891,67.54,8.219838,3.079675991691387,4203349.0,25257023488.0
GPCR,2025-12-08 22:53:54,0.9868078175895764,69.98,102.48842,18.389558523024284,1052150.0,4246221568.0
GTLB,2025-12-08 22:53:54,0.8065146579804561,39.07,4.6050906,1.5039878489127771,4686988.0,6579387904.0
HE,2025-12-08 22:53:54,0.8281758957654721,11.9,5.77777,7.529180150688726,1765361.0,2054183680.0
HII,2025-12-08 22:53:54,0.7768729641693811,315.88,3.71003,0.985339350655041,456460.0,12395583488.0
IMAX,2025-12-08 22:53:54,0.8578175895765472,38.5,7.81294,1.371248297632824,1270290.0,2071259008.0
INDV,2025-12-08 22:53:54,0.8355048859934853,36.6,4.214122,3.939019489163605,2055296.0,4575894016.0
INSP,2025-12-08 22:53:54,0.8949511400651466,143.99,5.24816,1.831156024874831,1270682.0,4258405888.0
KYMR,2025-12-08 22:53:54,0.9879478827361564,94.3,41.549084,9.901076523306994,754280.0,6784793088.0
NCNO,2025-12-08 22:53:54,0.7931596091205212,24.58,5.087647,1.4642960261154454,2036496.0,2846725888.0
NRIX,2025-12-08 22:53:54,0.917100977198697,21.47,18.684351,3.945698453334791,1536273.0,2176397312.0
NTSK,2025-12-08 22:53:54,0.7600977198697068,22.28,7.477092,1.064090378822936,2887048.0,8512590848.0
NXST,2025-12-08 22:53:54,0.8558631921824105,195.91,3.6506052,1.578210620055772,307682.0,5941204480.0
OCUL,2025-12-08 22:53:54,0.9131921824104232,16.11,28.06042,5.934463452445519,2837577.0,3432194816.0
OMCL,2025-12-08 22:53:54,0.9076547231270358,43.55,7.544142,2.6773307855705104,431228.0,2000436608.0
PAC,2025-12-08 22:53:54,0.7679153094462541,237.37,4.48543,0.8887194947213976,87239.0,12014530560.0
PRAX,2025-12-08 22:53:54,0.923941368078176,270.98,9.270536,1.5458994205049026,997420.0,6776443904.0
PRIM,2025-12-08 22:53:54,0.9387622149837132,134.47,7.01098,3.206594837822024,816942.0,7265730560.0
PSKY,2025-12-08 22:53:54,0.8340390879478827,14.57,9.016087,4.452997857500727,8863947.0,16073144320.0
RBRK,2025-12-08 22:53:54,0.7872964169381107,89.1,3.2804,1.3832228238733515,3869352.0,17593569280.0
SATS,2025-12-08 22:53:54,0.911400651465798,88.26,7.6341486,2.511485524055641,4172992.0,25407965184.0
SIG,2025-12-08 22:53:54,0.860586319218241,87.31,5.19277,1.4351700815595785,804320.0,3592826880.0
SYRE,2025-12-08 22:53:54,0.752442996742671,34.63,3.527654,1.2916505810780228,901428.0,2687015424.0
TAP,2025-12-08 22:53:54,0.7718241042345277,46.62,3.30157,1.5569577549944045,3109480.0,9219375104.0
TDC,2025-12-08 22:53:54,0.813029315960912,31.39,5.12391,1.387196447062798,1497803.0,2966354944.0
TERN,2025-12-08 22:53:54,0.952117263843648,40.23,37.023155,4.653848934908676,2904258.0,3623909632.0
THO,2025-12-08 22:53:54,0.7552117263843647,103.98,3.11385,1.146842841588911,683336.0,5494164480.0
U,2025-12-08 22:53:54,0.8061889250814332,49.04,7.12102,1.2674986934730654,9894553.0,20984846336.0
VSCO,2025-12-08 22:53:54,0.7952768729641694,50.65,3.26198,2.069273863132214,2492946.0,4060331520.0
WBD,2025-12-08 22:53:54,0.7609120521172638,27.23,4.4095078,3.194399801908268,51818417.0,67475247104.0
WRBY,2025-12-08 22:53:54,0.9035830618892507,21.26,13.2658,4.427902268849787,2356260.0,2597223936.0
WVE,2025-12-08 22:53:54,0.9576547231270358,18.52,147.26303,55.68120692403773,2584388.0,3096206848.0
AA,2025-12-09 14:22:03,0.6678181818181818,44.46,1.57642,1.0432616385180573,6847822.0,11513540608.0
AR,2025-12-09 14:22:03,0.7363636363636363,37.3,1.4966,2.011286889844928,4826396.0,11523126272.0
AS,2025-12-09 14:22:03,0.6987272727272728,37.19,3.85366,0.7983328594936446,5159973.0,20624510976.0
BA,2025-12-09 14:22:03,0.7529090909090909,206.27,2.1695,0.9923150706398808,8723047.0,156784902144.0
BAH,2025-12-09 14:22:03,0.8912727272727272,91.34,3.78365,2.10611874844759,2186117.0,11257534464.0
BBWI,2025-12-09 14:22:03,0.6954545454545455,19.65,4.35475,0.917549739899541,8042085.0,4051586048.0
BELFB,2025-12-09 14:22:03,0.7336363636363636,172.21,3.7409678,0.6812257558893843,151841.0,2180275712.0
BETA,2025-12-09 14:22:03,0.7138181818181818,30.31,6.76294,0.6562166191664508,1979991.0,7177014784.0
BMNR,2025-12-09 14:22:03,0.6958181818181818,35.84,5.25698,0.8091222593049435,46597623.0,13764989952.0
BRK-B,2025-12-09 14:22:03,0.6719999999999999,497.23,-1.40976,1.5033738057518349,4628749.0,1072691609600.0
CHWY,2025-12-09 14:22:03,0.7605454545454544,34.62,3.43591,1.1889853478052033,7584461.0,14361066496.0
CIEN,2025-12-09 14:22:03,0.8989090909090909,212.93,5.56243,1.2855415493735165,2898720.0,30101319680.0
CLS,2025-12-09 14:22:03,0.7721818181818182,340.76,4.82021,0.7165416085241484,3020595.0,39199879168.0
CNK,2025-12-09 14:22:03,0.8656363636363635,23.5,7.0615,1.6868659632436502,3697538.0,2760683776.0
COHR,2025-12-09 14:22:03,0.8018181818181818,185.86,2.23885,1.269740569923367,4200284.0,29208571904.0
CRH,2025-12-09 14:22:03,0.9463636363636364,126.54,5.90008,5.09918244254126,4244350.0,84709384192.0
CVNA,2025-12-09 14:22:03,0.982,447.98,12.0594,4.182822470279807,3335695.0,97123606528.0
CVS,2025-12-09 14:22:03,0.6894545454545454,76.53,1.19001,1.0978430976244309,7431398.0,97149665280.0
DBRG,2025-12-09 14:22:03,0.8403636363636363,15.0,6.2323,2.9661047155569205,4337388.0,2924478464.0
DIS,2025-12-09 14:22:03,0.7796363636363636,107.63,2.21272,1.3253353618182178,9942396.0,193511620608.0
FLUT,2025-12-09 14:22:03,0.7372727272727273,214.78,3.01199,0.8088939307738358,2624239.0,37625401344.0
GLW,2025-12-09 14:22:03,0.6981818181818181,88.27,2.67535,0.8287919883272391,7625274.0,75679195136.0
GPCR,2025-12-09 14:22:03,0.7147272727272728,69.98,102.48842,0.0326139605372637,1346080.0,4246221568.0
HE,2025-12-09 14:22:03,0.8467272727272728,11.9,5.77777,6.832180905473159,1945458.0,2054183680.0
HII,2025-12-09 14:22:03,0.8312727272727272,315.88,3.71003,0.9847223621005986,456746.0,12395583488.0
IMAX,2025-12-09 14:22:03,0.8930909090909092,38.5,7.81294,1.3607738026417346,1280068.0,2071259008.0
INSP,2025-12-09 14:22:03,0.926909090909091,143.99,5.24816,1.79563703825463,1295817.0,4258405888.0
KYMR,2025-12-09 14:22:03,0.7067272727272726,94.3,41.549084,0.0042154306949914,865392.0,6784793088.0
MIAX,2025-12-09 14:22:03,0.7809090909090909,45.56,3.40445,1.0633301440540806,559165.0,3710180096.0
MNSO,2025-12-09 14:22:03,0.6687272727272727,19.91,3.26763,0.8004714612956427,810671.0,6052118016.0
MT,2025-12-09 14:22:03,0.7745454545454545,43.57,3.09986,1.16695813474891,1290593.0,33139341312.0
OMCL,2025-12-09 14:22:03,0.6696363636363636,43.55,7.544142,0.0055001433845933,446352.0,2000436608.0
PAC,2025-12-09 14:22:03,0.8196363636363636,237.37,4.48543,0.8836347887532624,87741.0,12014530560.0
PATH,2025-12-09 14:22:03,0.702,19.29,3.32084,1.2690631979634337,25174134.0,10320900096.0
PINS,2025-12-09 14:22:03,0.6872727272727273,27.15,1.49533,1.86118014485208,13218174.0,18460090368.0
PLBL,2025-12-09 14:22:03,0.756,11.74,12.667944,0.7298430869436494,20266.0,4301388800.0
PRAX,2025-12-09 14:22:03,0.6898181818181819,270.98,9.270536,0.0024079205257672,1011246.0,6776443904.0
PRIM,2025-12-09 14:22:03,0.9589090909090908,134.47,7.01098,3.120319702690791,839530.0,7265730560.0
RBRK,2025-12-09 14:22:03,0.8370909090909091,89.1,3.2804,1.399369990462007,3824704.0,17593569280.0
S,2025-12-09 14:22:03,0.7183636363636363,14.88,2.47934,2.5185489656180517,6293855.0,4987194880.0
SIG,2025-12-09 14:22:03,0.8989090909090909,87.31,5.19277,1.4133768895658498,816722.0,3592826880.0
TAP,2025-12-09 14:22:03,0.8236363636363635,46.62,3.30157,1.535152475847804,3153647.0,9219375104.0
TDC,2025-12-09 14:22:03,0.8541818181818182,31.39,5.12391,1.3679710939768364,1518853.0,2966354944.0
THO,2025-12-09 14:22:03,0.8081818181818181,103.98,3.11385,1.1320489522813486,692266.0,5494164480.0
TSM,2025-12-09 14:22:03,0.7310909090909091,301.87,2.42603,0.8350111807106303,13049260.0,1565650190336.0
U,2025-12-09 14:22:03,0.846,49.04,7.12102,1.2617734645049237,9939449.0,20984846336.0
VSCO,2025-12-09 14:22:03,0.8427272727272727,50.65,3.26198,2.036067199136092,2533604.0,4060331520.0
WRBY,2025-12-09 14:22:03,0.9214545454545456,21.26,13.2658,4.153971386049445,2511642.0,2597223936.0
WVE,2025-12-09 14:22:03,0.6730909090909091,18.52,147.26303,0.1344178920238574,4883338.0,3096206848.0
WY,2025-12-09 14:22:03,0.7474545454545455,22.28,2.72015,1.8847875057843253,5501938.0,16075265024.0
AA,2025-12-09 14:22:04,0.6678181818181818,44.46,1.57642,1.0432616385180573,6847822.0,11513540608.0
AR,2025-12-09 14:22:04,0.7363636363636363,37.3,1.4966,2.011286889844928,4826396.0,11523126272.0
AS,2025-12-09 14:22:04,0.6987272727272728,37.19,3.85366,0.7983328594936446,5159973.0,20624510976.0
BA,2025-12-09 14:22:04,0.7529090909090909,206.27,2.1695,0.9923150706398808,8723047.0,156784902144.0
BAH,2025-12-09 14:22:04,0.8912727272727272,91.34,3.78365,2.10611874844759,2186117.0,11257534464.0
BBWI,2025-12-09 14:22:04,0.6954545454545455,19.65,4.35475,0.917549739899541,8042085.0,4051586048.0
BELFB,2025-12-09 14:22:04,0.7336363636363636,172.21,3.7409678,0.6812257558893843,151841.0,2180275712.0
BETA,2025-12-09 14:22:04,0.7138181818181818,30.31,6.76294,0.6562166191664508,1979991.0,7177014784.0
BMNR,2025-12-09 14:22:04,0.6958181818181818,35.84,5.25698,0.8091222593049435,46597623.0,13764989952.0
BRK-B,2025-12-09 14:22:04,0.6719999999999999,497.23,-1.40976,1.5033738057518349,4628749.0,1072691609600.0
CHWY,2025-12-09 14:22:04,0.7605454545454544,34.62,3.43591,1.1889853478052033,7584461.0,14361066496.0
CIEN,2025-12-09 14:22:04,0.8989090909090909,212.93,5.56243,1.2855415493735165,2898720.0,30101319680.0
CLS,2025-12-09 14:22:04,0.7721818181818182,340.76,4.82021,0.7165416085241484,3020595.0,39199879168.0
CNK,2025-12-09 14:22:04,0.8656363636363635,23.5,7.0615,1.6868659632436502,3697538.0,2760683776.0
COHR,2025-12-09 14:22:04,0.8018181818181818,185.86,2.23885,1.269740569923367,4200284.0,29208571904.0
CRH,2025-12-09 14:22:04,0.9463636363636364,126.54,5.90008,5.09918244254126,4244350.0,84709384192.0
CVNA,2025-12-09 14:22:04,0.982,447.98,12.0594,4.182822470279807,3335695.0,97123606528.0
CVS,2025-12-09 14:22:04,0.6894545454545454,76.53,1.19001,1.0978430976244309,7431398.0,97149665280.0
DBRG,2025-12-09 14:22:04,0.8403636363636363,15.0,6.2323,2.9661047155569205,4337388.0,2924478464.0
DIS,2025-12-09 14:22:04,0.7796363636363636,107.63,2.21272,1.3253353618182178,9942396.0,193511620608.0
FLUT,2025-12-09 14:22:04,0.7372727272727273,214.78,3.01199,0.8088939307738358,2624239.0,37625401344.0
GLW,2025-12-09 14:22:04,0.6981818181818181,88.27,2.67535,0.8287919883272391,7625274.0,75679195136.0
GPCR,2025-12-09 14:22:04,0.7147272727272728,69.98,102.48842,0.0326139605372637,1346080.0,4246221568.0
HE,2025-12-09 14:22:04,0.8467272727272728,11.9,5.77777,6.832180905473159,1945458.0,2054183680.0
HII,2025-12-09 14:22:04,0.8312727272727272,315.88,3.71003,0.9847223621005986,456746.0,12395583488.0
IMAX,2025-12-09 14:22:04,0.8930909090909092,38.5,7.81294,1.3607738026417346,1280068.0,2071259008.0
INSP,2025-12-09 14:22:04,0.926909090909091,143.99,5.24816,1.79563703825463,1295817.0,4258405888.0
KYMR,2025-12-09 14:22:04,0.7067272727272726,94.3,41.549084,0.0042154306949914,865392.0,6784793088.0
MIAX,2025-12-09 14:22:04,0.7809090909090909,45.56,3.40445,1.0633301440540806,559165.0,3710180096.0
MNSO,2025-12-09 14:22:04,0.6687272727272727,19.91,3.26763,0.8004714612956427,810671.0,6052118016.0
MT,2025-12-09 14:22:04,0.7745454545454545,43.57,3.09986,1.16695813474891,1290593.0,33139341312.0
OMCL,2025-12-09 14:22:04,0.6696363636363636,43.55,7.544142,0.0055001433845933,446352.0,2000436608.0
PAC,2025-12-09 14:22:04,0.8196363636363636,237.37,4.48543,0.8836347887532624,87741.0,12014530560.0
PATH,2025-12-09 14:22:04,0.702,19.29,3.32084,1.2690631979634337,25174134.0,10320900096.0
PINS,2025-12-09 14:22:04,0.6872727272727273,27.15,1.49533,1.86118014485208,13218174.0,18460090368.0
PLBL,2025-12-09 14:22:04,0.756,11.74,12.667944,0.7298430869436494,20266.0,4301388800.0
PRAX,2025-12-09 14:22:04,0.6898181818181819,270.98,9.270536,0.0024079205257672,1011246.0,6776443904.0
PRIM,2025-12-09 14:22:04,0.9589090909090908,134.47,7.01098,3.120319702690791,839530.0,7265730560.0
RBRK,2025-12-09 14:22:04,0.8370909090909091,89.1,3.2804,1.399369990462007,3824704.0,17593569280.0
S,2025-12-09 14:22:04,0.7183636363636363,14.88,2.47934,2.5185489656180517,6293855.0,4987194880.0
SIG,2025-12-09 14:22:04,0.8989090909090909,87.31,5.19277,1.4133768895658498,816722.0,3592826880.0
TAP,2025-12-09 14:22:04,0.8236363636363635,46.62,3.30157,1.535152475847804,3153647.0,9219375104.0
TDC,2025-12-09 14:22:04,0.8541818181818182,31.39,5.12391,1.3679710939768364,1518853.0,2966354944.0
THO,2025-12-09 14:22:04,0.8081818181818181,103.98,3.11385,1.1320489522813486,692266.0,5494164480.0
TSM,2025-12-09 14:22:04,0.7310909090909091,301.87,2.42603,0.8350111807106303,13049260.0,1565650190336.0
U,2025-12-09 14:22:04,0.846,49.04,7.12102,1.2617734645049237,9939449.0,20984846336.0
VSCO,2025-12-09 14:22:04,0.8427272727272727,50.65,3.26198,2.036067199136092,2533604.0,4060331520.0
WRBY,2025-12-09 14:22:04,0.9214545454545456,21.26,13.2658,4.153971386049445,2511642.0,2597223936.0
WVE,2025-12-09 14:22:04,0.6730909090909091,18.52,147.26303,0.1344178920238574,4883338.0,3096206848.0
WY,2025-12-09 14:22:04,0.7474545454545455,22.28,2.72015,1.8847875057843253,5501938.0,16075265024.0
AG,2025-12-09 14:48:57,0.4228260869565217,14.8901,3.6193433,0.1002009666519364,20934319.0,7301450752.0
AKRO,2025-12-09 14:48:57,0.4864130434782608,54.65,0.0,4.496236012128728,2581969.0,4499031040.0
ARES,2025-12-09 14:48:57,0.9478260869565218,175.05,6.5688596,1.2764982378548773,1930034.0,57350688768.0
ASO,2025-12-09 14:48:57,0.7999999999999999,51.33,5.0767727,0.2743879103544193,1714128.0,3419883520.0
ATMC,2025-12-09 14:48:57,,,,,,
AUGO,2025-12-09 14:48:57,0.442391304347826,41.77,3.4422965,0.0482171439172506,506687.0,3489236224.0
BAC,2025-12-09 14:48:57,0.4195652173913043,53.9518,0.096103474,0.3095801752462895,34856544.0,399618146304.0
CDE,2025-12-09 14:48:57,0.3010869565217391,15.79,3.1352026,0.0709471799546467,17129955.0,10140619776.0
CFLT,2025-12-09 14:48:57,0.4152173913043478,29.855,-0.05022195,1.0178638584550666,9511439.0,10443953152.0
CL,2025-12-09 14:48:57,0.4467391304347826,78.43,3.0482192,0.0750064347684022,6488190.0,63388758016.0
CRWV,2025-12-09 14:48:57,0.4184782608695652,85.29,-1.1015735,0.2429273281196316,30295941.0,42501500928.0
CVS,2025-12-09 14:48:57,0.7945652173913044,80.22,4.821642,0.2847065922185839,7431398.0,101833875456.0
GLXY,2025-12-09 14:48:57,0.3945652173913043,27.07,3.7562268,0.0427664543391237,9246406.0,10933059584.0
HBI,2025-12-09 14:48:57,0.446195652173913,6.47,0.0,11.7583605381089,8860883.0,2289099776.0
HL,2025-12-09 14:48:57,0.475,16.545,4.384856,0.0917260160583622,22335528.0,11086782464.0
HMY,2025-12-09 14:48:57,0.4815217391304347,19.4099,3.576601,0.1510291509238263,5297911.0,12242008064.0
INTC,2025-12-09 14:48:57,0.2521739130434782,40.37,0.17369652,0.0957132110384388,115786409.0,192564887552.0
KEY,2025-12-09 14:48:57,0.4989130434782608,20.0756,3.5358448,0.1873477305561159,21923719.0,22013212672.0
LYB,2025-12-09 14:48:57,0.701086956521739,44.295,4.7658453,0.2152997266480961,5263179.0,14257361920.0
MESO,2025-12-09 14:48:57,0.4847826086956521,18.8,3.810042,0.0739171982747488,232314.0,2420419840.0
MKTX,2025-12-09 14:48:57,0.7054347826086956,174.38,5.646436,0.0911511590053505,838607.0,6515494912.0
NFLX,2025-12-09 14:48:57,0.2684782608695652,96.78,-0.041314725,0.1290111236735375,41482609.0,410088144896.0
NGVT,2025-12-09 14:48:57,0.817391304347826,56.655,4.955538,0.2697020784565812,247347.0,2065997312.0
NIO,2025-12-09 14:48:57,0.1652173913043478,5.005,-1.862741,0.0779595951079888,68747022.0,12655939584.0
NRG,2025-12-09 14:48:57,0.4315217391304348,168.9035,2.9209085,0.0428922995175301,2190603.0,32671139840.0
NVDA,2025-12-09 14:48:57,0.3760869565217391,184.476,-0.5919623,0.1552267501225727,191231363.0,4491437408256.0
OLN,2025-12-09 14:48:57,0.3652173913043477,20.8373,3.668154,0.0320887468692804,2657536.0,2388819968.0
ONDS,2025-12-09 14:48:57,0.2021739130434782,8.805,-2.3835936,0.1014431936258061,78126523.0,3280359936.0
OPCH,2025-12-09 14:48:57,0.4858695652173914,31.78,3.8888905,0.0596130167608937,2100246.0,5157736960.0
PAAS,2025-12-09 14:48:57,0.6456521739130435,45.5996,4.7063203,0.1559791125417742,6376841.0,19245174784.0
PLUG,2025-12-09 14:48:57,0.1913043478260869,2.205,2.084677,0.0574932697667397,134423647.0,3068096768.0
PSKY,2025-12-09 14:48:57,,,,,,
SEZL,2025-12-09 14:48:57,0.7195652173913044,70.39,3.9734159,0.1817038967743125,867846.0,2404036864.0
SKE,2025-12-09 14:48:57,0.5608695652173913,23.15,3.3020964,0.2025665709825502,798809.0,2803310592.0
SOFI,2025-12-09 14:48:57,0.1652173913043478,27.27,-1.2314384,0.0735881325055343,73699533.0,32884977664.0
SPR,2025-12-09 14:48:57,0.5402173913043479,39.5,0.228369,3.8092639061498152,1515948.0,4642166784.0
TAC,2025-12-09 14:48:57,0.6728260869565217,15.01,6.373942,0.1681822006738092,1925174.0,4453467136.0
TBBB,2025-12-09 14:48:57,0.3934782608695652,34.2,3.0430918,0.0663418755463928,613112.0,3925025024.0
TERN,2025-12-09 14:48:57,0.842391304347826,42.73,6.214268,0.3535208510082882,3095246.0,3849109248.0
TFX,2025-12-09 14:48:57,0.9478260869565216,130.075,8.558669,0.4807803108617922,598787.0,5748587520.0
TSLA,2025-12-09 14:48:57,0.4576086956521739,442.87,0.7484607,0.0990777657408697,88885876.0,1472905478144.0
UL,2025-12-09 14:48:57,0.6130434782608696,64.17,3.1459625,0.2584886312839543,2990971.0,157339615232.0
VOR,2025-12-09 14:48:57,,,,,,
WBD,2025-12-09 14:48:57,0.3402173913043477,27.74,1.8729352,0.1260457264682659,53767765.0,68739014656.0
WLK,2025-12-09 14:48:57,0.4032608695652174,69.755,3.1573417,0.0309399745496432,1326504.0,8947693568.0
WPP,2025-12-09 14:48:57,0.667391304347826,20.9065,5.269382,0.1333769047548483,641093.0,4519952384.0
WRBY,2025-12-09 14:48:57,0.6597826086956522,22.05,3.7141466,0.3131306133597065,2511642.0,2693734144.0
WVE,2025-12-09 14:48:57,0.4358695652173913,18.11,-2.2138221,1.536661603190277,4883338.0,3027662336.0
XCUR,2025-12-09 14:48:57,,,,,,
YOU,2025-12-09 14:48:57,0.7967391304347826,34.98,7.399447,0.2049305272600355,1582995.0,4716266496.0
ABVX,2025-12-09 15:23:25,0.7221052631578946,119.35,3.7388012,0.2731283246750551,1156504.0,9297761280.0
AG,2025-12-09 15:23:25,0.6210526315789473,15.0763,4.9138336,0.2343612419396112,20934319.0,7392755200.0
AKRO,2025-12-09 15:23:25,0.5023684210526315,54.65,0.0,4.496236012128728,2581969.0,4499031040.0
ANF,2025-12-09 15:23:25,0.743157894736842,101.4,5.636008,0.179064114309102,2091452.0,4649798656.0
APO,2025-12-09 15:23:25,0.6421052631578948,141.8,3.217352,0.222206427151098,3496168.0,82303926272.0
APP,2025-12-09 15:23:25,0.6415789473684211,713.1302,3.3878915,0.1656551826363478,6544015.0,241216225280.0
ARES,2025-12-09 15:23:25,0.943157894736842,175.52,6.8549924,2.344228650894233,1930034.0,57504673792.0
ASO,2025-12-09 15:23:25,0.8494736842105263,51.785,6.007576,0.5273264306982909,1714128.0,3450198016.0
AUGO,2025-12-09 15:23:25,0.5221052631578946,42.2,4.5071807,0.0937955779406221,506687.0,3525156096.0
CRCL,2025-12-09 15:23:25,0.5847368421052631,86.34,2.8346798,0.2387730611545251,14187928.0,21968142336.0
CVS,2025-12-09 15:23:25,0.7615789473684211,79.505,3.8873625,0.5643473812060664,7431398.0,100926226432.0
DGNX,2025-12-09 15:23:25,0.8636842105263157,10.215,28.814632,0.612559826372513,915984.0,2073699968.0
DOCU,2025-12-09 15:23:25,0.7952631578947369,69.28,4.906114,0.383815673051468,2957701.0,13998908416.0
DXC,2025-12-09 15:23:25,0.5042105263157894,14.835,3.3078022,0.1867871927426862,2019480.0,2655445248.0
ESLT,2025-12-09 15:23:25,0.7584210526315789,505.85,4.247386,0.226786631892264,103141.0,23460386816.0
FROG,2025-12-09 15:23:25,0.6868421052631579,66.755,3.0487783,0.5080129636146844,1332653.0,7897972736.0
GLXY,2025-12-09 15:23:25,0.5026315789473684,27.285,4.580298,0.1087753447123131,9246406.0,11019893760.0
HL,2025-12-09 15:23:25,0.5721052631578948,16.575,4.5726924,0.1949803917776199,22335528.0,11106886656.0
KD,2025-12-09 15:23:25,0.4905263157894737,26.81,3.1947649,0.1672163663750753,2275788.0,6196969472.0
KEY,2025-12-09 15:23:25,0.6363157894736842,20.215,4.2547746,0.3208303755398434,21923719.0,22166067200.0
KNSL,2025-12-09 15:23:25,0.751578947368421,370.96,4.613645,0.184175074808954,251641.0,8643367936.0
LGND,2025-12-09 15:23:25,0.4989473684210526,190.65,3.2382064,0.0737135915309634,207438.0,3752319744.0
MESO,2025-12-09 15:23:25,0.653157894736842,18.8,3.810042,0.3076654872284924,232314.0,2420419840.0
MKTX,2025-12-09 15:23:25,0.7805263157894737,172.92,4.761905,0.2270384101253626,838607.0,6460943360.0
NGVT,2025-12-09 15:23:25,0.8963157894736841,58.345,8.086331,0.5063008647770136,247347.0,2127625344.0
NTSK,2025-12-09 15:23:25,0.5547368421052632,23.29,4.5332146,0.1418195239969807,2890822.0,8898485248.0
OPCH,2025-12-09 15:23:25,0.5773684210526315,32.19,5.2304626,0.1216162297178521,2100246.0,5224277504.0
PAAS,2025-12-09 15:23:25,0.8042105263157894,46.395,6.532724,0.3748294806158723,6376841.0,19580870656.0
PHIN,2025-12-09 15:23:25,0.6126315789473684,56.01,3.4922385,0.1791875318834393,384212.0,2179039744.0
PSNY,2025-12-09 15:23:25,0.8184210526315789,17.645,5.576504,0.6630347690962949,164744.0,37394907136.0
PTON,2025-12-09 15:23:25,0.5521052631578948,6.775,5.859375,0.1718586242827635,11911692.0,2830638848.0
RBRK,2025-12-09 15:23:25,0.6642105263157894,91.82,3.052751,0.3664019490135707,3824704.0,18130657280.0
RELY,2025-12-09 15:23:25,0.5789473684210525,13.995,3.5899308,0.2807790148223704,3804857.0,2925597952.0
SDRL,2025-12-09 15:23:25,0.74,33.05,4.8873343,0.2856687930284986,791336.0,2061466368.0
SEZL,2025-12-09 15:23:25,0.7978947368421052,71.3,5.317587,0.2786093385231942,867846.0,2435116544.0
SLM,2025-12-09 15:23:25,0.5726315789473684,25.51,-17.30115,2.27125443630476,2956571.0,5318360064.0
SPR,2025-12-09 15:23:25,0.5526315789473684,39.5,0.228369,3.8092639061498152,1515948.0,4642166784.0
TAC,2025-12-09 15:23:25,0.713157894736842,15.01,6.3784595,0.2531921789926521,1925174.0,4453467136.0
TBBB,2025-12-09 15:23:25,0.5789473684210525,34.635,4.35372,0.1398993984785814,613112.0,3974948096.0
TERN,2025-12-09 15:23:25,0.8578947368421052,43.0,6.8854103,0.5660832773873223,3095246.0,3873430784.0
TFX,2025-12-09 15:23:25,0.9552631578947368,131.28,9.564345,1.0778640818855452,598787.0,5801841664.0
TPG,2025-12-09 15:23:25,0.5521052631578948,63.73,3.3068585,0.1641526085562994,1772168.0,24429955072.0
TSLA,2025-12-09 15:23:25,0.533157894736842,444.035,1.0135059,0.1830452680693612,88885876.0,1476780097536.0
UL,2025-12-09 15:23:25,0.7247368421052631,64.57,3.7894282,0.4209622895039771,2990971.0,158320377856.0
WIX,2025-12-09 15:23:25,0.5321052631578946,105.02,4.497509,0.0537943176334012,1742619.0,5848167424.0
WPP,2025-12-09 15:23:25,0.6973684210526314,20.967,5.57401,0.2237350899167515,641093.0,4533032448.0
WRBY,2025-12-09 15:23:25,0.6910526315789474,22.04,3.668865,0.7030189812083092,2511642.0,2692512768.0
WVE,2025-12-09 15:23:25,0.7121052631578948,19.2767,4.0863967,2.5970889174576897,4883338.0,3222713088.0
XOM,2025-12-09 15:23:25,0.6731578947368421,119.36,2.914293,0.5048276569531541,14524955.0,508861186048.0
YOU,2025-12-09 15:23:25,0.8442105263157894,35.245,8.213078,0.4268162565263946,1582995.0,4751995904.0
ABVX,2025-12-09 15:23:26,0.7221052631578946,119.35,3.7388012,0.2731283246750551,1156504.0,9297761280.0
AG,2025-12-09 15:23:26,0.6210526315789473,15.0763,4.9138336,0.2343612419396112,20934319.0,7392755200.0
AKRO,2025-12-09 15:23:26,0.5023684210526315,54.65,0.0,4.496236012128728,2581969.0,4499031040.0
ANF,2025-12-09 15:23:26,0.743157894736842,101.4,5.636008,0.179064114309102,2091452.0,4649798656.0
APO,2025-12-09 15:23:26,0.6421052631578948,141.8,3.217352,0.222206427151098,3496168.0,82303926272.0
APP,2025-12-09 15:23:26,0.6415789473684211,713.1302,3.3878915,0.1656551826363478,6544015.0,241216225280.0
ARES,2025-12-09 15:23:26,0.943157894736842,175.52,6.8549924,2.344228650894233,1930034.0,57504673792.0
ASO,2025-12-09 15:23:26,0.8494736842105263,51.785,6.007576,0.5273264306982909,1714128.0,3450198016.0
AUGO,2025-12-09 15:23:26,0.5221052631578946,42.2,4.5071807,0.0937955779406221,506687.0,3525156096.0
CRCL,2025-12-09 15:23:26,0.5847368421052631,86.34,2.8346798,0.2387730611545251,14187928.0,21968142336.0
CVS,2025-12-09 15:23:26,0.7615789473684211,79.505,3.8873625,0.5643473812060664,7431398.0,100926226432.0
DGNX,2025-12-09 15:23:26,0.8636842105263157,10.215,28.814632,0.612559826372513,915984.0,2073699968.0
DOCU,2025-12-09 15:23:26,0.7952631578947369,69.28,4.906114,0.383815673051468,2957701.0,13998908416.0
DXC,2025-12-09 15:23:26,0.5042105263157894,14.835,3.3078022,0.1867871927426862,2019480.0,2655445248.0
ESLT,2025-12-09 15:23:26,0.7584210526315789,505.85,4.247386,0.226786631892264,103141.0,23460386816.0
FROG,2025-12-09 15:23:26,0.6868421052631579,66.755,3.0487783,0.5080129636146844,1332653.0,7897972736.0
GLXY,2025-12-09 15:23:26,0.5026315789473684,27.285,4.580298,0.1087753447123131,9246406.0,11019893760.0
HL,2025-12-09 15:23:26,0.5721052631578948,16.575,4.5726924,0.1949803917776199,22335528.0,11106886656.0
KD,2025-12-09 15:23:26,0.4905263157894737,26.81,3.1947649,0.1672163663750753,2275788.0,6196969472.0
KEY,2025-12-09 15:23:26,0.6363157894736842,20.215,4.2547746,0.3208303755398434,21923719.0,22166067200.0
KNSL,2025-12-09 15:23:26,0.751578947368421,370.96,4.613645,0.184175074808954,251641.0,8643367936.0
LGND,2025-12-09 15:23:26,0.4989473684210526,190.65,3.2382064,0.0737135915309634,207438.0,3752319744.0
MESO,2025-12-09 15:23:26,0.653157894736842,18.8,3.810042,0.3076654872284924,232314.0,2420419840.0
MKTX,2025-12-09 15:23:26,0.7805263157894737,172.92,4.761905,0.2270384101253626,838607.0,6460943360.0
NGVT,2025-12-09 15:23:26,0.8963157894736841,58.345,8.086331,0.5063008647770136,247347.0,2127625344.0
NTSK,2025-12-09 15:23:26,0.5547368421052632,23.29,4.5332146,0.1418195239969807,2890822.0,8898485248.0
OPCH,2025-12-09 15:23:26,0.5773684210526315,32.19,5.2304626,0.1216162297178521,2100246.0,5224277504.0
PAAS,2025-12-09 15:23:26,0.8042105263157894,46.395,6.532724,0.3748294806158723,6376841.0,19580870656.0
PHIN,2025-12-09 15:23:26,0.6126315789473684,56.01,3.4922385,0.1791875318834393,384212.0,2179039744.0
PSNY,2025-12-09 15:23:26,0.8184210526315789,17.645,5.576504,0.6630347690962949,164744.0,37394907136.0
PTON,2025-12-09 15:23:26,0.5521052631578948,6.775,5.859375,0.1718586242827635,11911692.0,2830638848.0
RBRK,2025-12-09 15:23:26,0.6642105263157894,91.82,3.052751,0.3664019490135707,3824704.0,18130657280.0
RELY,2025-12-09 15:23:26,0.5789473684210525,13.995,3.5899308,0.2807790148223704,3804857.0,2925597952.0
SDRL,2025-12-09 15:23:26,0.74,33.05,4.8873343,0.2856687930284986,791336.0,2061466368.0
SEZL,2025-12-09 15:23:26,0.7978947368421052,71.3,5.317587,0.2786093385231942,867846.0,2435116544.0
SLM,2025-12-09 15:23:26,0.5726315789473684,25.51,-17.30115,2.27125443630476,2956571.0,5318360064.0
SPR,2025-12-09 15:23:26,0.5526315789473684,39.5,0.228369,3.8092639061498152,1515948.0,4642166784.0
TAC,2025-12-09 15:23:26,0.713157894736842,15.01,6.3784595,0.2531921789926521,1925174.0,4453467136.0
TBBB,2025-12-09 15:23:26,0.5789473684210525,34.635,4.35372,0.1398993984785814,613112.0,3974948096.0
TERN,2025-12-09 15:23:26,0.8578947368421052,43.0,6.8854103,0.5660832773873223,3095246.0,3873430784.0
TFX,2025-12-09 15:23:26,0.9552631578947368,131.28,9.564345,1.0778640818855452,598787.0,5801841664.0
TPG,2025-12-09 15:23:26,0.5521052631578948,63.73,3.3068585,0.1641526085562994,1772168.0,24429955072.0
TSLA,2025-12-09 15:23:26,0.533157894736842,444.035,1.0135059,0.1830452680693612,88885876.0,1476780097536.0
UL,2025-12-09 15:23:26,0.7247368421052631,64.57,3.7894282,0.4209622895039771,2990971.0,158320377856.0
WIX,2025-12-09 15:23:26,0.5321052631578946,105.02,4.497509,0.0537943176334012,1742619.0,5848167424.0
WPP,2025-12-09 15:23:26,0.6973684210526314,20.967,5.57401,0.2237350899167515,641093.0,4533032448.0
WRBY,2025-12-09 15:23:26,0.6910526315789474,22.04,3.668865,0.7030189812083092,2511642.0,2692512768.0
WVE,2025-12-09 15:23:26,0.7121052631578948,19.2767,4.0863967,2.5970889174576897,4883338.0,3222713088.0
XOM,2025-12-09 15:23:26,0.6731578947368421,119.36,2.914293,0.5048276569531541,14524955.0,508861186048.0
YOU,2025-12-09 15:23:26,0.8442105263157894,35.245,8.213078,0.4268162565263946,1582995.0,4751995904.0
ABVX,2025-12-09 15:45:11,0.7908396946564885,120.495,4.7327247,0.2840396574503849,1156504.0,9386960896.0
AG,2025-12-09 15:45:11,0.6938931297709923,15.2852,6.3666987,0.3242894120415381,20934319.0,7495190528.0
ANF,2025-12-09 15:45:11,0.7629770992366413,101.11,5.3338914,0.249699730139635,2091452.0,4636499968.0
APLD,2025-12-09 15:45:11,0.6068702290076337,33.345,3.8467548,0.2820156289806639,31005349.0,9326126080.0
APO,2025-12-09 15:45:11,0.7450381679389313,142.925,4.036248,0.292741081092213,3496168.0,82956902400.0
ARES,2025-12-09 15:45:11,0.9515267175572518,174.93,6.495798,2.833920542332415,1930034.0,57311371264.0
AS,2025-12-09 15:45:11,0.6572519083969466,38.5,3.5224562,0.4606667515508317,5159973.0,21351000064.0
ASO,2025-12-09 15:45:11,0.850763358778626,51.29,4.999493,0.7352280576479703,1714128.0,3417218560.0
CLSK,2025-12-09 15:45:11,0.6072519083969465,14.815,6.6594615,0.2139038632116806,35859904.0,3960579328.0
CNM,2025-12-09 15:45:11,0.7393129770992366,52.58,4.0775957,0.4620860930841641,2692574.0,10419330048.0
CRCL,2025-12-09 15:45:11,0.7587786259541985,87.93,4.7284436,0.3284425322710969,14187928.0,22372700160.0
CVS,2025-12-09 15:45:11,0.7564885496183207,79.32,3.6456304,0.6718041477525494,7431398.0,100691378176.0
DGNX,2025-12-09 15:45:11,0.8874045801526718,10.1,27.364447,1.171820686824224,915984.0,2050354432.0
DOCU,2025-12-09 15:45:11,0.849236641221374,69.84,5.752339,0.5163862067193404,2957701.0,14112063488.0
EMBJ,2025-12-09 15:45:11,0.7236641221374046,65.925,3.4604547,0.5072910214614275,1030034.0,12090087424.0
ESLT,2025-12-09 15:45:11,0.7862595419847328,508.0,4.6904645,0.2614867026691616,103141.0,23560099840.0
EXK,2025-12-09 15:45:11,0.581679389312977,8.8801,4.718169,0.271115205296521,15089150.0,2612325632.0
FROG,2025-12-09 15:45:11,0.6774809160305342,66.75,3.041064,0.5316597794024401,1332653.0,7897381376.0
GLXY,2025-12-09 15:45:11,0.6148854961832062,27.9082,6.9711413,0.1622895425530741,9246406.0,11271591936.0
HL,2025-12-09 15:45:11,0.6305343511450381,16.675,5.20504,0.2620854989414174,22335528.0,11173895168.0
KD,2025-12-09 15:45:11,0.6072519083969465,27.03,4.041575,0.2463674120788052,2275788.0,6247821824.0
KEY,2025-12-09 15:45:11,0.634732824427481,20.21,4.2289824,0.4012193369199815,21923719.0,22160584704.0
KNSL,2025-12-09 15:45:11,0.7118320610687023,368.28,3.8578658,0.2431638723419474,251641.0,8580923904.0
LITE,2025-12-09 15:45:11,0.7225190839694656,354.27,3.4183767,0.2928856533714646,4190434.0,25122203648.0
MESO,2025-12-09 15:45:11,0.6541984732824428,19.0,4.914408,0.2346479334004838,232314.0,2446169088.0
MKTX,2025-12-09 15:45:11,0.7992366412213741,173.5,5.1132936,0.2662820606076505,838607.0,6482614272.0
NGVT,2025-12-09 15:45:11,0.9286259541984732,58.675,8.697665,0.6704993389853121,247347.0,2139659136.0
NTSK,2025-12-09 15:45:11,0.6026717557251908,23.26,4.3867483,0.2327604397641916,2890822.0,8887022592.0
OPCH,2025-12-09 15:45:11,0.5919847328244274,31.96,4.4785843,0.1715579984439918,2100246.0,5186949632.0
PAAS,2025-12-09 15:45:11,0.8641221374045801,46.89,7.669346,0.6016155961862621,6376841.0,19789783040.0
RBRK,2025-12-09 15:45:11,0.666030534351145,91.8362,3.0709298,0.4207909945449373,3824704.0,18133854208.0
RELY,2025-12-09 15:45:11,0.5805343511450382,14.002,3.6417441,0.3293219692619197,3804857.0,2927061248.0
SDRL,2025-12-09 15:45:11,0.6900763358778627,32.625,3.5385585,0.4808576887693723,791336.0,2034957312.0
SEZL,2025-12-09 15:45:11,0.8095419847328245,70.68,4.404165,0.4721021932462672,867846.0,2413941504.0
SKE,2025-12-09 15:45:11,0.6461832061068702,23.2,3.525216,0.4699170890663475,798809.0,2809365504.0
SLM,2025-12-09 15:45:11,0.5896946564885496,25.38,-17.73096,2.9547391217731622,2956571.0,5291257344.0
ST,2025-12-09 15:45:11,0.7187022900763359,35.17,4.17654,0.4154354330452274,1382015.0,5123521024.0
SYM,2025-12-09 15:45:11,0.6083969465648855,62.74,3.736776,0.2264734834036934,2776431.0,37191794688.0
TAC,2025-12-09 15:45:11,0.7278625954198473,15.14,7.2997923,0.2840434163353546,1925174.0,4492038144.0
TBBB,2025-12-09 15:45:11,0.5984732824427481,34.64,4.3687882,0.1652732290348256,613112.0,3975522048.0
TERN,2025-12-09 15:45:11,0.8538167938931298,42.62,5.940839,0.6962102527553545,3095246.0,3839200256.0
TFX,2025-12-09 15:45:11,0.967557251908397,131.63,9.856456,1.2737250474709705,598787.0,5817310208.0
UL,2025-12-09 15:45:11,0.6790076335877863,64.17,3.1464684,0.523341750889594,2990971.0,157339615232.0
WIX,2025-12-09 15:45:11,0.5912213740458016,105.975,5.44776,0.0742847403821489,1742619.0,5901347840.0
WPP,2025-12-09 15:45:11,0.7404580152671756,21.06,6.04229,0.271706289103141,641093.0,4553138688.0
WRBY,2025-12-09 15:45:11,0.7919847328244274,22.315,4.962372,0.9219829099847828,2511642.0,2726107904.0
WVE,2025-12-09 15:45:11,0.8526717557251907,19.9501,7.721919,2.1990417210522804,4883338.0,3335293440.0
XMTR,2025-12-09 15:45:11,0.6583969465648855,60.77,4.37328,0.2032768331732086,719231.0,3114320128.0
XOM,2025-12-09 15:45:11,0.6610687022900764,118.64,2.2934954,0.6153734039107178,14524955.0,505791643648.0
YOU,2025-12-09 15:45:11,0.8778625954198472,35.37,8.5810585,0.5347786948158396,1582995.0,4768849408.0
ABVX,2025-12-09 15:45:12,0.7908396946564885,120.495,4.7327247,0.2840396574503849,1156504.0,9386960896.0
AG,2025-12-09 15:45:12,0.6938931297709923,15.2852,6.3666987,0.3242894120415381,20934319.0,7495190528.0
ANF,2025-12-09 15:45:12,0.7629770992366413,101.11,5.3338914,0.249699730139635,2091452.0,4636499968.0
APLD,2025-12-09 15:45:12,0.6068702290076337,33.345,3.8467548,0.2820156289806639,31005349.0,9326126080.0
APO,2025-12-09 15:45:12,0.7450381679389313,142.925,4.036248,0.292741081092213,3496168.0,82956902400.0
ARES,2025-12-09 15:45:12,0.9515267175572518,174.93,6.495798,2.833920542332415,1930034.0,57311371264.0
AS,2025-12-09 15:45:12,0.6572519083969466,38.5,3.5224562,0.4606667515508317,5159973.0,21351000064.0
ASO,2025-12-09 15:45:12,0.850763358778626,51.29,4.999493,0.7352280576479703,1714128.0,3417218560.0
CLSK,2025-12-09 15:45:12,0.6072519083969465,14.815,6.6594615,0.2139038632116806,35859904.0,3960579328.0
CNM,2025-12-09 15:45:12,0.7393129770992366,52.58,4.0775957,0.4620860930841641,2692574.0,10419330048.0
CRCL,2025-12-09 15:45:12,0.7587786259541985,87.93,4.7284436,0.3284425322710969,14187928.0,22372700160.0
CVS,2025-12-09 15:45:12,0.7564885496183207,79.32,3.6456304,0.6718041477525494,7431398.0,100691378176.0
DGNX,2025-12-09 15:45:12,0.8874045801526718,10.1,27.364447,1.171820686824224,915984.0,2050354432.0
DOCU,2025-12-09 15:45:12,0.849236641221374,69.84,5.752339,0.5163862067193404,2957701.0,14112063488.0
EMBJ,2025-12-09 15:45:12,0.7236641221374046,65.925,3.4604547,0.5072910214614275,1030034.0,12090087424.0
ESLT,2025-12-09 15:45:12,0.7862595419847328,508.0,4.6904645,0.2614867026691616,103141.0,23560099840.0
EXK,2025-12-09 15:45:12,0.581679389312977,8.8801,4.718169,0.271115205296521,15089150.0,2612325632.0
FROG,2025-12-09 15:45:12,0.6774809160305342,66.75,3.041064,0.5316597794024401,1332653.0,7897381376.0
GLXY,2025-12-09 15:45:12,0.6148854961832062,27.9082,6.9711413,0.1622895425530741,9246406.0,11271591936.0
HL,2025-12-09 15:45:12,0.6305343511450381,16.675,5.20504,0.2620854989414174,22335528.0,11173895168.0
KD,2025-12-09 15:45:12,0.6072519083969465,27.03,4.041575,0.2463674120788052,2275788.0,6247821824.0
KEY,2025-12-09 15:45:12,0.634732824427481,20.21,4.2289824,0.4012193369199815,21923719.0,22160584704.0
KNSL,2025-12-09 15:45:12,0.7118320610687023,368.28,3.8578658,0.2431638723419474,251641.0,8580923904.0
LITE,2025-12-09 15:45:12,0.7225190839694656,354.27,3.4183767,0.2928856533714646,4190434.0,25122203648.0
MESO,2025-12-09 15:45:12,0.6541984732824428,19.0,4.914408,0.2346479334004838,232314.0,2446169088.0
MKTX,2025-12-09 15:45:12,0.7992366412213741,173.5,5.1132936,0.2662820606076505,838607.0,6482614272.0
NGVT,2025-12-09 15:45:12,0.9286259541984732,58.675,8.697665,0.6704993389853121,247347.0,2139659136.0
NTSK,2025-12-09 15:45:12,0.6026717557251908,23.26,4.3867483,0.2327604397641916,2890822.0,8887022592.0
OPCH,2025-12-09 15:45:12,0.5919847328244274,31.96,4.4785843,0.1715579984439918,2100246.0,5186949632.0
PAAS,2025-12-09 15:45:12,0.8641221374045801,46.89,7.669346,0.6016155961862621,6376841.0,19789783040.0
RBRK,2025-12-09 15:45:12,0.666030534351145,91.8362,3.0709298,0.4207909945449373,3824704.0,18133854208.0
RELY,2025-12-09 15:45:12,0.5805343511450382,14.002,3.6417441,0.3293219692619197,3804857.0,2927061248.0
SDRL,2025-12-09 15:45:12,0.6900763358778627,32.625,3.5385585,0.4808576887693723,791336.0,2034957312.0
SEZL,2025-12-09 15:45:12,0.8095419847328245,70.68,4.404165,0.4721021932462672,867846.0,2413941504.0
SKE,2025-12-09 15:45:12,0.6461832061068702,23.2,3.525216,0.4699170890663475,798809.0,2809365504.0
SLM,2025-12-09 15:45:12,0.5896946564885496,25.38,-17.73096,2.9547391217731622,2956571.0,5291257344.0
ST,2025-12-09 15:45:12,0.7187022900763359,35.17,4.17654,0.4154354330452274,1382015.0,5123521024.0
SYM,2025-12-09 15:45:12,0.6083969465648855,62.74,3.736776,0.2264734834036934,2776431.0,37191794688.0
TAC,2025-12-09 15:45:12,0.7278625954198473,15.14,7.2997923,0.2840434163353546,1925174.0,4492038144.0
TBBB,2025-12-09 15:45:12,0.5984732824427481,34.64,4.3687882,0.1652732290348256,613112.0,3975522048.0
TERN,2025-12-09 15:45:12,0.8538167938931298,42.62,5.940839,0.6962102527553545,3095246.0,3839200256.0
TFX,2025-12-09 15:45:12,0.967557251908397,131.63,9.856456,1.2737250474709705,598787.0,5817310208.0
UL,2025-12-09 15:45:12,0.6790076335877863,64.17,3.1464684,0.523341750889594,2990971.0,157339615232.0
WIX,2025-12-09 15:45:12,0.5912213740458016,105.975,5.44776,0.0742847403821489,1742619.0,5901347840.0
WPP,2025-12-09 15:45:12,0.7404580152671756,21.06,6.04229,0.271706289103141,641093.0,4553138688.0
WRBY,2025-12-09 15:45:12,0.7919847328244274,22.315,4.962372,0.9219829099847828,2511642.0,2726107904.0
WVE,2025-12-09 15:45:12,0.8526717557251907,19.9501,7.721919,2.1990417210522804,4883338.0,3335293440.0
XMTR,2025-12-09 15:45:12,0.6583969465648855,60.77,4.37328,0.2032768331732086,719231.0,3114320128.0
XOM,2025-12-09 15:45:12,0.6610687022900764,118.64,2.2934954,0.6153734039107178,14524955.0,505791643648.0
YOU,2025-12-09 15:45:12,0.8778625954198472,35.37,8.5810585,0.5347786948158396,1582995.0,4768849408.0
ABVX,2025-12-09 15:57:18,0.7652597402597402,119.76,4.093871,0.313211195119083,1156504.0,9329701888.0
AG,2025-12-09 15:57:18,0.7201298701298702,15.2958,6.443174,0.3581924972099641,20934319.0,7500388352.0
AGX,2025-12-09 15:57:18,0.7025974025974026,328.15,2.7684684,0.3624468698952433,369141.0,4552559616.0
ANF,2025-12-09 15:57:18,0.7749999999999999,101.04,5.260968,0.2739809472079684,2091452.0,4633290240.0
APLD,2025-12-09 15:57:18,0.7363636363636363,33.87,5.481153,0.3226863855007728,31005349.0,9472960512.0
APO,2025-12-09 15:57:18,0.8292207792207792,144.2,4.9643264,0.3553284624766316,3496168.0,83696934912.0
ARES,2025-12-09 15:57:18,0.9600649350649352,176.875,7.679901,3.114846163331838,1930034.0,57948602368.0
AS,2025-12-09 15:57:18,0.7162337662337662,38.64,3.8988998,0.5295752516534485,5159973.0,21428639744.0
ASO,2025-12-09 15:57:18,0.8321428571428572,51.11,4.6273594,0.8016997563775867,1714128.0,3405225984.0
AUGO,2025-12-09 15:57:18,0.6522727272727273,42.7,5.7454176,0.1611764264723586,506687.0,3566923264.0
BMNR,2025-12-09 15:57:18,0.6512987012987013,37.31,4.101566,0.3096654522484977,46597623.0,14329570304.0
CRCL,2025-12-09 15:57:18,0.7746753246753247,87.735,4.4961905,0.3798390434459492,14187928.0,22323085312.0
CVS,2025-12-09 15:57:18,0.7616883116883116,79.3532,3.689016,0.7101214334099721,7431398.0,100733534208.0
DGNX,2025-12-09 15:57:18,0.8814935064935064,9.9701,25.726362,1.2594597722230956,915984.0,2023984000.0
DOCU,2025-12-09 15:57:18,0.8311688311688312,69.24,4.8444433,0.5659889218010881,2957701.0,13990825984.0
DQ,2025-12-09 15:57:18,0.6230519480519481,33.835,3.8201869,0.2611977474818088,1214463.0,2268864000.0
DXC,2025-12-09 15:57:18,0.6577922077922078,15.06,4.874657,0.2900895279973062,2019480.0,2695720192.0
EMBJ,2025-12-09 15:57:18,0.724025974025974,65.88,3.3898242,0.5336891791921432,1030034.0,12081833984.0
ESLT,2025-12-09 15:57:18,0.8113636363636364,507.4577,4.578706,0.2982712985136851,103141.0,23534948352.0
EXK,2025-12-09 15:57:18,0.6464285714285714,8.94,5.424529,0.3154707190265853,15089150.0,2629946880.0
FROG,2025-12-09 15:57:18,0.7071428571428571,66.85,3.1956768,0.6716954826200069,1332653.0,7909212672.0
GLXY,2025-12-09 15:57:18,0.7103896103896105,28.5,9.237255,0.2254059577310362,9246406.0,11510608896.0
HL,2025-12-09 15:57:18,0.6756493506493507,16.7928,5.949319,0.290194169575933,22335528.0,11252834304.0
IREN,2025-12-09 15:57:18,0.6107142857142857,48.07,3.7332747,0.2787645776300875,42263214.0,13875049472.0
KD,2025-12-09 15:57:18,0.6185064935064934,26.96,3.7721307,0.2791415544857429,2275788.0,6231641088.0
KEY,2025-12-09 15:57:18,0.6931818181818182,20.305,4.718932,0.4353096297211253,21923719.0,22264754176.0
KNSL,2025-12-09 15:57:18,0.7922077922077921,369.72,4.263958,0.2807730059886902,251641.0,8614475776.0
LITE,2025-12-09 15:57:18,0.7987012987012987,357.09,4.2415924,0.3155040742796569,4190434.0,25322176512.0
MESO,2025-12-09 15:57:18,0.7094155844155845,19.08,5.356153,0.2750027979372745,232314.0,2456468736.0
MKTX,2025-12-09 15:57:18,0.7957792207792207,173.12,4.8830714,0.2798629155253891,838607.0,6468416000.0
MSTR,2025-12-09 15:57:18,0.6298701298701298,187.8509,2.2655582,0.3504330164583947,14989615.0,53979660288.0
NGVT,2025-12-09 15:57:18,0.9181818181818182,57.88,7.224901,0.7418484962421213,247347.0,2110668544.0
OPCH,2025-12-09 15:57:18,0.615909090909091,31.885,4.2334094,0.2334655083261675,2100246.0,5174777856.0
PAAS,2025-12-09 15:57:18,0.8775974025974025,47.18,8.33525,0.6797831402727463,6376841.0,19912177664.0
SDRL,2025-12-09 15:57:18,0.673051948051948,32.58,3.3957524,0.4873214412082857,791336.0,2032150656.0
SEZL,2025-12-09 15:57:18,0.8064935064935066,70.936,4.7799115,0.3559352696215688,867846.0,2422684416.0
SKE,2025-12-09 15:57:18,0.6636363636363636,23.21,3.5698316,0.4860773977258644,798809.0,2810576128.0
SPOT,2025-12-09 15:57:18,0.7902597402597403,591.34,3.317909,0.6375521699317022,1748373.0,121753370624.0
ST,2025-12-09 15:57:18,0.6262987012987014,34.83,3.169442,0.4570666743848656,1382015.0,5073990656.0
TAC,2025-12-09 15:57:18,0.7233766233766233,15.04,6.5910726,0.3106836057416109,1925174.0,4462367744.0
TERN,2025-12-09 15:57:18,0.8435064935064934,42.758,6.2838674,0.5385697938063727,3095246.0,3851631360.0
TFX,2025-12-09 15:57:18,0.9675324675324676,131.2999,9.580952,1.4701688580413403,598787.0,5802721280.0
TPG,2025-12-09 15:57:18,0.6363636363636365,64.32,4.2632537,0.1898973460755413,1772168.0,24656121856.0
UL,2025-12-09 15:57:18,0.6944805194805194,64.2755,3.3160472,0.5548545940432054,2990971.0,157598285824.0
VIA,2025-12-09 15:57:18,0.6532467532467533,32.13,3.7120774,0.2954752705402371,379426.0,2725812992.0
WPP,2025-12-09 15:57:18,0.7405844155844156,21.02,5.840885,0.3000703486077683,641093.0,4544491008.0
WRBY,2025-12-09 15:57:18,0.7587662337662338,22.185,4.35089,1.0132148610351317,2511642.0,2710226432.0
WVE,2025-12-09 15:57:18,0.8444805194805195,19.96,7.7753706,2.363192349167721,4883338.0,3336948480.0
XOM,2025-12-09 15:57:18,0.6730519480519481,119.14,2.7246041,0.6664073658059526,14524955.0,507923267584.0
YOU,2025-12-09 15:57:18,0.8805194805194806,35.55,9.149523,0.5905028127062941,1582995.0,4793118208.0
AAOI,2025-12-09 16:29:38,0.7248768472906403,29.81,7.076147,0.3197266938175854,5238374.0,2035423488.0
ABVX,2025-12-09 16:29:38,0.8894088669950739,121.82,5.8843946,0.5075598527977422,1156504.0,9490182144.0
AG,2025-12-09 16:29:38,0.7450738916256157,15.385,7.0608716,0.457201640999165,20934319.0,7544128000.0
AGX,2025-12-09 16:29:38,0.7753694581280788,330.8575,3.6163967,0.448749935661441,369141.0,4590121984.0
ANF,2025-12-09 16:29:38,0.7211822660098521,100.035,4.213987,0.3225099117742123,2091452.0,4587205120.0
APLD,2025-12-09 16:29:38,0.7216748768472907,34.6085,7.7810674,0.315449859958035,31005349.0,9679509504.0
APO,2025-12-09 16:29:38,0.8460591133004925,143.94,4.7750745,0.4908130844970836,3496168.0,83546030080.0
ARES,2025-12-09 16:29:38,0.9633004926108376,176.63,7.5307503,3.661771761533735,1930034.0,57868337152.0
AS,2025-12-09 16:29:38,0.7246305418719212,38.64,3.8988998,0.6018988859050232,5159973.0,21428639744.0
ASO,2025-12-09 16:29:38,0.7913793103448277,50.84,4.0736985,0.9276495104216256,1714128.0,3387236864.0
AUGO,2025-12-09 16:29:38,0.6852216748768473,42.8581,6.1369486,0.2294118459719708,506687.0,3580130304.0
BMNR,2025-12-09 16:29:38,0.7748768472906403,38.36,7.033214,0.4364772855473765,46597623.0,14732840960.0
BX,2025-12-09 16:29:38,0.7160098522167487,156.31,3.263528,0.4842924114818169,4129660.0,191801556992.0
CLSK,2025-12-09 16:29:38,0.7381773399014777,15.1201,8.856009,0.4059717505099846,35859904.0,4042143744.0
COHR,2025-12-09 16:29:38,0.8288177339901478,193.92,4.336596,0.4888438496063599,4200284.0,30475229184.0
CRCL,2025-12-09 16:29:38,0.8349753694581281,88.56,5.4787974,0.4984353599764532,14187928.0,22532995072.0
CRWV,2025-12-09 16:29:38,0.6817733990147783,89.0099,3.2148316,0.6048196027316003,30295941.0,44355190784.0
CVS,2025-12-09 16:29:38,0.6891625615763546,78.91,3.109898,0.8268058042376414,7431398.0,100170915840.0
DOCU,2025-12-09 16:29:38,0.8027093596059114,69.23,4.8304095,0.445368886172064,2957701.0,13988805632.0
ESLT,2025-12-09 16:29:38,0.8517241379310344,511.93,5.5003715,0.3703667794572478,103141.0,23742365696.0
EXK,2025-12-09 16:29:38,0.6881773399014777,8.955,5.60142,0.4780116838920681,15089150.0,2634359552.0
FROG,2025-12-09 16:29:38,0.8226600985221675,67.51,4.214269,0.6946196796915626,1332653.0,7987299328.0
GLXY,2025-12-09 16:29:38,0.7768472906403942,28.81,10.419257,0.3488866917589385,9246406.0,11635812352.0
HL,2025-12-09 16:29:38,0.7403940886699508,17.11,7.949528,0.3959854004794514,22335528.0,11465389056.0
KEY,2025-12-09 16:29:38,0.6881773399014778,20.205,4.2032003,0.5460134295645734,21923719.0,22155102208.0
KNSL,2025-12-09 16:29:38,0.7931034482758621,369.96,4.331637,0.3453093891694914,251641.0,8620067840.0
LITE,2025-12-09 16:29:38,0.8344827586206897,359.24,4.869218,0.3936503951619331,4190434.0,25474639872.0
MESO,2025-12-09 16:29:38,0.737192118226601,19.09,5.411372,0.3653976944996858,232314.0,2457756160.0
MKTX,2025-12-09 16:29:38,0.7817733990147784,173.41,5.05877,0.2991353518394194,838607.0,6479251968.0
MSTR,2025-12-09 16:29:38,0.8714285714285714,193.0522,5.096738,0.5620177035901189,14989615.0,55474270208.0
NGVT,2025-12-09 16:29:38,0.91871921182266,57.77,7.0211205,0.8772372416079435,247347.0,2106657280.0
ONDS,2025-12-09 16:29:38,0.6839901477832512,9.655,7.0399027,0.4230275805311341,78126523.0,3597032704.0
OPCH,2025-12-09 16:29:38,0.7620689655172415,32.105,4.9517875,0.4443946090124681,2100246.0,5210482688.0
PAAS,2025-12-09 16:29:38,0.9108374384236454,48.0699,10.378648,1.243831389241162,6376841.0,20287758336.0
SDRL,2025-12-09 16:29:38,0.8137931034482758,33.06,4.919077,0.5533452288282095,791336.0,2062090240.0
SEZL,2025-12-09 16:29:38,0.7738916256157635,70.5125,4.1543574,0.4443518780981879,867846.0,2408220672.0
SKE,2025-12-09 16:29:38,0.7539408866995073,23.4,4.423591,0.5433964815118507,798809.0,2833584128.0
ST,2025-12-09 16:29:38,0.7216748768472906,35.02,3.732234,0.5474108457578246,1382015.0,5101669376.0
STEP,2025-12-09 16:29:38,0.724384236453202,64.61,3.6247027,0.4577342803992213,671407.0,8034086912.0
TAC,2025-12-09 16:29:38,0.6980295566502462,14.92,5.740613,0.3556088956115135,1925174.0,4426763776.0
TERN,2025-12-09 16:29:38,0.7495073891625614,41.8111,3.930153,0.6422432982709614,3095246.0,3766334976.0
TFX,2025-12-09 16:29:38,0.9709359605911332,131.96,10.13187,1.672863639324167,598787.0,5831894528.0
UL,2025-12-09 16:29:38,0.7894088669950738,64.74,4.062682,0.642433845062356,2990971.0,158737203200.0
VIA,2025-12-09 16:29:38,0.7874384236453202,32.5,4.9063926,0.4566555797441398,379426.0,2757202432.0
WPP,2025-12-09 16:29:38,0.7554187192118226,21.21,6.797575,0.3605592324358556,641093.0,4585568768.0
WRBY,2025-12-09 16:29:38,0.7854679802955665,22.26,4.7036686,1.180802041055214,2511642.0,2719388928.0
WVE,2025-12-09 16:29:38,0.8492610837438425,19.955,7.748377,3.8026186186579753,4883338.0,3336112640.0
XMTR,2025-12-09 16:29:38,0.6975369458128079,60.97,4.7054815,0.2543661215937577,719231.0,3124569600.0
XOM,2025-12-09 16:29:38,0.693103448275862,119.46,3.0005136,0.762343497793969,14524955.0,509287497728.0
YOU,2025-12-09 16:29:38,0.901231527093596,35.67,9.517957,0.7113850643874428,1582995.0,4809297408.0
AAOI,2025-12-09 16:29:39,0.7248768472906403,29.81,7.076147,0.3197266938175854,5238374.0,2035423488.0
ABVX,2025-12-09 16:29:39,0.8894088669950739,121.82,5.8843946,0.5075598527977422,1156504.0,9490182144.0
AG,2025-12-09 16:29:39,0.7450738916256157,15.385,7.0608716,0.457201640999165,20934319.0,7544128000.0
AGX,2025-12-09 16:29:39,0.7753694581280788,330.8575,3.6163967,0.448749935661441,369141.0,4590121984.0
ANF,2025-12-09 16:29:39,0.7211822660098521,100.035,4.213987,0.3225099117742123,2091452.0,4587205120.0
APLD,2025-12-09 16:29:39,0.7216748768472907,34.6085,7.7810674,0.315449859958035,31005349.0,9679509504.0
APO,2025-12-09 16:29:39,0.8460591133004925,143.94,4.7750745,0.4908130844970836,3496168.0,83546030080.0
ARES,2025-12-09 16:29:39,0.9633004926108376,176.63,7.5307503,3.661771761533735,1930034.0,57868337152.0
AS,2025-12-09 16:29:39,0.7246305418719212,38.64,3.8988998,0.6018988859050232,5159973.0,21428639744.0
ASO,2025-12-09 16:29:39,0.7913793103448277,50.84,4.0736985,0.9276495104216256,1714128.0,3387236864.0
AUGO,2025-12-09 16:29:39,0.6852216748768473,42.8581,6.1369486,0.2294118459719708,506687.0,3580130304.0
BMNR,2025-12-09 16:29:39,0.7748768472906403,38.36,7.033214,0.4364772855473765,46597623.0,14732840960.0
BX,2025-12-09 16:29:39,0.7160098522167487,156.31,3.263528,0.4842924114818169,4129660.0,191801556992.0
CLSK,2025-12-09 16:29:39,0.7381773399014777,15.1201,8.856009,0.4059717505099846,35859904.0,4042143744.0
COHR,2025-12-09 16:29:39,0.8288177339901478,193.92,4.336596,0.4888438496063599,4200284.0,30475229184.0
CRCL,2025-12-09 16:29:39,0.8349753694581281,88.56,5.4787974,0.4984353599764532,14187928.0,22532995072.0
CRWV,2025-12-09 16:29:39,0.6817733990147783,89.0099,3.2148316,0.6048196027316003,30295941.0,44355190784.0
CVS,2025-12-09 16:29:39,0.6891625615763546,78.91,3.109898,0.8268058042376414,7431398.0,100170915840.0
DOCU,2025-12-09 16:29:39,0.8027093596059114,69.23,4.8304095,0.445368886172064,2957701.0,13988805632.0
ESLT,2025-12-09 16:29:39,0.8517241379310344,511.93,5.5003715,0.3703667794572478,103141.0,23742365696.0
EXK,2025-12-09 16:29:39,0.6881773399014777,8.955,5.60142,0.4780116838920681,15089150.0,2634359552.0
FROG,2025-12-09 16:29:39,0.8226600985221675,67.51,4.214269,0.6946196796915626,1332653.0,7987299328.0
GLXY,2025-12-09 16:29:39,0.7768472906403942,28.81,10.419257,0.3488866917589385,9246406.0,11635812352.0
HL,2025-12-09 16:29:39,0.7403940886699508,17.11,7.949528,0.3959854004794514,22335528.0,11465389056.0
KEY,2025-12-09 16:29:39,0.6881773399014778,20.205,4.2032003,0.5460134295645734,21923719.0,22155102208.0
KNSL,2025-12-09 16:29:39,0.7931034482758621,369.96,4.331637,0.3453093891694914,251641.0,8620067840.0
LITE,2025-12-09 16:29:39,0.8344827586206897,359.24,4.869218,0.3936503951619331,4190434.0,25474639872.0
MESO,2025-12-09 16:29:39,0.737192118226601,19.09,5.411372,0.3653976944996858,232314.0,2457756160.0
MKTX,2025-12-09 16:29:39,0.7817733990147784,173.41,5.05877,0.2991353518394194,838607.0,6479251968.0
MSTR,2025-12-09 16:29:39,0.8714285714285714,193.0522,5.096738,0.5620177035901189,14989615.0,55474270208.0
NGVT,2025-12-09 16:29:39,0.91871921182266,57.77,7.0211205,0.8772372416079435,247347.0,2106657280.0
ONDS,2025-12-09 16:29:39,0.6839901477832512,9.655,7.0399027,0.4230275805311341,78126523.0,3597032704.0
OPCH,2025-12-09 16:29:39,0.7620689655172415,32.105,4.9517875,0.4443946090124681,2100246.0,5210482688.0
PAAS,2025-12-09 16:29:39,0.9108374384236454,48.0699,10.378648,1.243831389241162,6376841.0,20287758336.0
SDRL,2025-12-09 16:29:39,0.8137931034482758,33.06,4.919077,0.5533452288282095,791336.0,2062090240.0
SEZL,2025-12-09 16:29:39,0.7738916256157635,70.5125,4.1543574,0.4443518780981879,867846.0,2408220672.0
SKE,2025-12-09 16:29:39,0.7539408866995073,23.4,4.423591,0.5433964815118507,798809.0,2833584128.0
ST,2025-12-09 16:29:39,0.7216748768472906,35.02,3.732234,0.5474108457578246,1382015.0,5101669376.0
STEP,2025-12-09 16:29:39,0.724384236453202,64.61,3.6247027,0.4577342803992213,671407.0,8034086912.0
TAC,2025-12-09 16:29:39,0.6980295566502462,14.92,5.740613,0.3556088956115135,1925174.0,4426763776.0
TERN,2025-12-09 16:29:39,0.7495073891625614,41.8111,3.930153,0.6422432982709614,3095246.0,3766334976.0
TFX,2025-12-09 16:29:39,0.9709359605911332,131.96,10.13187,1.672863639324167,598787.0,5831894528.0
UL,2025-12-09 16:29:39,0.7894088669950738,64.74,4.062682,0.642433845062356,2990971.0,158737203200.0
VIA,2025-12-09 16:29:39,0.7874384236453202,32.5,4.9063926,0.4566555797441398,379426.0,2757202432.0
WPP,2025-12-09 16:29:39,0.7554187192118226,21.21,6.797575,0.3605592324358556,641093.0,4585568768.0
WRBY,2025-12-09 16:29:39,0.7854679802955665,22.26,4.7036686,1.180802041055214,2511642.0,2719388928.0
WVE,2025-12-09 16:29:39,0.8492610837438425,19.955,7.748377,3.8026186186579753,4883338.0,3336112640.0
XMTR,2025-12-09 16:29:39,0.6975369458128079,60.97,4.7054815,0.2543661215937577,719231.0,3124569600.0
XOM,2025-12-09 16:29:39,0.693103448275862,119.46,3.0005136,0.762343497793969,14524955.0,509287497728.0
YOU,2025-12-09 16:29:39,0.901231527093596,35.67,9.517957,0.7113850643874428,1582995.0,4809297408.0
AAOI,2025-12-09 16:54:49,0.7366071428571429,29.35,5.4238515,0.4926467640531203,5238374.0,2004014720.0
ABVX,2025-12-09 16:54:49,0.8390625,120.375,4.62842,0.5979443218527563,1156504.0,9377611776.0
AG,2025-12-09 16:54:49,0.7292410714285714,15.4067,7.2143373,0.4964929119499898,20934319.0,7554768896.0
AGX,2025-12-09 16:54:49,0.7104910714285714,329.265,3.1176653,0.5126415109673539,369141.0,4568028672.0
ANF,2025-12-09 16:54:49,0.7165178571428572,99.89,4.062925,0.3760033699076048,2091452.0,4580555776.0
APLD,2025-12-09 16:54:49,0.6953125,33.99,5.854877,0.3687684663701092,31005349.0,9506524160.0
APO,2025-12-09 16:54:49,0.8609374999999999,145.1875,5.683138,0.5734206708602104,3496168.0,84270104576.0
ARES,2025-12-09 16:54:49,0.9647321428571428,177.35,7.969081,4.038186373918801,1930034.0,58104225792.0
AS,2025-12-09 16:54:49,0.7785714285714286,39.069,5.050944,0.6543299742072294,5159973.0,21666551808.0
ASO,2025-12-09 16:54:49,0.8194196428571427,51.33,5.0767727,0.6615188597350956,1714128.0,3419883520.0
BMNR,2025-12-09 16:54:49,0.8066964285714284,38.9,8.53795,0.533281343556945,46597623.0,14940237824.0
BX,2025-12-09 16:54:49,0.7651785714285715,156.965,3.6962419,0.5809563014872895,4129660.0,192605290496.0
CARG,2025-12-09 16:54:49,0.6928571428571428,37.045,4.617335,0.3591890556140016,975258.0,3677093632.0
CLSK,2025-12-09 16:54:49,0.7412946428571429,15.175,9.251259,0.4830912263457259,35859904.0,4056820480.0
COHR,2025-12-09 16:54:49,0.7687499999999999,193.02,3.852364,0.5469418258384433,4200284.0,30333792256.0
CRCL,2025-12-09 16:54:49,0.8216517857142857,88.8,5.7646546,0.5580215095537558,14187928.0,22594060288.0
CRWV,2025-12-09 16:54:49,0.7604910714285714,89.76,4.081638,0.6560460360019845,30295941.0,44728979456.0
DOCU,2025-12-09 16:54:49,0.8558035714285714,69.64,5.451239,0.7415181588673094,2957701.0,14071651328.0
ESLT,2025-12-09 16:54:49,0.8241071428571428,509.59,5.0181365,0.4054352779205166,103141.0,23633840128.0
FROG,2025-12-09 16:54:49,0.7883928571428571,67.32,3.9209647,0.7725844612213382,1332653.0,7964819968.0
GLXY,2025-12-09 16:54:49,0.7933035714285714,28.9826,11.079614,0.4203501338790444,9246406.0,11705522176.0
HL,2025-12-09 16:54:49,0.7236607142857143,17.035,7.476337,0.4300031770012332,22335528.0,11415131136.0
KEY,2025-12-09 16:54:49,0.6959821428571428,20.2479,4.4251103,0.6788299923019447,21923719.0,22202142720.0
KFY,2025-12-09 16:54:49,0.7582589285714285,67.255,3.5170016,0.7755015511652854,431611.0,3523555584.0
KKR,2025-12-09 16:54:49,0.7669642857142857,136.195,4.572329,0.4005991061894368,4496031.0,126105952256.0
KNSL,2025-12-09 16:54:49,0.7763392857142857,368.28,3.8578658,0.4761187564824492,251641.0,8580923904.0
LITE,2025-12-09 16:54:49,0.8395089285714287,357.71,4.4178095,0.585361563981201,4190434.0,25366142976.0
MESO,2025-12-09 16:54:49,0.725,19.1,5.4665914,0.3971822619385831,232314.0,2459043840.0
MKTX,2025-12-09 16:54:49,0.7741071428571428,173.69,5.228405,0.3345452637528663,838607.0,6489713664.0
MSTR,2025-12-09 16:54:49,0.9165178571428572,197.78,7.67053,0.7734721005175916,14989615.0,56832819200.0
NGVT,2025-12-09 16:54:49,0.9171874999999998,57.43,6.3912573,0.9442928355710803,247347.0,2094258688.0
ONDS,2025-12-09 16:54:49,0.7080357142857142,9.7833,8.462305,0.5192681491789927,78126523.0,3644832000.0
OPCH,2025-12-09 16:54:49,0.7625,32.55,6.4073195,0.3977005550778337,2100246.0,5282703872.0
PAAS,2025-12-09 16:54:49,0.915625,48.705,11.841026,1.4026100070552174,6376841.0,20555800576.0
PSNY,2025-12-09 16:54:49,0.8633928571428571,17.864,6.886861,0.8602923323459428,164744.0,37859033088.0
SDRL,2025-12-09 16:54:49,0.7895089285714285,33.05,4.8873343,0.6404409757675628,791336.0,2061466368.0
SEZL,2025-12-09 16:54:49,0.7912946428571428,70.92,4.75628,0.4890890780161457,867846.0,2422138112.0
SKE,2025-12-09 16:54:49,0.7462053571428572,23.4197,4.5055814,0.6058669844731344,798809.0,2835969792.0
SPOT,2025-12-09 16:54:49,0.8229910714285715,592.55,3.530545,0.8588030128582402,1748373.0,122002497536.0
ST,2025-12-09 16:54:49,0.7160714285714286,35.065,3.8655224,0.6056953072144659,1382015.0,5108224512.0
STEP,2025-12-09 16:54:49,0.7479910714285715,64.55,3.5284758,0.7345901964084378,671407.0,8026626560.0
TERN,2025-12-09 16:54:49,0.7118303571428571,41.715,3.6912768,0.6828733483542181,3095246.0,3757678080.0
TFX,2025-12-09 16:54:49,0.9714285714285712,132.81,10.84126,1.885844215054769,598787.0,5869459456.0
UL,2025-12-09 16:54:49,0.778125,64.72,4.03054,0.6901029799352786,2990971.0,158688182272.0
VIA,2025-12-09 16:54:49,0.8062499999999998,32.8285,5.9667506,0.501834349780985,379426.0,2785071360.0
WPP,2025-12-09 16:54:49,0.7689732142857142,21.09,6.193351,0.4444331789615547,641093.0,4559625216.0
WRBY,2025-12-09 16:54:49,0.8252232142857142,22.49,5.7855372,1.3438085523334933,2511642.0,2747486720.0
WVE,2025-12-09 16:54:49,0.8511160714285715,20.06,8.31533,2.9342816327684056,4883338.0,3353666560.0
XOM,2025-12-09 16:54:49,0.7252232142857142,119.88,3.3626435,0.8392622214664348,14524955.0,511078039552.0
YOU,2025-12-09 16:54:49,0.9167410714285714,36.59,12.3426485,0.7944402856610413,1582995.0,4933339136.0
AAOI,2025-12-09 16:54:50,0.7366071428571429,29.35,5.4238515,0.4926467640531203,5238374.0,2004014720.0
ABVX,2025-12-09 16:54:50,0.8390625,120.375,4.62842,0.5979443218527563,1156504.0,9377611776.0
AG,2025-12-09 16:54:50,0.7292410714285714,15.4067,7.2143373,0.4964929119499898,20934319.0,7554768896.0
AGX,2025-12-09 16:54:50,0.7104910714285714,329.265,3.1176653,0.5126415109673539,369141.0,4568028672.0
ANF,2025-12-09 16:54:50,0.7165178571428572,99.89,4.062925,0.3760033699076048,2091452.0,4580555776.0
APLD,2025-12-09 16:54:50,0.6953125,33.99,5.854877,0.3687684663701092,31005349.0,9506524160.0
APO,2025-12-09 16:54:50,0.8609374999999999,145.1875,5.683138,0.5734206708602104,3496168.0,84270104576.0
ARES,2025-12-09 16:54:50,0.9647321428571428,177.35,7.969081,4.038186373918801,1930034.0,58104225792.0
AS,2025-12-09 16:54:50,0.7785714285714286,39.069,5.050944,0.6543299742072294,5159973.0,21666551808.0
ASO,2025-12-09 16:54:50,0.8194196428571427,51.33,5.0767727,0.6615188597350956,1714128.0,3419883520.0
BMNR,2025-12-09 16:54:50,0.8066964285714284,38.9,8.53795,0.533281343556945,46597623.0,14940237824.0
BX,2025-12-09 16:54:50,0.7651785714285715,156.965,3.6962419,0.5809563014872895,4129660.0,192605290496.0
CARG,2025-12-09 16:54:50,0.6928571428571428,37.045,4.617335,0.3591890556140016,975258.0,3677093632.0
CLSK,2025-12-09 16:54:50,0.7412946428571429,15.175,9.251259,0.4830912263457259,35859904.0,4056820480.0
COHR,2025-12-09 16:54:50,0.7687499999999999,193.02,3.852364,0.5469418258384433,4200284.0,30333792256.0
CRCL,2025-12-09 16:54:50,0.8216517857142857,88.8,5.7646546,0.5580215095537558,14187928.0,22594060288.0
CRWV,2025-12-09 16:54:50,0.7604910714285714,89.76,4.081638,0.6560460360019845,30295941.0,44728979456.0
DOCU,2025-12-09 16:54:50,0.8558035714285714,69.64,5.451239,0.7415181588673094,2957701.0,14071651328.0
ESLT,2025-12-09 16:54:50,0.8241071428571428,509.59,5.0181365,0.4054352779205166,103141.0,23633840128.0
FROG,2025-12-09 16:54:50,0.7883928571428571,67.32,3.9209647,0.7725844612213382,1332653.0,7964819968.0
GLXY,2025-12-09 16:54:50,0.7933035714285714,28.9826,11.079614,0.4203501338790444,9246406.0,11705522176.0
HL,2025-12-09 16:54:50,0.7236607142857143,17.035,7.476337,0.4300031770012332,22335528.0,11415131136.0
KEY,2025-12-09 16:54:50,0.6959821428571428,20.2479,4.4251103,0.6788299923019447,21923719.0,22202142720.0
KFY,2025-12-09 16:54:50,0.7582589285714285,67.255,3.5170016,0.7755015511652854,431611.0,3523555584.0
KKR,2025-12-09 16:54:50,0.7669642857142857,136.195,4.572329,0.4005991061894368,4496031.0,126105952256.0
KNSL,2025-12-09 16:54:50,0.7763392857142857,368.28,3.8578658,0.4761187564824492,251641.0,8580923904.0
LITE,2025-12-09 16:54:50,0.8395089285714287,357.71,4.4178095,0.585361563981201,4190434.0,25366142976.0
MESO,2025-12-09 16:54:50,0.725,19.1,5.4665914,0.3971822619385831,232314.0,2459043840.0
MKTX,2025-12-09 16:54:50,0.7741071428571428,173.69,5.228405,0.3345452637528663,838607.0,6489713664.0
MSTR,2025-12-09 16:54:50,0.9165178571428572,197.78,7.67053,0.7734721005175916,14989615.0,56832819200.0
NGVT,2025-12-09 16:54:50,0.9171874999999998,57.43,6.3912573,0.9442928355710803,247347.0,2094258688.0
ONDS,2025-12-09 16:54:50,0.7080357142857142,9.7833,8.462305,0.5192681491789927,78126523.0,3644832000.0
OPCH,2025-12-09 16:54:50,0.7625,32.55,6.4073195,0.3977005550778337,2100246.0,5282703872.0
PAAS,2025-12-09 16:54:50,0.915625,48.705,11.841026,1.4026100070552174,6376841.0,20555800576.0
PSNY,2025-12-09 16:54:50,0.8633928571428571,17.864,6.886861,0.8602923323459428,164744.0,37859033088.0
SDRL,2025-12-09 16:54:50,0.7895089285714285,33.05,4.8873343,0.6404409757675628,791336.0,2061466368.0
SEZL,2025-12-09 16:54:50,0.7912946428571428,70.92,4.75628,0.4890890780161457,867846.0,2422138112.0
SKE,2025-12-09 16:54:50,0.7462053571428572,23.4197,4.5055814,0.6058669844731344,798809.0,2835969792.0
SPOT,2025-12-09 16:54:50,0.8229910714285715,592.55,3.530545,0.8588030128582402,1748373.0,122002497536.0
ST,2025-12-09 16:54:50,0.7160714285714286,35.065,3.8655224,0.6056953072144659,1382015.0,5108224512.0
STEP,2025-12-09 16:54:50,0.7479910714285715,64.55,3.5284758,0.7345901964084378,671407.0,8026626560.0
TERN,2025-12-09 16:54:50,0.7118303571428571,41.715,3.6912768,0.6828733483542181,3095246.0,3757678080.0
TFX,2025-12-09 16:54:50,0.9714285714285712,132.81,10.84126,1.885844215054769,598787.0,5869459456.0
UL,2025-12-09 16:54:50,0.778125,64.72,4.03054,0.6901029799352786,2990971.0,158688182272.0
VIA,2025-12-09 16:54:50,0.8062499999999998,32.8285,5.9667506,0.501834349780985,379426.0,2785071360.0
WPP,2025-12-09 16:54:50,0.7689732142857142,21.09,6.193351,0.4444331789615547,641093.0,4559625216.0
WRBY,2025-12-09 16:54:50,0.8252232142857142,22.49,5.7855372,1.3438085523334933,2511642.0,2747486720.0
WVE,2025-12-09 16:54:50,0.8511160714285715,20.06,8.31533,2.9342816327684056,4883338.0,3353666560.0
XOM,2025-12-09 16:54:50,0.7252232142857142,119.88,3.3626435,0.8392622214664348,14524955.0,511078039552.0
YOU,2025-12-09 16:54:50,0.9167410714285714,36.59,12.3426485,0.7944402856610413,1582995.0,4933339136.0
ABVX,2025-12-09 17:20:32,0.8945701357466064,121.4,5.519338,0.6865233496814538,1156504.0,9457463296.0
AG,2025-12-09 17:20:32,0.7273755656108597,15.315,6.5761986,0.5428570186591691,20934319.0,7509803008.0
AGX,2025-12-09 17:20:32,0.7812217194570135,330.96,3.6484902,0.5482566282260708,369141.0,4591543808.0
ANF,2025-12-09 17:20:32,0.7604072398190046,100.48,4.6775765,0.4090531362900033,2091452.0,4607610880.0
APO,2025-12-09 17:20:32,0.8721719457013575,144.75,5.3646784,0.6342861670262985,3496168.0,84016168960.0
ARES,2025-12-09 17:20:32,0.9597285067873303,176.06,7.183735,4.363927785728127,1930034.0,57681588224.0
AS,2025-12-09 17:20:32,0.77420814479638,38.844,4.4474406,0.7164878575915029,5159973.0,21541775360.0
ASO,2025-12-09 17:20:32,0.8529411764705883,51.54,5.506658,0.7376356958173486,1714128.0,3433874944.0
AUGO,2025-12-09 17:20:32,0.6990950226244345,42.68,5.695887,0.3058475942741772,506687.0,3565252608.0
BMNR,2025-12-09 17:20:32,0.8167420814479638,38.755,8.133373,0.6072614047287348,46597623.0,14884548608.0
BX,2025-12-09 17:20:32,0.7427601809954751,156.26,3.2304945,0.6392393078364805,4129660.0,191740198912.0
CLSK,2025-12-09 17:20:32,0.7407239819004524,15.035,8.246305,0.5267777905930814,35859904.0,4019393280.0
COHR,2025-12-09 17:20:32,0.7597285067873304,192.245,3.4353786,0.5844195297270375,4200284.0,30211995648.0
CRCL,2025-12-09 17:20:32,0.8266968325791856,88.4054,5.294669,0.6083568368827358,14187928.0,22493659136.0
CRWV,2025-12-09 17:20:32,0.7074660633484162,89.45,3.7221696,0.5508820802100189,30295941.0,44574498816.0
DOCU,2025-12-09 17:20:32,0.8373303167420814,69.79,5.6783767,0.5705198057545371,2957701.0,14101960704.0
ESLT,2025-12-09 17:20:32,0.8217194570135747,508.785,4.852241,0.4288401314705112,103141.0,23596507136.0
FROG,2025-12-09 17:20:32,0.8373303167420814,67.58,4.3223267,1.0099320678376142,1332653.0,7995581440.0
GLXY,2025-12-09 17:20:32,0.7346153846153846,29.0032,11.165965,0.3559647932396652,9246406.0,11713842176.0
HL,2025-12-09 17:20:32,0.7316742081447963,16.995,7.2239776,0.4675359364685715,22335528.0,11388327936.0
KEY,2025-12-09 17:20:32,0.7140271493212669,20.235,4.357923,0.7611587705534814,21923719.0,22187999232.0
KKR,2025-12-09 17:20:32,0.7626696832579185,135.67,4.1692204,0.4595737885259243,4496031.0,125619830784.0
KNSL,2025-12-09 17:20:32,0.8133484162895926,368.96,4.049629,0.5358228587551314,251641.0,8596767744.0
LITE,2025-12-09 17:20:32,0.7947963800904977,357.14,4.2561936,0.4522357350097866,4190434.0,25325723648.0
MESO,2025-12-09 17:20:32,0.7552036199095024,19.17,5.8531165,0.4374165999466239,232314.0,2468055808.0
MKTX,2025-12-09 17:20:32,0.7617647058823529,173.0,4.8103733,0.3609938862900023,838607.0,6463932416.0
MSTR,2025-12-09 17:20:32,0.9074660633484162,196.24,6.8321643,0.877761570260477,14989615.0,56390295552.0
NGVT,2025-12-09 17:20:32,0.9081447963800904,57.125,5.826233,1.1630219893509928,247347.0,2083136512.0
ONDS,2025-12-09 17:20:32,0.7101809954751132,9.675,7.261637,0.5750661398306437,78126523.0,3604484096.0
OPCH,2025-12-09 17:20:32,0.7398190045248868,32.19,5.2304626,0.4375463636164525,2100246.0,5224277504.0
PAAS,2025-12-09 17:20:32,0.9178733031674208,48.433,11.212399,1.6246167969375431,6376841.0,20441001984.0
PSNY,2025-12-09 17:20:32,0.8957013574660634,18.38,9.974271,0.9124520468120236,164744.0,38952583168.0
RBRK,2025-12-09 17:20:32,0.7312217194570135,92.03,3.2884405,0.6642984659727916,3824704.0,18172123136.0
SDRL,2025-12-09 17:20:32,0.8142533936651584,33.045,4.8714623,0.6658966608368633,791336.0,2061154432.0
SEZL,2025-12-09 17:20:32,0.7653846153846153,70.42,4.0177274,0.5542181446938742,867846.0,2405061632.0
SHAK,2025-12-09 17:20:32,0.6938914027149322,80.27,3.0952942,0.5775494055478139,1311796.0,3426997248.0
SKE,2025-12-09 17:20:32,0.7104072398190044,23.274,3.8554232,0.6415225667212062,798809.0,2818326272.0
SPOT,2025-12-09 17:20:32,0.8436651583710407,593.53,3.7007365,0.95904249264888,1748373.0,122204282880.0
ST,2025-12-09 17:20:32,0.7576923076923077,35.0899,3.9392853,0.7309515453884364,1382015.0,5111852544.0
SYM,2025-12-09 17:20:32,0.8158371040723981,63.3341,4.7213116,0.6446859295260714,2776431.0,37543972864.0
TERN,2025-12-09 17:20:32,0.7850678733031673,41.98,4.3499875,0.7275221420203758,3095246.0,3781549312.0
TFX,2025-12-09 17:20:32,0.9728506787330315,132.4,10.499077,2.0349372982379377,598787.0,5851339264.0
UL,2025-12-09 17:20:32,0.7436651583710406,64.48,3.6447687,0.7135903357137198,2990971.0,158099718144.0
VIA,2025-12-09 17:20:32,0.8174208144796379,32.8,5.874757,0.5364076262565033,379426.0,2782653440.0
WPP,2025-12-09 17:20:32,0.779864253393665,21.085,6.1681695,0.4772848869040841,641093.0,4558543872.0
WRBY,2025-12-09 17:20:32,0.8441176470588234,22.52,5.926624,1.6584417683730404,2511642.0,2751151616.0
WVE,2025-12-09 17:20:32,0.8576923076923075,20.0,7.991358,3.1013675481811824,4883338.0,3343635968.0
XMTR,2025-12-09 17:20:32,0.7289592760180995,60.9883,4.7369065,0.3680305771024886,719231.0,3125507328.0
XOM,2025-12-09 17:20:32,0.6997737556561086,119.345,2.9012353,0.8993433026126415,14524955.0,508797222912.0
YOU,2025-12-09 17:20:32,0.9248868778280545,36.3642,11.649374,1.01122682004681,1582995.0,4902895104.0
ABVX,2025-12-09 17:20:33,0.8945701357466064,121.4,5.519338,0.6865233496814538,1156504.0,9457463296.0
AG,2025-12-09 17:20:33,0.7273755656108597,15.315,6.5761986,0.5428570186591691,20934319.0,7509803008.0
AGX,2025-12-09 17:20:33,0.7812217194570135,330.96,3.6484902,0.5482566282260708,369141.0,4591543808.0
ANF,2025-12-09 17:20:33,0.7604072398190046,100.48,4.6775765,0.4090531362900033,2091452.0,4607610880.0
APO,2025-12-09 17:20:33,0.8721719457013575,144.75,5.3646784,0.6342861670262985,3496168.0,84016168960.0
ARES,2025-12-09 17:20:33,0.9597285067873303,176.06,7.183735,4.363927785728127,1930034.0,57681588224.0
AS,2025-12-09 17:20:33,0.77420814479638,38.844,4.4474406,0.7164878575915029,5159973.0,21541775360.0
ASO,2025-12-09 17:20:33,0.8529411764705883,51.54,5.506658,0.7376356958173486,1714128.0,3433874944.0
AUGO,2025-12-09 17:20:33,0.6990950226244345,42.68,5.695887,0.3058475942741772,506687.0,3565252608.0
BMNR,2025-12-09 17:20:33,0.8167420814479638,38.755,8.133373,0.6072614047287348,46597623.0,14884548608.0
BX,2025-12-09 17:20:33,0.7427601809954751,156.26,3.2304945,0.6392393078364805,4129660.0,191740198912.0
CLSK,2025-12-09 17:20:33,0.7407239819004524,15.035,8.246305,0.5267777905930814,35859904.0,4019393280.0
COHR,2025-12-09 17:20:33,0.7597285067873304,192.245,3.4353786,0.5844195297270375,4200284.0,30211995648.0
CRCL,2025-12-09 17:20:33,0.8266968325791856,88.4054,5.294669,0.6083568368827358,14187928.0,22493659136.0
CRWV,2025-12-09 17:20:33,0.7074660633484162,89.45,3.7221696,0.5508820802100189,30295941.0,44574498816.0
DOCU,2025-12-09 17:20:33,0.8373303167420814,69.79,5.6783767,0.5705198057545371,2957701.0,14101960704.0
ESLT,2025-12-09 17:20:33,0.8217194570135747,508.785,4.852241,0.4288401314705112,103141.0,23596507136.0
FROG,2025-12-09 17:20:33,0.8373303167420814,67.58,4.3223267,1.0099320678376142,1332653.0,7995581440.0
GLXY,2025-12-09 17:20:33,0.7346153846153846,29.0032,11.165965,0.3559647932396652,9246406.0,11713842176.0
HL,2025-12-09 17:20:33,0.7316742081447963,16.995,7.2239776,0.4675359364685715,22335528.0,11388327936.0
KEY,2025-12-09 17:20:33,0.7140271493212669,20.235,4.357923,0.7611587705534814,21923719.0,22187999232.0
KKR,2025-12-09 17:20:33,0.7626696832579185,135.67,4.1692204,0.4595737885259243,4496031.0,125619830784.0
KNSL,2025-12-09 17:20:33,0.8133484162895926,368.96,4.049629,0.5358228587551314,251641.0,8596767744.0
LITE,2025-12-09 17:20:33,0.7947963800904977,357.14,4.2561936,0.4522357350097866,4190434.0,25325723648.0
MESO,2025-12-09 17:20:33,0.7552036199095024,19.17,5.8531165,0.4374165999466239,232314.0,2468055808.0
MKTX,2025-12-09 17:20:33,0.7617647058823529,173.0,4.8103733,0.3609938862900023,838607.0,6463932416.0
MSTR,2025-12-09 17:20:33,0.9074660633484162,196.24,6.8321643,0.877761570260477,14989615.0,56390295552.0
NGVT,2025-12-09 17:20:33,0.9081447963800904,57.125,5.826233,1.1630219893509928,247347.0,2083136512.0
ONDS,2025-12-09 17:20:33,0.7101809954751132,9.675,7.261637,0.5750661398306437,78126523.0,3604484096.0
OPCH,2025-12-09 17:20:33,0.7398190045248868,32.19,5.2304626,0.4375463636164525,2100246.0,5224277504.0
PAAS,2025-12-09 17:20:33,0.9178733031674208,48.433,11.212399,1.6246167969375431,6376841.0,20441001984.0
PSNY,2025-12-09 17:20:33,0.8957013574660634,18.38,9.974271,0.9124520468120236,164744.0,38952583168.0
RBRK,2025-12-09 17:20:33,0.7312217194570135,92.03,3.2884405,0.6642984659727916,3824704.0,18172123136.0
SDRL,2025-12-09 17:20:33,0.8142533936651584,33.045,4.8714623,0.6658966608368633,791336.0,2061154432.0
SEZL,2025-12-09 17:20:33,0.7653846153846153,70.42,4.0177274,0.5542181446938742,867846.0,2405061632.0
SHAK,2025-12-09 17:20:33,0.6938914027149322,80.27,3.0952942,0.5775494055478139,1311796.0,3426997248.0
SKE,2025-12-09 17:20:33,0.7104072398190044,23.274,3.8554232,0.6415225667212062,798809.0,2818326272.0
SPOT,2025-12-09 17:20:33,0.8436651583710407,593.53,3.7007365,0.95904249264888,1748373.0,122204282880.0
ST,2025-12-09 17:20:33,0.7576923076923077,35.0899,3.9392853,0.7309515453884364,1382015.0,5111852544.0
SYM,2025-12-09 17:20:33,0.8158371040723981,63.3341,4.7213116,0.6446859295260714,2776431.0,37543972864.0
TERN,2025-12-09 17:20:33,0.7850678733031673,41.98,4.3499875,0.7275221420203758,3095246.0,3781549312.0
TFX,2025-12-09 17:20:33,0.9728506787330315,132.4,10.499077,2.0349372982379377,598787.0,5851339264.0
UL,2025-12-09 17:20:33,0.7436651583710406,64.48,3.6447687,0.7135903357137198,2990971.0,158099718144.0
VIA,2025-12-09 17:20:33,0.8174208144796379,32.8,5.874757,0.5364076262565033,379426.0,2782653440.0
WPP,2025-12-09 17:20:33,0.779864253393665,21.085,6.1681695,0.4772848869040841,641093.0,4558543872.0
WRBY,2025-12-09 17:20:33,0.8441176470588234,22.52,5.926624,1.6584417683730404,2511642.0,2751151616.0
WVE,2025-12-09 17:20:33,0.8576923076923075,20.0,7.991358,3.1013675481811824,4883338.0,3343635968.0
XMTR,2025-12-09 17:20:33,0.7289592760180995,60.9883,4.7369065,0.3680305771024886,719231.0,3125507328.0
XOM,2025-12-09 17:20:33,0.6997737556561086,119.345,2.9012353,0.8993433026126415,14524955.0,508797222912.0
YOU,2025-12-09 17:20:33,0.9248868778280545,36.3642,11.649374,1.01122682004681,1582995.0,4902895104.0
ABVX,2025-12-09 17:45:13,0.8741228070175437,120.99,5.162968,0.7459714795625436,1156504.0,9425522688.0
AG,2025-12-09 17:45:13,0.7171052631578947,15.2342,6.0139155,0.5728516413645937,20934319.0,7470181888.0
AGX,2025-12-09 17:45:13,0.7300438596491228,328.92,3.0096195,0.5838690364928306,369141.0,4563241984.0
ANF,2025-12-09 17:45:13,0.7241228070175438,99.96,4.135849,0.4291191000319395,2091452.0,4583765504.0
APO,2025-12-09 17:45:13,0.8787280701754385,145.31,5.772305,0.6960801082785495,3496168.0,84341202944.0
ARES,2025-12-09 17:45:13,0.9723684210526315,176.555,7.4850836,4.65711484875396,1930034.0,57843761152.0
AS,2025-12-09 17:45:13,0.7381578947368421,38.695,4.0467896,0.7506998583132121,5159973.0,21459142656.0
ASO,2025-12-09 17:45:13,0.8282894736842106,51.34,5.09724,0.7804872214910439,1714128.0,3420549632.0
BMNR,2025-12-09 17:45:13,0.8116228070175439,38.78,8.203121,0.6548168347557127,46597623.0,14894149632.0
BX,2025-12-09 17:45:13,0.7697368421052632,156.6651,3.4981205,0.7049166275189725,4129660.0,192237289472.0
CLSK,2025-12-09 17:45:13,0.7039473684210527,14.745,6.155504,0.5676940462528846,35859904.0,3941865984.0
COHR,2025-12-09 17:45:13,0.7697368421052632,192.74,3.7017136,0.6053993015710366,4200284.0,30289788928.0
CRCL,2025-12-09 17:45:13,0.7607456140350878,87.4198,4.120773,0.6537817925210785,14187928.0,22242885632.0
CVS,2025-12-09 17:45:13,0.6993421052631578,78.74,2.8877554,0.9851461326657516,7431398.0,99955105792.0
DOCU,2025-12-09 17:45:13,0.8495614035087719,69.95,5.920648,0.6389996825236899,2957701.0,14134290432.0
DXC,2025-12-09 17:45:13,0.7300438596491228,15.115,5.2576613,0.6251599421633292,2019480.0,2705564928.0
ESLT,2025-12-09 17:45:13,0.769517543859649,502.7,3.598224,0.5231576191815088,103141.0,23521202176.0
FROG,2025-12-09 17:45:13,0.8679824561403509,68.015,4.9938264,1.1392500523392062,1332653.0,8047047168.0
GLXY,2025-12-09 17:45:13,0.7322368421052632,28.77,10.272136,0.4049073769851767,9246406.0,11619657728.0
HL,2025-12-09 17:45:13,0.7177631578947368,17.015,7.350151,0.4885937328188525,22335528.0,11401729024.0
KFY,2025-12-09 17:45:13,0.7991228070175439,67.48,3.8633246,0.8787148612987158,431611.0,3535343872.0
KKR,2025-12-09 17:45:13,0.7721491228070175,135.975,4.4034095,0.5021844822689168,4496031.0,125902249984.0
KNSL,2025-12-09 17:45:13,0.8002192982456141,368.1,3.8071065,0.5854451381134235,251641.0,8576730112.0
LION,2025-12-09 17:45:13,0.7353070175438596,7.78,5.7065225,0.7984584939975641,2297234.0,2254094080.0
LITE,2025-12-09 17:45:13,0.7655701754385964,356.32,4.0168176,0.4713907915027417,4190434.0,25267574784.0
MESO,2025-12-09 17:45:13,0.7864035087719299,19.06,5.245714,0.6616562066857787,232314.0,2453893888.0
MKTX,2025-12-09 17:45:13,0.7537280701754385,173.335,5.0133343,0.3804046472304667,838607.0,6476449792.0
MSTR,2025-12-09 17:45:13,0.8728070175438597,193.255,5.207144,0.9764538982488876,14989615.0,55532548096.0
NGVT,2025-12-09 17:45:13,0.8633771929824562,56.55,4.7645526,1.2596190776520435,247347.0,2062168320.0
NVST,2025-12-09 17:45:13,0.6978070175438597,20.89,4.3977966,0.5638412580745544,2018068.0,3471536128.0
OPCH,2025-12-09 17:45:13,0.7480263157894737,32.26,5.4592943,0.4774588310131289,2100246.0,5235638272.0
PAAS,2025-12-09 17:45:13,0.9142543859649122,48.13,10.515614,1.7133996284367137,6376841.0,20313122816.0
PSNY,2025-12-09 17:45:13,0.8837719298245614,18.01,7.7697296,1.2625285291118342,164744.0,38168449024.0
REZI,2025-12-09 17:45:13,0.7035087719298245,36.0,6.7299156,0.3365556570950181,1930284.0,5389737984.0
SDRL,2025-12-09 17:45:13,0.7857456140350876,32.99,4.6969266,0.6984605780603941,791336.0,2057724032.0
SEZL,2025-12-09 17:45:13,0.7835526315789474,70.255,3.773998,0.8617969086681277,867846.0,2399426304.0
SHAK,2025-12-09 17:45:13,0.8225877192982456,81.2219,4.3178787,0.7627923854013886,1311796.0,3467637248.0
SPOT,2025-12-09 17:45:13,0.8620614035087718,594.73,3.9101958,1.036745591472758,1748373.0,122451345408.0
ST,2025-12-09 17:45:13,0.7482456140350877,35.06,3.8507202,0.8005672876198884,1382015.0,5107496448.0
SYM,2025-12-09 17:45:13,0.731578947368421,63.23,4.5469575,0.4567590550602554,2776431.0,37482262528.0
TERN,2025-12-09 17:45:13,0.8326754385964912,42.4621,5.548351,0.7662899814748165,3095246.0,3824976896.0
TFX,2025-12-09 17:45:13,0.9703947368421052,131.725,9.935742,2.1791922670331854,598787.0,5821508608.0
TPG,2025-12-09 17:45:13,0.6980263157894737,65.04,5.430382,0.331475909733163,1772168.0,24932124672.0
UL,2025-12-09 17:45:13,0.7061403508771928,64.22,3.2268429,0.737338142028124,2990971.0,157462216704.0
VIA,2025-12-09 17:45:13,0.8177631578947369,33.05,6.6946945,0.5575210976580414,379426.0,2803862784.0
WPP,2025-12-09 17:45:13,0.807017543859649,21.19,6.696878,0.593522312675384,641093.0,4581244928.0
WRBY,2025-12-09 17:45:13,0.8346491228070175,22.49,5.7855105,1.816983073224608,2511642.0,2747486720.0
WVE,2025-12-09 17:45:13,0.8714912280701753,20.1219,8.648121,4.542631290318221,4883338.0,3364015360.0
XMTR,2025-12-09 17:45:13,0.7563596491228071,61.41,5.461103,0.4066231850406893,719231.0,3147118592.0
YOU,2025-12-09 17:45:13,0.9195175438596492,36.45,11.912807,1.076919383826228,1582995.0,4914463232.0
ABVX,2025-12-09 17:45:14,0.8741228070175437,120.99,5.162968,0.7459714795625436,1156504.0,9425522688.0
AG,2025-12-09 17:45:14,0.7171052631578947,15.2342,6.0139155,0.5728516413645937,20934319.0,7470181888.0
AGX,2025-12-09 17:45:14,0.7300438596491228,328.92,3.0096195,0.5838690364928306,369141.0,4563241984.0
ANF,2025-12-09 17:45:14,0.7241228070175438,99.96,4.135849,0.4291191000319395,2091452.0,4583765504.0
APO,2025-12-09 17:45:14,0.8787280701754385,145.31,5.772305,0.6960801082785495,3496168.0,84341202944.0
ARES,2025-12-09 17:45:14,0.9723684210526315,176.555,7.4850836,4.65711484875396,1930034.0,57843761152.0
AS,2025-12-09 17:45:14,0.7381578947368421,38.695,4.0467896,0.7506998583132121,5159973.0,21459142656.0
ASO,2025-12-09 17:45:14,0.8282894736842106,51.34,5.09724,0.7804872214910439,1714128.0,3420549632.0
BMNR,2025-12-09 17:45:14,0.8116228070175439,38.78,8.203121,0.6548168347557127,46597623.0,14894149632.0
BX,2025-12-09 17:45:14,0.7697368421052632,156.6651,3.4981205,0.7049166275189725,4129660.0,192237289472.0
CLSK,2025-12-09 17:45:14,0.7039473684210527,14.745,6.155504,0.5676940462528846,35859904.0,3941865984.0
COHR,2025-12-09 17:45:14,0.7697368421052632,192.74,3.7017136,0.6053993015710366,4200284.0,30289788928.0
CRCL,2025-12-09 17:45:14,0.7607456140350878,87.4198,4.120773,0.6537817925210785,14187928.0,22242885632.0
CVS,2025-12-09 17:45:14,0.6993421052631578,78.74,2.8877554,0.9851461326657516,7431398.0,99955105792.0
DOCU,2025-12-09 17:45:14,0.8495614035087719,69.95,5.920648,0.6389996825236899,2957701.0,14134290432.0
DXC,2025-12-09 17:45:14,0.7300438596491228,15.115,5.2576613,0.6251599421633292,2019480.0,2705564928.0
ESLT,2025-12-09 17:45:14,0.769517543859649,502.7,3.598224,0.5231576191815088,103141.0,23521202176.0
FROG,2025-12-09 17:45:14,0.8679824561403509,68.015,4.9938264,1.1392500523392062,1332653.0,8047047168.0
GLXY,2025-12-09 17:45:14,0.7322368421052632,28.77,10.272136,0.4049073769851767,9246406.0,11619657728.0
HL,2025-12-09 17:45:14,0.7177631578947368,17.015,7.350151,0.4885937328188525,22335528.0,11401729024.0
KFY,2025-12-09 17:45:14,0.7991228070175439,67.48,3.8633246,0.8787148612987158,431611.0,3535343872.0
KKR,2025-12-09 17:45:14,0.7721491228070175,135.975,4.4034095,0.5021844822689168,4496031.0,125902249984.0
KNSL,2025-12-09 17:45:14,0.8002192982456141,368.1,3.8071065,0.5854451381134235,251641.0,8576730112.0
LION,2025-12-09 17:45:14,0.7353070175438596,7.78,5.7065225,0.7984584939975641,2297234.0,2254094080.0
LITE,2025-12-09 17:45:14,0.7655701754385964,356.32,4.0168176,0.4713907915027417,4190434.0,25267574784.0
MESO,2025-12-09 17:45:14,0.7864035087719299,19.06,5.245714,0.6616562066857787,232314.0,2453893888.0
MKTX,2025-12-09 17:45:14,0.7537280701754385,173.335,5.0133343,0.3804046472304667,838607.0,6476449792.0
MSTR,2025-12-09 17:45:14,0.8728070175438597,193.255,5.207144,0.9764538982488876,14989615.0,55532548096.0
NGVT,2025-12-09 17:45:14,0.8633771929824562,56.55,4.7645526,1.2596190776520435,247347.0,2062168320.0
NVST,2025-12-09 17:45:14,0.6978070175438597,20.89,4.3977966,0.5638412580745544,2018068.0,3471536128.0
OPCH,2025-12-09 17:45:14,0.7480263157894737,32.26,5.4592943,0.4774588310131289,2100246.0,5235638272.0
PAAS,2025-12-09 17:45:14,0.9142543859649122,48.13,10.515614,1.7133996284367137,6376841.0,20313122816.0
PSNY,2025-12-09 17:45:14,0.8837719298245614,18.01,7.7697296,1.2625285291118342,164744.0,38168449024.0
REZI,2025-12-09 17:45:14,0.7035087719298245,36.0,6.7299156,0.3365556570950181,1930284.0,5389737984.0
SDRL,2025-12-09 17:45:14,0.7857456140350876,32.99,4.6969266,0.6984605780603941,791336.0,2057724032.0
SEZL,2025-12-09 17:45:14,0.7835526315789474,70.255,3.773998,0.8617969086681277,867846.0,2399426304.0
SHAK,2025-12-09 17:45:14,0.8225877192982456,81.2219,4.3178787,0.7627923854013886,1311796.0,3467637248.0
SPOT,2025-12-09 17:45:14,0.8620614035087718,594.73,3.9101958,1.036745591472758,1748373.0,122451345408.0
ST,2025-12-09 17:45:14,0.7482456140350877,35.06,3.8507202,0.8005672876198884,1382015.0,5107496448.0
SYM,2025-12-09 17:45:14,0.731578947368421,63.23,4.5469575,0.4567590550602554,2776431.0,37482262528.0
TERN,2025-12-09 17:45:14,0.8326754385964912,42.4621,5.548351,0.7662899814748165,3095246.0,3824976896.0
TFX,2025-12-09 17:45:14,0.9703947368421052,131.725,9.935742,2.1791922670331854,598787.0,5821508608.0
TPG,2025-12-09 17:45:14,0.6980263157894737,65.04,5.430382,0.331475909733163,1772168.0,24932124672.0
UL,2025-12-09 17:45:14,0.7061403508771928,64.22,3.2268429,0.737338142028124,2990971.0,157462216704.0
VIA,2025-12-09 17:45:14,0.8177631578947369,33.05,6.6946945,0.5575210976580414,379426.0,2803862784.0
WPP,2025-12-09 17:45:14,0.807017543859649,21.19,6.696878,0.593522312675384,641093.0,4581244928.0
WRBY,2025-12-09 17:45:14,0.8346491228070175,22.49,5.7855105,1.816983073224608,2511642.0,2747486720.0
WVE,2025-12-09 17:45:14,0.8714912280701753,20.1219,8.648121,4.542631290318221,4883338.0,3364015360.0
XMTR,2025-12-09 17:45:14,0.7563596491228071,61.41,5.461103,0.4066231850406893,719231.0,3147118592.0
YOU,2025-12-09 17:45:14,0.9195175438596492,36.45,11.912807,1.076919383826228,1582995.0,4914463232.0
AAOI,2025-12-09 17:56:07,0.7675324675324675,29.56,6.1781588,0.5874089937068259,5238374.0,2018353408.0
ABVX,2025-12-09 17:56:07,0.8168831168831168,119.61,3.963492,0.7808429542829078,1156504.0,9318016000.0
AGX,2025-12-09 17:56:07,0.7593073593073594,330.4,3.4731128,0.5994917931088662,369141.0,4583774720.0
ANF,2025-12-09 17:56:07,0.706060606060606,100.02,4.198353,0.4428483178193905,2091452.0,4586516992.0
APO,2025-12-09 17:56:07,0.8777056277056277,145.54,5.9397206,0.7253341372611385,3496168.0,84474699776.0
ARES,2025-12-09 17:56:07,0.9753246753246751,177.325,7.954097,4.805520524508895,1930034.0,58096033792.0
AS,2025-12-09 17:56:07,0.7551948051948052,38.825,4.396349,0.7660278454945404,5159973.0,21531236352.0
ASO,2025-12-09 17:56:07,0.8406926406926406,51.57,5.568068,0.7949248830892442,1714128.0,3435873536.0
BMNR,2025-12-09 17:56:07,0.8114718614718615,39.0488,8.95138,0.673853063277498,46597623.0,14997387264.0
BX,2025-12-09 17:56:07,0.7551948051948053,156.395,3.3196864,0.7452986444404625,4129660.0,191905873920.0
CLSK,2025-12-09 17:56:07,0.7038961038961039,14.77,6.335494,0.5885432375948357,35859904.0,3948549632.0
COHR,2025-12-09 17:56:07,0.8034632034632034,193.74,4.243863,0.6260152884900164,4200284.0,30446942208.0
CRCL,2025-12-09 17:56:07,0.7867965367965368,87.9872,4.792983,0.662860849026017,14187928.0,22387253248.0
CRWV,2025-12-09 17:56:07,0.7225108225108225,89.84,4.1743956,0.6005943502464571,30295941.0,44768841728.0
CVS,2025-12-09 17:56:07,0.720995670995671,78.989,3.2131186,1.0005698793147668,7431398.0,100271194112.0
DOCU,2025-12-09 17:56:07,0.8878787878787878,70.125,6.1865807,0.9487020493281776,2957701.0,14169651200.0
DXC,2025-12-09 17:56:07,0.7326839826839826,15.135,5.39694,0.6491478004238715,2019480.0,2709144832.0
ESLT,2025-12-09 17:56:07,0.7452380952380951,501.93,3.4395356,0.5551332641723465,103141.0,23485173760.0
FROG,2025-12-09 17:56:07,0.8339826839826839,67.77,4.6156187,0.9726162774555716,1332653.0,8018060288.0
GLXY,2025-12-09 17:56:07,0.7896103896103895,28.935,10.898293,0.5636782550971696,9246406.0,11686297600.0
HL,2025-12-09 17:56:07,0.701948051948052,16.98,7.129332,0.4982191600753741,22335528.0,11378275328.0
KFY,2025-12-09 17:56:07,0.7900432900432901,67.43,3.7863615,0.8955355632734106,431611.0,3532723968.0
KKR,2025-12-09 17:56:07,0.7525974025974026,135.76,4.238321,0.5228905227744204,4496031.0,125703159808.0
KNSL,2025-12-09 17:56:07,0.7961038961038962,368.22,3.8409462,0.6021236602938312,251641.0,8579526144.0
LION,2025-12-09 17:56:07,0.737012987012987,7.8,5.978262,0.8430473343159643,2297234.0,2259888640.0
LITE,2025-12-09 17:56:07,0.7984848484848485,355.62,3.8124702,0.662820605216548,4190434.0,25217935360.0
MESO,2025-12-09 17:56:07,0.7025974025974027,19.045,5.1628904,0.4560723847895521,232314.0,2451962624.0
MKTX,2025-12-09 17:56:07,0.7387445887445887,173.44,5.076945,0.3876142221565047,838607.0,6480372736.0
MSTR,2025-12-09 17:56:07,0.867099567099567,192.68,4.8941097,1.0149392762922864,14989615.0,55367315456.0
NGVT,2025-12-09 17:56:07,0.8716450216450217,56.66,4.9648023,1.3180309443817797,247347.0,2066179584.0
OPCH,2025-12-09 17:56:07,0.7324675324675325,32.3,5.5900593,0.4872957739236261,2100246.0,5242130432.0
PAAS,2025-12-09 17:56:07,0.9125541125541126,47.955,10.113656,1.733376447679972,6376841.0,20239265792.0
PSNY,2025-12-09 17:56:07,0.8803030303030303,18.2063,8.93497,0.9901847715243044,164744.0,38584467456.0
RBRK,2025-12-09 17:56:07,0.706926406926407,91.908,3.1515138,0.7320877641773063,3824704.0,18148032512.0
SDRL,2025-12-09 17:56:07,0.7831168831168831,33.03,4.8238606,0.7101597804219699,791336.0,2060218880.0
SEZL,2025-12-09 17:56:07,0.7902597402597402,70.345,3.8980243,0.8950723976373688,867846.0,2402500096.0
SHAK,2025-12-09 17:56:07,0.8627705627705626,81.74,4.9832997,0.8516911166065455,1311796.0,3489756416.0
SPOT,2025-12-09 17:56:07,0.824891774891775,591.705,3.3816795,1.080340979871,1748373.0,121828524032.0
ST,2025-12-09 17:56:07,0.7142857142857143,34.975,3.5984013,0.815520092039522,1382015.0,5095113728.0
SYM,2025-12-09 17:56:07,0.7357142857142857,63.435,4.8859158,0.4733443762873991,2776431.0,37603786752.0
TERN,2025-12-09 17:56:07,0.8577922077922078,42.99,6.860557,0.8296910810966237,3095246.0,3872530176.0
TFX,2025-12-09 17:56:07,0.9725108225108224,131.885,10.069266,2.342210168223425,598787.0,5828579328.0
TPG,2025-12-09 17:56:07,0.7705627705627704,65.195,5.681636,0.4608930981712795,1772168.0,24991541248.0
UL,2025-12-09 17:56:07,0.7114718614718615,64.3,3.3548985,0.7558702508315861,2990971.0,157658365952.0
VIA,2025-12-09 17:56:07,0.7961038961038961,32.89,6.1652675,0.5676917238143934,379426.0,2790288896.0
WPP,2025-12-09 17:56:07,0.7941558441558441,21.18,6.646524,0.6051711686136021,641093.0,4579082752.0
WRBY,2025-12-09 17:56:07,0.8097402597402596,22.35,5.127,1.891101120302973,2511642.0,2730383616.0
WVE,2025-12-09 17:56:07,0.8753246753246753,20.295,9.592,4.651244292326274,4883338.0,3392954368.0
XMTR,2025-12-09 17:56:07,0.7779220779220779,61.06,4.860041,0.573655751768208,719231.0,3129181952.0
YOU,2025-12-09 17:56:07,0.9216450216450216,36.231,11.240403,1.0975227338052236,1582995.0,4884935680.0
AAOI,2025-12-09 18:26:36,0.7092105263157894,29.79,7.004313,0.4594637572651361,5238374.0,2034057984.0
ABVX,2025-12-09 18:26:36,0.8178571428571428,119.74,4.0764837,0.8384830489129307,1156504.0,9328143360.0
ALKT,2025-12-09 18:26:36,0.7120300751879699,22.52,5.480094,0.5202219265246874,1347473.0,2364690432.0
APO,2025-12-09 18:26:36,0.8828947368421051,145.79,6.1234803,0.7901047661325199,3496168.0,84619804672.0
ARES,2025-12-09 18:26:36,0.9774436090225564,178.6,8.73007,5.181459497604705,1930034.0,58513756160.0
AS,2025-12-09 18:26:36,0.7328947368421053,38.73,4.1409006,0.7992832520635282,5159973.0,21478551552.0
ASO,2025-12-09 18:26:36,0.8546992481203007,51.825,6.090077,0.8467769034751197,1714128.0,3452862976.0
BMNR,2025-12-09 18:26:36,0.8174812030075187,39.565,10.393411,0.7584532799022817,46597623.0,15195641856.0
BX,2025-12-09 18:26:36,0.7770676691729322,156.86,3.6268783,0.7967844810468658,4129660.0,192476446720.0
CLSK,2025-12-09 18:26:36,0.718984962406015,15.025,8.168459,0.6242147218241298,35859904.0,4016719872.0
COHR,2025-12-09 18:26:36,0.7780075187969925,193.41,4.062199,0.6539129258878685,4200284.0,30395080704.0
CRCL,2025-12-09 18:26:36,0.8407894736842104,89.7851,6.937951,0.7265364611379477,14187928.0,22844706816.0
CRWV,2025-12-09 18:26:36,0.7759398496240602,90.73,5.206407,0.6498136499539657,30295941.0,45212348416.0
DOCU,2025-12-09 18:26:36,0.8872180451127819,70.2201,6.327741,1.0288075096164218,2957701.0,14188867584.0
DXC,2025-12-09 18:26:36,0.7274436090225563,15.135,5.39694,0.722237407649494,2019480.0,2709144832.0
ESLT,2025-12-09 18:26:36,0.7511278195488721,501.36,3.3220665,0.6075081684296255,103141.0,23458502656.0
FLEX,2025-12-09 18:26:36,0.737781954887218,69.97,3.5978684,0.8031321782811609,4361246.0,26165737472.0
FROG,2025-12-09 18:26:36,0.8453007518796992,67.9,4.8163056,1.086770524660208,1332653.0,8033441280.0
GLXY,2025-12-09 18:26:36,0.7304511278195489,29.27,12.18858,0.4395110922016619,9246406.0,11821597696.0
KFY,2025-12-09 18:26:36,0.7898496240601502,67.395,3.7324848,0.9933458600452724,431611.0,3530890240.0
KKR,2025-12-09 18:26:36,0.7894736842105263,136.82,5.0522127,0.5825233411424432,4496031.0,126684651520.0
KNSL,2025-12-09 18:26:36,0.7723684210526316,366.575,3.377046,0.6618595538882773,251641.0,8541197824.0
LION,2025-12-09 18:26:36,0.7451127819548873,7.83,6.385866,0.9418753161410636,2297234.0,2268580608.0
LITE,2025-12-09 18:26:36,0.7661654135338347,357.24,4.2853785,0.5298386754212093,4190434.0,25332813824.0
MC,2025-12-09 18:26:36,0.7114661654135338,70.985,4.9297843,0.425493629924729,810273.0,5265696256.0
MESO,2025-12-09 18:26:36,0.7261278195488722,18.895,4.334621,0.7802500064567783,232314.0,2432651008.0
MKTX,2025-12-09 18:26:36,0.7146616541353383,172.815,4.6982946,0.4100037323800063,838607.0,6457020416.0
MSTR,2025-12-09 18:26:36,0.8436090225563909,193.46,5.3187456,0.7676504032958819,14989615.0,55591452672.0
NGVT,2025-12-09 18:26:36,0.8881578947368421,56.9,5.4094143,1.3766651707924495,247347.0,2074931584.0
NVST,2025-12-09 18:26:36,0.7210526315789474,21.04,5.1512914,0.6275898532655986,2018068.0,3496463616.0
OPCH,2025-12-09 18:26:36,0.7892857142857144,32.375,5.83524,0.6809649917200176,2100246.0,5254302208.0
PAAS,2025-12-09 18:26:36,0.9078947368421052,47.905,9.999999,1.8705779240849816,6376841.0,20218161152.0
PAC,2025-12-09 18:26:36,0.7821428571428571,246.0,3.6356764,0.679796218415564,87741.0,12451340288.0
PSNY,2025-12-09 18:26:36,0.900187969924812,18.69,11.829123,1.0457922595056572,164744.0,39609565184.0
RBRK,2025-12-09 18:26:36,0.7488721804511278,92.34,3.6363614,0.7892830399424374,3824704.0,18233333760.0
SDRL,2025-12-09 18:26:36,0.7409774436090226,32.825,4.1732802,0.7447974059059616,791336.0,2047432192.0
SEZL,2025-12-09 18:26:36,0.8033834586466164,70.98,4.8449135,0.6839888643837732,867846.0,2424187392.0
SHAK,2025-12-09 18:26:36,0.8443609022556391,81.6,4.8034906,0.9456279787405968,1311796.0,3483779328.0
SPOT,2025-12-09 18:26:36,0.8278195488721803,591.19,3.291697,1.1461787616258088,1748373.0,121722486784.0
SYM,2025-12-09 18:26:36,0.8370300751879699,63.92,5.685478,0.7913951400196871,2776431.0,37891289088.0
TERN,2025-12-09 18:26:36,0.8975563909774437,43.55,8.266932,1.3749575962621388,3095246.0,3922974464.0
TFX,2025-12-09 18:26:36,0.9725563909774436,132.2,10.332163,2.624697930983805,598787.0,5842500608.0
TRGP,2025-12-09 18:26:36,0.7298872180451127,185.48,3.56225,0.5549225833810814,1544565.0,39913783296.0
UL,2025-12-09 18:26:36,0.725,64.28,3.3232827,0.8181369862830499,2990971.0,157609328640.0
VIA,2025-12-09 18:26:36,0.7571428571428572,32.55,5.067785,0.6073674445082836,379426.0,2761444352.0
WPP,2025-12-09 18:26:36,0.7855263157894737,21.14,6.4451094,0.641108232346945,641093.0,4570434560.0
WRBY,2025-12-09 18:26:36,0.8394736842105263,22.56,6.1147656,2.008414017602828,2511642.0,2756038144.0
WVE,2025-12-09 18:26:36,0.8832706766917293,20.5551,10.993582,5.008007432620883,4883338.0,3436438272.0
XMTR,2025-12-09 18:26:36,0.9022556390977444,62.57,7.4618397,0.8387221907843239,719231.0,3206565888.0
YOU,2025-12-09 18:26:36,0.9092105263157894,36.1912,11.118209,1.135773644262932,1582995.0,4879569920.0
AAOI,2025-12-09 18:26:37,0.7092105263157894,29.79,7.004313,0.4594637572651361,5238374.0,2034057984.0
ABVX,2025-12-09 18:26:37,0.8178571428571428,119.74,4.0764837,0.8384830489129307,1156504.0,9328143360.0
ALKT,2025-12-09 18:26:37,0.7120300751879699,22.52,5.480094,0.5202219265246874,1347473.0,2364690432.0
APO,2025-12-09 18:26:37,0.8828947368421051,145.79,6.1234803,0.7901047661325199,3496168.0,84619804672.0
ARES,2025-12-09 18:26:37,0.9774436090225564,178.6,8.73007,5.181459497604705,1930034.0,58513756160.0
AS,2025-12-09 18:26:37,0.7328947368421053,38.73,4.1409006,0.7992832520635282,5159973.0,21478551552.0
ASO,2025-12-09 18:26:37,0.8546992481203007,51.825,6.090077,0.8467769034751197,1714128.0,3452862976.0
BMNR,2025-12-09 18:26:37,0.8174812030075187,39.565,10.393411,0.7584532799022817,46597623.0,15195641856.0
BX,2025-12-09 18:26:37,0.7770676691729322,156.86,3.6268783,0.7967844810468658,4129660.0,192476446720.0
CLSK,2025-12-09 18:26:37,0.718984962406015,15.025,8.168459,0.6242147218241298,35859904.0,4016719872.0
COHR,2025-12-09 18:26:37,0.7780075187969925,193.41,4.062199,0.6539129258878685,4200284.0,30395080704.0
CRCL,2025-12-09 18:26:37,0.8407894736842104,89.7851,6.937951,0.7265364611379477,14187928.0,22844706816.0
CRWV,2025-12-09 18:26:37,0.7759398496240602,90.73,5.206407,0.6498136499539657,30295941.0,45212348416.0
DOCU,2025-12-09 18:26:37,0.8872180451127819,70.2201,6.327741,1.0288075096164218,2957701.0,14188867584.0
DXC,2025-12-09 18:26:37,0.7274436090225563,15.135,5.39694,0.722237407649494,2019480.0,2709144832.0
ESLT,2025-12-09 18:26:37,0.7511278195488721,501.36,3.3220665,0.6075081684296255,103141.0,23458502656.0
FLEX,2025-12-09 18:26:37,0.737781954887218,69.97,3.5978684,0.8031321782811609,4361246.0,26165737472.0
FROG,2025-12-09 18:26:37,0.8453007518796992,67.9,4.8163056,1.086770524660208,1332653.0,8033441280.0
GLXY,2025-12-09 18:26:37,0.7304511278195489,29.27,12.18858,0.4395110922016619,9246406.0,11821597696.0
KFY,2025-12-09 18:26:37,0.7898496240601502,67.395,3.7324848,0.9933458600452724,431611.0,3530890240.0
KKR,2025-12-09 18:26:37,0.7894736842105263,136.82,5.0522127,0.5825233411424432,4496031.0,126684651520.0
KNSL,2025-12-09 18:26:37,0.7723684210526316,366.575,3.377046,0.6618595538882773,251641.0,8541197824.0
LION,2025-12-09 18:26:37,0.7451127819548873,7.83,6.385866,0.9418753161410636,2297234.0,2268580608.0
LITE,2025-12-09 18:26:37,0.7661654135338347,357.24,4.2853785,0.5298386754212093,4190434.0,25332813824.0
MC,2025-12-09 18:26:37,0.7114661654135338,70.985,4.9297843,0.425493629924729,810273.0,5265696256.0
MESO,2025-12-09 18:26:37,0.7261278195488722,18.895,4.334621,0.7802500064567783,232314.0,2432651008.0
MKTX,2025-12-09 18:26:37,0.7146616541353383,172.815,4.6982946,0.4100037323800063,838607.0,6457020416.0
MSTR,2025-12-09 18:26:37,0.8436090225563909,193.46,5.3187456,0.7676504032958819,14989615.0,55591452672.0
NGVT,2025-12-09 18:26:37,0.8881578947368421,56.9,5.4094143,1.3766651707924495,247347.0,2074931584.0
NVST,2025-12-09 18:26:37,0.7210526315789474,21.04,5.1512914,0.6275898532655986,2018068.0,3496463616.0
OPCH,2025-12-09 18:26:37,0.7892857142857144,32.375,5.83524,0.6809649917200176,2100246.0,5254302208.0
PAAS,2025-12-09 18:26:37,0.9078947368421052,47.905,9.999999,1.8705779240849816,6376841.0,20218161152.0
PAC,2025-12-09 18:26:37,0.7821428571428571,246.0,3.6356764,0.679796218415564,87741.0,12451340288.0
PSNY,2025-12-09 18:26:37,0.900187969924812,18.69,11.829123,1.0457922595056572,164744.0,39609565184.0
RBRK,2025-12-09 18:26:37,0.7488721804511278,92.34,3.6363614,0.7892830399424374,3824704.0,18233333760.0
SDRL,2025-12-09 18:26:37,0.7409774436090226,32.825,4.1732802,0.7447974059059616,791336.0,2047432192.0
SEZL,2025-12-09 18:26:37,0.8033834586466164,70.98,4.8449135,0.6839888643837732,867846.0,2424187392.0
SHAK,2025-12-09 18:26:37,0.8443609022556391,81.6,4.8034906,0.9456279787405968,1311796.0,3483779328.0
SPOT,2025-12-09 18:26:37,0.8278195488721803,591.19,3.291697,1.1461787616258088,1748373.0,121722486784.0
SYM,2025-12-09 18:26:37,0.8370300751879699,63.92,5.685478,0.7913951400196871,2776431.0,37891289088.0
TERN,2025-12-09 18:26:37,0.8975563909774437,43.55,8.266932,1.3749575962621388,3095246.0,3922974464.0
TFX,2025-12-09 18:26:37,0.9725563909774436,132.2,10.332163,2.624697930983805,598787.0,5842500608.0
TRGP,2025-12-09 18:26:37,0.7298872180451127,185.48,3.56225,0.5549225833810814,1544565.0,39913783296.0
UL,2025-12-09 18:26:37,0.725,64.28,3.3232827,0.8181369862830499,2990971.0,157609328640.0
VIA,2025-12-09 18:26:37,0.7571428571428572,32.55,5.067785,0.6073674445082836,379426.0,2761444352.0
WPP,2025-12-09 18:26:37,0.7855263157894737,21.14,6.4451094,0.641108232346945,641093.0,4570434560.0
WRBY,2025-12-09 18:26:37,0.8394736842105263,22.56,6.1147656,2.008414017602828,2511642.0,2756038144.0
WVE,2025-12-09 18:26:37,0.8832706766917293,20.5551,10.993582,5.008007432620883,4883338.0,3436438272.0
XMTR,2025-12-09 18:26:37,0.9022556390977444,62.57,7.4618397,0.8387221907843239,719231.0,3206565888.0
YOU,2025-12-09 18:26:37,0.9092105263157894,36.1912,11.118209,1.135773644262932,1582995.0,4879569920.0
AAOI,2025-12-09 18:51:49,0.7330798479087453,29.96,7.6149387,0.5107707086206521,5238374.0,2045665408.0
ABVX,2025-12-09 18:51:49,0.8593155893536122,120.425,4.6718817,0.9169946666851132,1156504.0,9381507072.0
AGX,2025-12-09 18:51:49,0.7604562737642586,329.36,3.1474078,0.6891269189821776,369141.0,4569346048.0
ANF,2025-12-09 18:51:49,0.7612167300380228,100.48,4.6775765,0.5389537986049883,2091452.0,4607610880.0
APO,2025-12-09 18:51:49,0.8870722433460076,145.585,5.972486,0.8422847529066109,3496168.0,84500824064.0
ARES,2025-12-09 18:51:49,0.9745247148288972,177.33,7.9569025,5.428520948335625,1930034.0,58097672192.0
AS,2025-12-09 18:51:49,0.7513307984790873,38.84,4.436681,0.836118134726674,5159973.0,21539555328.0
ASO,2025-12-09 18:51:49,0.8484790874524714,51.72,5.8751335,0.885727320246796,1714128.0,3445867520.0
BMNR,2025-12-09 18:51:49,0.8133079847908746,39.2,9.375002,0.8021806605886314,46597623.0,15055458304.0
BX,2025-12-09 18:51:49,0.8079847908745247,157.11,3.7920365,0.8952417390293632,4129660.0,192783204352.0
COHR,2025-12-09 18:51:49,0.7726235741444867,192.99,3.8362234,0.6664985034345297,4200284.0,30329077760.0
CRCL,2025-12-09 18:51:49,0.8250950570342204,88.815,5.7825193,0.7533787174561359,14187928.0,22597877760.0
CRWV,2025-12-09 18:51:49,0.7600760456273764,90.25,4.649817,0.6729691281086136,30295941.0,44973154304.0
DOCU,2025-12-09 18:51:49,0.8507604562737643,70.07,6.1023602,0.7547862343083361,2957701.0,14158537728.0
DXC,2025-12-09 18:51:49,0.7391634980988593,15.116,5.2646275,0.7716313110305624,2019480.0,2705743872.0
ESLT,2025-12-09 18:51:49,0.8095057034220533,500.875,3.2221189,0.9341871806556074,103141.0,23435810816.0
FROG,2025-12-09 18:51:49,0.8787072243346008,68.27,5.387462,1.1599643718207215,1332653.0,8077216768.0
GLXY,2025-12-09 18:51:49,0.7184410646387833,28.91,10.808738,0.4598953366313354,9246406.0,11676199936.0
ILMN,2025-12-09 18:51:49,0.7874524714828897,133.1075,4.6026897,0.6148365847594675,1753692.0,20458622976.0
KFY,2025-12-09 18:51:49,0.7904942965779468,67.315,3.60936,1.1051432887484332,431611.0,3526699264.0
KKR,2025-12-09 18:51:49,0.8127376425855514,137.08,5.2502275,0.6419851197645212,4496031.0,126925389824.0
KNSL,2025-12-09 18:51:49,0.8015209125475286,367.51,3.640723,0.7275841377200059,251641.0,8562983424.0
LION,2025-12-09 18:51:49,0.7806083650190114,7.855,6.7255416,1.2188379590411773,2297234.0,2275823872.0
LITE,2025-12-09 18:51:49,0.7766159695817489,357.935,4.488265,0.5469197223962959,4190434.0,25382098944.0
MC,2025-12-09 18:51:49,0.7203422053231939,70.68,4.478934,0.5164740772554436,810273.0,5243071488.0
MKTX,2025-12-09 18:51:49,0.7173003802281369,172.83,4.7073817,0.419069957679819,838607.0,6457580544.0
MSTR,2025-12-09 18:51:49,0.8336501901140685,191.5373,4.27278,1.1316985126035592,14989615.0,55038955520.0
NGVT,2025-12-09 18:51:49,0.8819391634980989,56.795,5.2148924,1.4077470112837431,247347.0,2071102592.0
NVST,2025-12-09 18:51:49,0.7256653992395437,20.955,4.722637,0.6673095257444248,2018068.0,3482338048.0
OPCH,2025-12-09 18:51:49,0.7608365019011407,32.41,5.9496555,0.6011157740569438,2100246.0,5259982848.0
PAAS,2025-12-09 18:51:49,0.9125475285171102,47.94,10.080366,1.9546403932605505,6376841.0,20232933376.0
PAC,2025-12-09 18:51:49,0.8142585551330798,246.89,4.010618,0.6938147502307929,87741.0,12496388096.0
PSNY,2025-12-09 18:51:49,0.896958174904943,18.66,11.649617,1.0787282086145775,164744.0,39545987072.0
RBRK,2025-12-09 18:51:49,0.7711026615969582,92.43,3.737376,0.8419174398855441,3824704.0,18251106304.0
SDRL,2025-12-09 18:51:49,0.7606463878326996,32.905,4.427161,0.7778528968731361,791336.0,2052422016.0
SEZL,2025-12-09 18:51:49,0.8342205323193916,71.33,5.361898,0.7188464312792823,867846.0,2436141056.0
SHAK,2025-12-09 18:51:49,0.8731939163498098,81.9,5.188802,1.0410719349654978,1311796.0,3496587520.0
SPOT,2025-12-09 18:51:49,0.8551330798479088,593.025,3.6123087,1.186881746629581,1748373.0,122100301824.0
SYM,2025-12-09 18:51:49,0.7515209125475285,63.56,5.0925956,0.5531104500706122,2776431.0,37677883392.0
TERN,2025-12-09 18:51:49,0.885361216730038,43.95,9.246834,0.995618441959056,3095246.0,3959006464.0
TFX,2025-12-09 18:51:49,0.9747148288973384,132.75,10.791186,2.8248776276038057,598787.0,5866807808.0
TPG,2025-12-09 18:51:49,0.8045627376425856,65.49,6.1598306,0.5684980205036995,1772168.0,25104623616.0
TRGP,2025-12-09 18:51:49,0.7247148288973384,184.97,3.2774959,0.5972056857432352,1544565.0,39804039168.0
UL,2025-12-09 18:51:49,0.7258555133079848,64.25,3.2750628,0.8453783069110332,2990971.0,157535764480.0
VIA,2025-12-09 18:51:49,0.729657794676806,32.36,4.45449,0.6305050260129775,379426.0,2745325312.0
WPP,2025-12-09 18:51:49,0.7908745247148289,21.13,6.394756,0.6679077762508716,641093.0,4568272896.0
WRBY,2025-12-09 18:51:49,0.861596958174905,22.725,6.8908753,2.1270551296721427,2511642.0,2776195584.0
WVE,2025-12-09 18:51:49,0.900380228136882,21.2203,14.566533,5.386787889759013,4883338.0,3547648000.0
XMTR,2025-12-09 18:51:49,0.8642585551330799,61.52,5.65001,0.9041629184504004,719231.0,3152755712.0
YOU,2025-12-09 18:51:49,0.9110266159695816,36.09,10.807493,1.17520206949485,1582995.0,4865925120.0
AAOI,2025-12-09 19:15:33,0.73485401459854,29.73,6.7887907,0.5468500339990997,5238374.0,2029961088.0
ABVX,2025-12-09 19:15:33,0.8680656934306569,120.43,4.6762257,0.9476534452107386,1156504.0,9381897216.0
ANF,2025-12-09 19:15:33,0.7711678832116788,100.525,4.7244544,0.5717989224710871,2091452.0,4609674240.0
APO,2025-12-09 19:15:33,0.8917883211678832,145.285,5.754112,0.8920672576375048,3496168.0,84326694912.0
ARES,2025-12-09 19:15:33,0.9731751824817518,177.47,8.042133,5.667835903408956,1930034.0,58143539200.0
AS,2025-12-09 19:15:33,0.7678832116788321,38.83,4.409796,0.8656116999061817,5159973.0,21534011392.0
ASO,2025-12-09 19:15:33,0.8914233576642334,52.37,7.2057333,0.9504115211932832,1714128.0,3489173760.0
BMNR,2025-12-09 19:15:33,0.8282846715328466,39.3379,9.756466,0.8366872275866947,46597623.0,15108420608.0
BX,2025-12-09 19:15:33,0.7928832116788321,156.56,3.4286864,0.9496762445334482,4129660.0,192108331008.0
COHR,2025-12-09 19:15:33,0.7748175182481751,193.12,3.906163,0.6811910813649744,4200284.0,30349506560.0
CRCL,2025-12-09 19:15:33,0.8401459854014599,89.01,6.0147724,0.7739627660924132,14187928.0,22647492608.0
CRWV,2025-12-09 19:15:33,0.7917883211678832,90.59,5.0440617,0.7005275723239625,30295941.0,45142581248.0
CVS,2025-12-09 19:15:33,0.7259124087591241,78.8135,2.983798,1.1161855414014967,7431398.0,100048412672.0
DOCU,2025-12-09 19:15:33,0.8450729927007299,69.8,5.6935225,0.7880891273323436,2957701.0,14103982080.0
DXC,2025-12-09 19:15:33,0.7576642335766424,15.135,5.39694,0.8111454433814645,2019480.0,2709144832.0
EGO,2025-12-09 19:15:33,0.7326642335766423,32.63,5.7013288,0.5557102101092579,2097147.0,6588329472.0
ESLT,2025-12-09 19:15:33,0.7322992700729927,500.15,3.0727072,0.6442733733432874,103141.0,23401887744.0
FLEX,2025-12-09 19:15:33,0.7492700729927007,69.89,3.479922,0.9344756062831584,4361246.0,26135820288.0
FROG,2025-12-09 19:15:33,0.9158759124087592,68.55,5.818357,1.5345757672852574,1332653.0,8110345216.0
GLXY,2025-12-09 19:15:33,0.7958029197080292,28.87,10.663601,0.6581345227540301,9246406.0,11660045312.0
ILMN,2025-12-09 19:15:33,0.7337591240875911,132.225,3.9096315,0.5579314953823135,1753692.0,20322983936.0
KFY,2025-12-09 19:15:33,0.822992700729927,67.52,3.9248812,1.1469054310478648,431611.0,3537438976.0
KKR,2025-12-09 19:15:33,0.8222627737226277,136.74,4.990786,0.6874056250946669,4496031.0,126610579456.0
KNSL,2025-12-09 19:15:33,0.8262773722627738,368.7112,3.9794714,0.7778342956831359,251641.0,8590970880.0
LION,2025-12-09 19:15:33,0.7892335766423357,7.875,6.99253,1.321232839144815,2297234.0,2281618432.0
LITE,2025-12-09 19:15:33,0.7947080291970803,359.0,4.79916,0.56055578014115,4190434.0,25457620992.0
MKTX,2025-12-09 19:15:33,0.7255474452554744,173.305,4.9951506,0.430885981156847,838607.0,6475328000.0
MSTR,2025-12-09 19:15:33,0.8348540145985401,192.265,4.668189,0.834185734590248,14989615.0,55248064512.0
NGVT,2025-12-09 19:15:33,0.895985401459854,56.7656,5.1604276,1.4788818946661977,247347.0,2070030464.0
OPCH,2025-12-09 19:15:33,0.8060218978102188,32.189,5.2270246,0.8248686106294215,2100246.0,5224115200.0
PAAS,2025-12-09 19:15:33,0.9222627737226275,47.9582,10.122157,2.0255897865416435,6376841.0,20240613376.0
SDRL,2025-12-09 19:15:33,0.7808394160583942,32.915,4.458904,0.8341778966203989,791336.0,2053045888.0
SEZL,2025-12-09 19:15:33,0.8363138686131387,71.12,5.0517073,0.7732754428781143,867846.0,2428968960.0
SHAK,2025-12-09 19:15:33,0.8204379562043794,80.96,3.9815032,1.114563544941439,1311796.0,3456455680.0
SKE,2025-12-09 19:15:33,0.7279197080291971,23.3399,4.149483,0.7484980765114063,798809.0,2826306304.0
SPOT,2025-12-09 19:15:33,0.8541970802919708,593.295,3.6594756,1.2252997501105314,1748373.0,122155884544.0
SYM,2025-12-09 19:15:33,0.7912408759124088,62.99,4.1432853,0.8866771765622845,2776431.0,37339992064.0
TERN,2025-12-09 19:15:33,0.8822992700729926,43.45,8.003981,1.0837377707620008,3095246.0,3913966592.0
TFX,2025-12-09 19:15:33,0.9824817518248176,134.05,11.876151,2.9897526165397714,598787.0,5924260352.0
TPG,2025-12-09 19:15:33,0.8229927007299269,65.71,6.517511,0.6425423549008897,1772168.0,25188958208.0
TRGP,2025-12-09 19:15:33,0.7416058394160583,184.985,3.2858706,0.6690705797425165,1544565.0,39807266816.0
TSEM,2025-12-09 19:15:33,0.7562043795620438,122.475,3.529159,0.6989344166066513,1456573.0,13732362240.0
UL,2025-12-09 19:15:33,0.7288321167883212,64.245,3.2670302,0.876828294222846,2990971.0,157523509248.0
VIA,2025-12-09 19:15:33,0.7666058394160584,32.505,4.922536,0.661691607849752,379426.0,2757626880.0
WPP,2025-12-09 19:15:33,0.8023722627737226,21.1365,6.427486,0.7056604891957953,641093.0,4569677824.0
WRBY,2025-12-09 19:15:33,0.8697080291970805,22.76,7.0555034,2.370945779693125,2511642.0,2780471296.0
WVE,2025-12-09 19:15:33,0.9096715328467152,21.27,14.848812,5.907127051209644,4883338.0,3555956736.0
XMTR,2025-12-09 19:15:33,0.8839416058394161,61.589,5.7763433,0.9632496374600094,719231.0,3156291840.0
XOM,2025-12-09 19:15:33,0.724087591240876,118.5545,2.2197735,1.1346596254515071,14524955.0,505427099648.0
YOU,2025-12-09 19:15:33,0.9193430656934308,36.075,10.766399,1.248012154176103,1582995.0,4863902720.0
AAOI,2025-12-09 19:27:39,0.7491007194244603,30.16,8.333332,0.5667470478434721,5238374.0,2059321472.0
ABVX,2025-12-09 19:27:39,0.8654676258992805,119.71,4.049966,1.3429369894094616,1156504.0,9325806592.0
AGX,2025-12-09 19:27:39,0.7850719424460432,330.1086,3.3818593,0.7460807658862061,369141.0,4579731968.0
ANF,2025-12-09 19:27:39,0.743884892086331,100.11,4.2921166,0.5822978485760132,2091452.0,4590644224.0
APO,2025-12-09 19:27:39,0.885251798561151,144.81,5.408351,0.9098089679900966,3496168.0,84050993152.0
ARES,2025-12-09 19:27:39,0.9746402877697842,177.74,8.206509,5.760848772612296,1930034.0,58232000512.0
AS,2025-12-09 19:27:39,0.7701438848920864,38.815,4.3694544,0.8802079003126567,5159973.0,21525690368.0
ASO,2025-12-09 19:27:39,0.8814748201438848,52.28,7.0214953,0.9783032538993588,1714128.0,3483177472.0
BMNR,2025-12-09 19:27:39,0.8278776978417266,39.465,10.114397,0.8562153910726304,46597623.0,15157235712.0
BX,2025-12-09 19:27:39,0.8037769784172663,156.6,3.4551175,0.9830627703007028,4129660.0,192157417472.0
COHR,2025-12-09 19:27:39,0.783453237410072,193.44,4.0783396,0.6930288523347469,4200284.0,30399795200.0
CRCL,2025-12-09 19:27:39,0.84136690647482,89.15,6.181518,0.7850180096769592,14187928.0,22683113472.0
CRWV,2025-12-09 19:27:39,0.7874100719424459,90.69,5.160024,0.7258102331266093,30295941.0,45192417280.0
DOCU,2025-12-09 19:27:39,0.8471223021582734,69.815,5.7162347,0.8048518088880519,2957701.0,14107013120.0
DXC,2025-12-09 19:27:39,0.7284172661870503,15.045,4.7701983,0.8288524768752352,2019480.0,2693035008.0
EGO,2025-12-09 19:27:39,0.7347122302158273,32.58,5.5393615,0.5730208707353371,2097147.0,6578233856.0
ESLT,2025-12-09 19:27:39,0.7284172661870503,500.15,3.0727072,0.6464839394615138,103141.0,23401887744.0
FFIV,2025-12-09 19:27:39,0.7987410071942446,257.13,3.5937302,0.7672637671025678,955339.0,14936583168.0
FLEX,2025-12-09 19:27:39,0.7660071942446043,69.975,3.6050003,0.9811755631303531,4361246.0,26167607296.0
FROG,2025-12-09 19:27:39,0.9066546762589928,68.62,5.9277616,1.2715252957821728,1332653.0,8118626816.0
GLXY,2025-12-09 19:27:39,0.7224820143884891,28.96,11.000379,0.4881864369788651,9246406.0,11696394240.0
ILMN,2025-12-09 19:27:39,0.8073741007194244,132.41,4.057564,0.7770668965816119,1753692.0,20351418368.0
KFY,2025-12-09 19:27:39,0.8262589928057554,67.595,4.040326,1.1957410724008424,431611.0,3541368576.0
KKR,2025-12-09 19:27:39,0.8241007194244604,136.555,4.8496614,0.7387760449160604,4496031.0,126439268352.0
KNSL,2025-12-09 19:27:39,0.8285971223021582,368.28,3.8578658,0.8056437543961437,251641.0,8580923904.0
LION,2025-12-09 19:27:39,0.7719424460431654,7.79,5.842389,1.3370357569146198,2297234.0,2256991232.0
LITE,2025-12-09 19:27:39,0.8052158273381295,360.46,5.2253604,0.572659538367625,4190434.0,25561151488.0
MSTR,2025-12-09 19:27:39,0.8582733812949641,193.2875,5.2248373,0.8510999115053989,14989615.0,55541886976.0
NGVT,2025-12-09 19:27:39,0.8987410071942447,56.88,5.372363,1.4995977311226738,247347.0,2074202240.0
OPCH,2025-12-09 19:27:39,0.7922661870503597,32.11,4.970571,0.8508398539980555,2100246.0,5211294208.0
PAAS,2025-12-09 19:27:39,0.9196043165467626,47.91,10.011482,2.060027527736696,6376841.0,20220272640.0
RELY,2025-12-09 19:27:39,0.7237410071942447,14.15,4.733723,0.8964063564018306,3804857.0,2957999872.0
SDRL,2025-12-09 19:27:39,0.7735611510791366,32.87,4.3160863,0.8460742339537187,791336.0,2050238976.0
SEZL,2025-12-09 19:27:39,0.8381294964028776,71.2,5.1698675,0.7940314295393422,867846.0,2431700992.0
SHAK,2025-12-09 19:27:39,0.7906474820143886,80.57,3.4806051,1.137971147952883,1311796.0,3439805184.0
SKE,2025-12-09 19:27:39,0.7663669064748202,23.475,4.7544665,0.8220287953691058,798809.0,2842665984.0
SPOT,2025-12-09 19:27:39,0.849820143884892,592.48,3.5170183,1.242494021584639,1748373.0,121988079616.0
SYM,2025-12-09 19:27:39,0.7919064748201439,62.985,4.13742,0.9035747691910946,2776431.0,37337030656.0
TERN,2025-12-09 19:27:39,0.8794964028776977,43.26,7.5316896,1.1083988154737945,3095246.0,3896851200.0
TFX,2025-12-09 19:27:39,0.983453237410072,133.76,11.634114,3.1097585618926264,598787.0,5911443968.0
TPG,2025-12-09 19:27:39,0.7526978417266188,65.655,6.427298,0.4819142428934503,1772168.0,25167874048.0
TRGP,2025-12-09 19:27:39,0.7474820143884892,185.025,3.3082008,0.6993742574770243,1544565.0,39815872512.0
UL,2025-12-09 19:27:39,0.7280575539568346,64.23,3.2429204,0.8918779219190022,2990971.0,157486743552.0
VIA,2025-12-09 19:27:39,0.7741007194244603,32.59,5.196903,0.6681329165634405,379426.0,2764837888.0
WPP,2025-12-09 19:27:39,0.7982014388489208,21.12,6.344412,0.7303292969974715,641093.0,4566111232.0
WRBY,2025-12-09 19:27:39,0.868705035971223,22.72,6.867352,2.460108168281945,2511642.0,2775584512.0
WVE,2025-12-09 19:27:39,0.9109712230215828,21.42,15.650294,6.118615176750001,4883338.0,3581033984.0
XMTR,2025-12-09 19:27:39,0.8516187050359711,61.88,6.2682495,0.7396802974287816,719231.0,3171205120.0
XOM,2025-12-09 19:27:39,0.7215827338129496,118.555,2.2202077,1.151003221696728,14524955.0,505429262336.0
YOU,2025-12-09 19:27:39,0.9149280575539568,36.1,10.838191,1.292319306125414,1582995.0,4867273216.0
AAOI,2025-12-09 19:27:40,0.7491007194244603,30.16,8.333332,0.5667470478434721,5238374.0,2059321472.0
ABVX,2025-12-09 19:27:40,0.8654676258992805,119.71,4.049966,1.3429369894094616,1156504.0,9325806592.0
AGX,2025-12-09 19:27:40,0.7850719424460432,330.1086,3.3818593,0.7460807658862061,369141.0,4579731968.0
ANF,2025-12-09 19:27:40,0.743884892086331,100.11,4.2921166,0.5822978485760132,2091452.0,4590644224.0
APO,2025-12-09 19:27:40,0.885251798561151,144.81,5.408351,0.9098089679900966,3496168.0,84050993152.0
ARES,2025-12-09 19:27:40,0.9746402877697842,177.74,8.206509,5.760848772612296,1930034.0,58232000512.0
AS,2025-12-09 19:27:40,0.7701438848920864,38.815,4.3694544,0.8802079003126567,5159973.0,21525690368.0
ASO,2025-12-09 19:27:40,0.8814748201438848,52.28,7.0214953,0.9783032538993588,1714128.0,3483177472.0
BMNR,2025-12-09 19:27:40,0.8278776978417266,39.465,10.114397,0.8562153910726304,46597623.0,15157235712.0
BX,2025-12-09 19:27:40,0.8037769784172663,156.6,3.4551175,0.9830627703007028,4129660.0,192157417472.0
COHR,2025-12-09 19:27:40,0.783453237410072,193.44,4.0783396,0.6930288523347469,4200284.0,30399795200.0
CRCL,2025-12-09 19:27:40,0.84136690647482,89.15,6.181518,0.7850180096769592,14187928.0,22683113472.0
CRWV,2025-12-09 19:27:40,0.7874100719424459,90.69,5.160024,0.7258102331266093,30295941.0,45192417280.0
DOCU,2025-12-09 19:27:40,0.8471223021582734,69.815,5.7162347,0.8048518088880519,2957701.0,14107013120.0
DXC,2025-12-09 19:27:40,0.7284172661870503,15.045,4.7701983,0.8288524768752352,2019480.0,2693035008.0
EGO,2025-12-09 19:27:40,0.7347122302158273,32.58,5.5393615,0.5730208707353371,2097147.0,6578233856.0
ESLT,2025-12-09 19:27:40,0.7284172661870503,500.15,3.0727072,0.6464839394615138,103141.0,23401887744.0
FFIV,2025-12-09 19:27:40,0.7987410071942446,257.13,3.5937302,0.7672637671025678,955339.0,14936583168.0
FLEX,2025-12-09 19:27:40,0.7660071942446043,69.975,3.6050003,0.9811755631303531,4361246.0,26167607296.0
FROG,2025-12-09 19:27:40,0.9066546762589928,68.62,5.9277616,1.2715252957821728,1332653.0,8118626816.0
GLXY,2025-12-09 19:27:40,0.7224820143884891,28.96,11.000379,0.4881864369788651,9246406.0,11696394240.0
ILMN,2025-12-09 19:27:40,0.8073741007194244,132.41,4.057564,0.7770668965816119,1753692.0,20351418368.0
KFY,2025-12-09 19:27:40,0.8262589928057554,67.595,4.040326,1.1957410724008424,431611.0,3541368576.0
KKR,2025-12-09 19:27:40,0.8241007194244604,136.555,4.8496614,0.7387760449160604,4496031.0,126439268352.0
KNSL,2025-12-09 19:27:40,0.8285971223021582,368.28,3.8578658,0.8056437543961437,251641.0,8580923904.0
LION,2025-12-09 19:27:40,0.7719424460431654,7.79,5.842389,1.3370357569146198,2297234.0,2256991232.0
LITE,2025-12-09 19:27:40,0.8052158273381295,360.46,5.2253604,0.572659538367625,4190434.0,25561151488.0
MSTR,2025-12-09 19:27:40,0.8582733812949641,193.2875,5.2248373,0.8510999115053989,14989615.0,55541886976.0
NGVT,2025-12-09 19:27:40,0.8987410071942447,56.88,5.372363,1.4995977311226738,247347.0,2074202240.0
OPCH,2025-12-09 19:27:40,0.7922661870503597,32.11,4.970571,0.8508398539980555,2100246.0,5211294208.0
PAAS,2025-12-09 19:27:40,0.9196043165467626,47.91,10.011482,2.060027527736696,6376841.0,20220272640.0
RELY,2025-12-09 19:27:40,0.7237410071942447,14.15,4.733723,0.8964063564018306,3804857.0,2957999872.0
SDRL,2025-12-09 19:27:40,0.7735611510791366,32.87,4.3160863,0.8460742339537187,791336.0,2050238976.0
SEZL,2025-12-09 19:27:40,0.8381294964028776,71.2,5.1698675,0.7940314295393422,867846.0,2431700992.0
SHAK,2025-12-09 19:27:40,0.7906474820143886,80.57,3.4806051,1.137971147952883,1311796.0,3439805184.0
SKE,2025-12-09 19:27:40,0.7663669064748202,23.475,4.7544665,0.8220287953691058,798809.0,2842665984.0
SPOT,2025-12-09 19:27:40,0.849820143884892,592.48,3.5170183,1.242494021584639,1748373.0,121988079616.0
SYM,2025-12-09 19:27:40,0.7919064748201439,62.985,4.13742,0.9035747691910946,2776431.0,37337030656.0
TERN,2025-12-09 19:27:40,0.8794964028776977,43.26,7.5316896,1.1083988154737945,3095246.0,3896851200.0
TFX,2025-12-09 19:27:40,0.983453237410072,133.76,11.634114,3.1097585618926264,598787.0,5911443968.0
TPG,2025-12-09 19:27:40,0.7526978417266188,65.655,6.427298,0.4819142428934503,1772168.0,25167874048.0
TRGP,2025-12-09 19:27:40,0.7474820143884892,185.025,3.3082008,0.6993742574770243,1544565.0,39815872512.0
UL,2025-12-09 19:27:40,0.7280575539568346,64.23,3.2429204,0.8918779219190022,2990971.0,157486743552.0
VIA,2025-12-09 19:27:40,0.7741007194244603,32.59,5.196903,0.6681329165634405,379426.0,2764837888.0
WPP,2025-12-09 19:27:40,0.7982014388489208,21.12,6.344412,0.7303292969974715,641093.0,4566111232.0
WRBY,2025-12-09 19:27:40,0.868705035971223,22.72,6.867352,2.460108168281945,2511642.0,2775584512.0
WVE,2025-12-09 19:27:40,0.9109712230215828,21.42,15.650294,6.118615176750001,4883338.0,3581033984.0
XMTR,2025-12-09 19:27:40,0.8516187050359711,61.88,6.2682495,0.7396802974287816,719231.0,3171205120.0
XOM,2025-12-09 19:27:40,0.7215827338129496,118.555,2.2202077,1.151003221696728,14524955.0,505429262336.0
YOU,2025-12-09 19:27:40,0.9149280575539568,36.1,10.838191,1.292319306125414,1582995.0,4867273216.0
AAOI,2025-12-09 19:40:22,0.7342560553633217,30.02,7.830461,0.5766121319325425,5238374.0,2049762304.0
ABVX,2025-12-09 19:40:22,0.801038062283737,118.805,3.2637959,1.3667579186928882,1156504.0,9255304192.0
AGX,2025-12-09 19:40:22,0.8008650519031141,331.465,3.8066452,0.7642283030061684,369141.0,4598550016.0
APO,2025-12-09 19:40:22,0.8717993079584776,144.75,5.3646784,0.9377890307330768,3496168.0,84016168960.0
ARES,2025-12-09 19:40:22,0.976470588235294,178.49,8.663102,5.915778167638497,1930034.0,58477719552.0
AS,2025-12-09 19:40:22,0.7640138408304499,38.89,4.5711236,0.8922009863229905,5159973.0,21567283200.0
ASO,2025-12-09 19:40:22,0.880795847750865,52.4,7.267151,1.010464796094574,1714128.0,3491172864.0
AUGO,2025-12-09 19:40:22,0.7721453287197231,42.8,5.993061,0.5924584605486227,506687.0,3575276800.0
BMNR,2025-12-09 19:40:22,0.8262975778546712,39.62,10.546871,0.8763090340466508,46597623.0,15216765952.0
BX,2025-12-09 19:40:22,0.7987889273356402,156.93,3.6731174,1.0080115554307134,4129660.0,192562331648.0
COHR,2025-12-09 19:40:22,0.7996539792387543,194.2,4.4872465,0.7073952618441991,4200284.0,30519232512.0
CRCL,2025-12-09 19:40:22,0.8335640138408303,88.87,5.848027,0.7982893626186995,14187928.0,22611871744.0
CRWV,2025-12-09 19:40:22,0.814878892733564,90.675,5.1426315,0.94128352045576,30295941.0,45184942080.0
DOCU,2025-12-09 19:40:22,0.871280276816609,69.675,5.504243,1.1907315851061349,2957701.0,14078724096.0
EMBJ,2025-12-09 19:40:22,0.7422145328719723,65.815,3.2878237,0.9781618859183288,1030034.0,12069914624.0
ESLT,2025-12-09 19:40:22,0.7532871972318339,501.895,3.432322,0.6564314869935332,103141.0,23483535360.0
FLEX,2025-12-09 19:40:22,0.7261245674740484,70.37,4.190112,0.657605188975811,4361246.0,26315321344.0
FROG,2025-12-09 19:40:22,0.8999999999999999,68.508,5.7548695,1.3220493256684225,1332653.0,8105375744.0
GLXY,2025-12-09 19:40:22,0.7167820069204153,29.13,11.65197,0.5056097471817699,9246406.0,11765053440.0
ILMN,2025-12-09 19:40:22,0.742560553633218,132.375,4.027505,0.6055607256006186,1753692.0,20346038272.0
KFY,2025-12-09 19:40:22,0.8131487889273356,67.51,3.9091973,1.211864387144906,431611.0,3536915456.0
KKR,2025-12-09 19:40:22,0.8339100346020761,136.95,5.1520205,0.7728296357387215,4496031.0,126805016576.0
KNSL,2025-12-09 19:40:22,0.8328719723183391,368.71,3.9791272,0.8558899384440533,251641.0,8590943232.0
LION,2025-12-09 19:40:22,0.7593425605536333,7.775,5.6385865,1.3555819737997958,2297234.0,2252645376.0
LITE,2025-12-09 19:40:22,0.7980968858131487,361.1,5.4121933,0.5842798144535865,4190434.0,25606537216.0
MSTR,2025-12-09 19:40:22,0.8837370242214533,193.515,5.3486834,1.217584974664126,14989615.0,55607255040.0
NGVT,2025-12-09 19:40:22,0.8929065743944636,56.9,5.4094143,1.5572171888076265,247347.0,2074931584.0
OPCH,2025-12-09 19:40:22,0.7346020761245673,32.1163,4.9895344,0.6645450104416339,2100246.0,5212316672.0
PAAS,2025-12-09 19:40:22,0.9159169550173012,47.835,9.839266,2.213391552337592,6376841.0,20188618752.0
PAC,2025-12-09 19:40:22,0.7998269896193771,246.325,3.772592,0.7745409785619037,87741.0,12467789824.0
PSNY,2025-12-09 19:40:22,0.9013840830449826,18.745,12.15821,1.176570922158015,164744.0,39726129152.0
RELY,2025-12-09 19:40:22,0.7280276816608996,14.185,4.9963,0.9215460659888136,3804857.0,2965316608.0
SDRL,2025-12-09 19:40:22,0.7712802768166089,32.91,4.4430327,0.8602881708907468,791336.0,2052733952.0
SEZL,2025-12-09 19:40:22,0.8223183391003459,70.995,4.8670692,0.8149959785491896,867846.0,2424699648.0
SHAK,2025-12-09 19:40:22,0.7956747404844291,80.79,3.763165,1.1579986522294623,1311796.0,3449197824.0
SKE,2025-12-09 19:40:22,0.8096885813148789,23.655,5.5642495,0.9093137408316632,798809.0,2864462848.0
SPOT,2025-12-09 19:40:22,0.8217993079584776,590.68,3.202589,1.2756745843135304,1748373.0,121617473536.0
STEP,2025-12-09 19:40:22,0.7505190311418685,64.4,3.287896,1.012472315599927,671407.0,8007974400.0
SYM,2025-12-09 19:40:22,0.7235294117647058,63.14,4.398148,0.6339451619723306,2776431.0,37428912128.0
TERN,2025-12-09 19:40:22,0.8640138408304499,42.98,6.835695,1.1349527630437128,3095246.0,3871629056.0
TFX,2025-12-09 19:40:22,0.9821799307958478,134.095,11.919177,3.190234590931333,598787.0,5926248960.0
TPG,2025-12-09 19:40:22,0.7539792387543253,65.82,6.694766,0.5072521341091816,1772168.0,25231124480.0
TRGP,2025-12-09 19:40:22,0.7645328719723183,185.34,3.4840815,0.7364992732581666,1544565.0,39883657216.0
VIA,2025-12-09 19:40:22,0.732871972318339,32.275,4.187557,0.7138915098069188,379426.0,2738114304.0
VSCO,2025-12-09 19:40:22,0.7261245674740485,52.55,3.7512293,0.7898475847054236,2533604.0,4218132224.0
WPP,2025-12-09 19:40:22,0.7980968858131486,21.1201,6.344943,0.7442243169087792,641093.0,4566132736.0
WRBY,2025-12-09 19:40:22,0.8719723183391003,22.895,7.6905,2.5241356053131776,2511642.0,2796963584.0
WVE,2025-12-09 19:40:22,0.9060553633217991,21.31,15.06479,6.256524533014098,4883338.0,3562643968.0
XMTR,2025-12-09 19:40:22,0.8326989619377161,61.445,5.5212092,0.7688642452841994,719231.0,3148912128.0
YOU,2025-12-09 19:40:22,0.9060553633217994,35.7735,9.835735,1.32143121109037,1582995.0,4823251968.0
AAOI,2025-12-09 19:40:23,0.7342560553633217,30.02,7.830461,0.5766121319325425,5238374.0,2049762304.0
ABVX,2025-12-09 19:40:23,0.801038062283737,118.805,3.2637959,1.3667579186928882,1156504.0,9255304192.0
AGX,2025-12-09 19:40:23,0.8008650519031141,331.465,3.8066452,0.7642283030061684,369141.0,4598550016.0
APO,2025-12-09 19:40:23,0.8717993079584776,144.75,5.3646784,0.9377890307330768,3496168.0,84016168960.0
ARES,2025-12-09 19:40:23,0.976470588235294,178.49,8.663102,5.915778167638497,1930034.0,58477719552.0
AS,2025-12-09 19:40:23,0.7640138408304499,38.89,4.5711236,0.8922009863229905,5159973.0,21567283200.0
ASO,2025-12-09 19:40:23,0.880795847750865,52.4,7.267151,1.010464796094574,1714128.0,3491172864.0
AUGO,2025-12-09 19:40:23,0.7721453287197231,42.8,5.993061,0.5924584605486227,506687.0,3575276800.0
BMNR,2025-12-09 19:40:23,0.8262975778546712,39.62,10.546871,0.8763090340466508,46597623.0,15216765952.0
BX,2025-12-09 19:40:23,0.7987889273356402,156.93,3.6731174,1.0080115554307134,4129660.0,192562331648.0
COHR,2025-12-09 19:40:23,0.7996539792387543,194.2,4.4872465,0.7073952618441991,4200284.0,30519232512.0
CRCL,2025-12-09 19:40:23,0.8335640138408303,88.87,5.848027,0.7982893626186995,14187928.0,22611871744.0
CRWV,2025-12-09 19:40:23,0.814878892733564,90.675,5.1426315,0.94128352045576,30295941.0,45184942080.0
DOCU,2025-12-09 19:40:23,0.871280276816609,69.675,5.504243,1.1907315851061349,2957701.0,14078724096.0
EMBJ,2025-12-09 19:40:23,0.7422145328719723,65.815,3.2878237,0.9781618859183288,1030034.0,12069914624.0
ESLT,2025-12-09 19:40:23,0.7532871972318339,501.895,3.432322,0.6564314869935332,103141.0,23483535360.0
FLEX,2025-12-09 19:40:23,0.7261245674740484,70.37,4.190112,0.657605188975811,4361246.0,26315321344.0
FROG,2025-12-09 19:40:23,0.8999999999999999,68.508,5.7548695,1.3220493256684225,1332653.0,8105375744.0
GLXY,2025-12-09 19:40:23,0.7167820069204153,29.13,11.65197,0.5056097471817699,9246406.0,11765053440.0
ILMN,2025-12-09 19:40:23,0.742560553633218,132.375,4.027505,0.6055607256006186,1753692.0,20346038272.0
KFY,2025-12-09 19:40:23,0.8131487889273356,67.51,3.9091973,1.211864387144906,431611.0,3536915456.0
KKR,2025-12-09 19:40:23,0.8339100346020761,136.95,5.1520205,0.7728296357387215,4496031.0,126805016576.0
KNSL,2025-12-09 19:40:23,0.8328719723183391,368.71,3.9791272,0.8558899384440533,251641.0,8590943232.0
LION,2025-12-09 19:40:23,0.7593425605536333,7.775,5.6385865,1.3555819737997958,2297234.0,2252645376.0
LITE,2025-12-09 19:40:23,0.7980968858131487,361.1,5.4121933,0.5842798144535865,4190434.0,25606537216.0
MSTR,2025-12-09 19:40:23,0.8837370242214533,193.515,5.3486834,1.217584974664126,14989615.0,55607255040.0
NGVT,2025-12-09 19:40:23,0.8929065743944636,56.9,5.4094143,1.5572171888076265,247347.0,2074931584.0
OPCH,2025-12-09 19:40:23,0.7346020761245673,32.1163,4.9895344,0.6645450104416339,2100246.0,5212316672.0
PAAS,2025-12-09 19:40:23,0.9159169550173012,47.835,9.839266,2.213391552337592,6376841.0,20188618752.0
PAC,2025-12-09 19:40:23,0.7998269896193771,246.325,3.772592,0.7745409785619037,87741.0,12467789824.0
PSNY,2025-12-09 19:40:23,0.9013840830449826,18.745,12.15821,1.176570922158015,164744.0,39726129152.0
RELY,2025-12-09 19:40:23,0.7280276816608996,14.185,4.9963,0.9215460659888136,3804857.0,2965316608.0
SDRL,2025-12-09 19:40:23,0.7712802768166089,32.91,4.4430327,0.8602881708907468,791336.0,2052733952.0
SEZL,2025-12-09 19:40:23,0.8223183391003459,70.995,4.8670692,0.8149959785491896,867846.0,2424699648.0
SHAK,2025-12-09 19:40:23,0.7956747404844291,80.79,3.763165,1.1579986522294623,1311796.0,3449197824.0
SKE,2025-12-09 19:40:23,0.8096885813148789,23.655,5.5642495,0.9093137408316632,798809.0,2864462848.0
SPOT,2025-12-09 19:40:23,0.8217993079584776,590.68,3.202589,1.2756745843135304,1748373.0,121617473536.0
STEP,2025-12-09 19:40:23,0.7505190311418685,64.4,3.287896,1.012472315599927,671407.0,8007974400.0
SYM,2025-12-09 19:40:23,0.7235294117647058,63.14,4.398148,0.6339451619723306,2776431.0,37428912128.0
TERN,2025-12-09 19:40:23,0.8640138408304499,42.98,6.835695,1.1349527630437128,3095246.0,3871629056.0
TFX,2025-12-09 19:40:23,0.9821799307958478,134.095,11.919177,3.190234590931333,598787.0,5926248960.0
TPG,2025-12-09 19:40:23,0.7539792387543253,65.82,6.694766,0.5072521341091816,1772168.0,25231124480.0
TRGP,2025-12-09 19:40:23,0.7645328719723183,185.34,3.4840815,0.7364992732581666,1544565.0,39883657216.0
VIA,2025-12-09 19:40:23,0.732871972318339,32.275,4.187557,0.7138915098069188,379426.0,2738114304.0
VSCO,2025-12-09 19:40:23,0.7261245674740485,52.55,3.7512293,0.7898475847054236,2533604.0,4218132224.0
WPP,2025-12-09 19:40:23,0.7980968858131486,21.1201,6.344943,0.7442243169087792,641093.0,4566132736.0
WRBY,2025-12-09 19:40:23,0.8719723183391003,22.895,7.6905,2.5241356053131776,2511642.0,2796963584.0
WVE,2025-12-09 19:40:23,0.9060553633217991,21.31,15.06479,6.256524533014098,4883338.0,3562643968.0
XMTR,2025-12-09 19:40:23,0.8326989619377161,61.445,5.5212092,0.7688642452841994,719231.0,3148912128.0
YOU,2025-12-09 19:40:23,0.9060553633217994,35.7735,9.835735,1.32143121109037,1582995.0,4823251968.0
AAOI,2025-12-09 19:51:26,0.8154362416107382,30.015,7.812497,0.8116621684515081,5238374.0,2049420800.0
ABVX,2025-12-09 19:51:26,0.8369127516778524,119.3423,3.7299123,1.3835144539059094,1156504.0,9297161216.0
AGX,2025-12-09 19:51:26,0.7958053691275168,331.24,3.7185938,0.7758173705982266,369141.0,4595428352.0
ANF,2025-12-09 19:51:26,0.7390939597315436,100.16,4.3442087,0.6165898141578195,2091452.0,4592936960.0
APO,2025-12-09 19:51:26,0.8822147651006712,145.19,5.6849594,0.9553791465398688,3496168.0,84271554560.0
ARES,2025-12-09 19:51:26,0.9798657718120805,179.0275,8.990322,6.0660361423684765,1930034.0,58653814784.0
AS,2025-12-09 19:51:26,0.7843959731543624,39.0199,4.920416,0.9093398356929387,5159973.0,21639323648.0
ASO,2025-12-09 19:51:26,0.8894295302013424,52.645,7.7686834,1.0409368495234894,1714128.0,3507495936.0
BMNR,2025-12-09 19:51:26,0.8268456375838926,39.655,10.644527,0.8945876702766576,46597623.0,15230208000.0
BX,2025-12-09 19:51:26,0.8147651006711409,157.26,3.8911273,1.0347236818527432,4129660.0,192967262208.0
COHR,2025-12-09 19:51:26,0.7867449664429529,193.56,4.1429014,0.7159125430566123,4200284.0,30418653184.0
CRCL,2025-12-09 19:51:26,0.8315436241610739,89.0275,6.035609,0.8090454786632693,14187928.0,22651942912.0
CRWV,2025-12-09 19:51:26,0.7664429530201342,90.46,4.8933225,0.7491167546173925,30295941.0,45077798912.0
DOCU,2025-12-09 19:51:26,0.8441275167785235,69.9,5.8449435,0.8378554830254985,2957701.0,14124187648.0
DXC,2025-12-09 19:51:26,0.7468120805369127,15.125,5.3273,0.8720116069483234,2019480.0,2707354880.0
EMBJ,2025-12-09 19:51:26,0.7466442953020135,65.82,3.295666,1.002574672292371,1030034.0,12070831104.0
FROG,2025-12-09 19:51:26,0.9083892617449664,68.6,5.8968816,1.7226007070107523,1332653.0,8116259840.0
GLXY,2025-12-09 19:51:26,0.8041946308724832,29.44,12.845093,0.7133212623369556,9246406.0,11890257920.0
ILMN,2025-12-09 19:51:26,0.7429530201342281,132.5,4.1257367,0.6216388054458821,1753692.0,20365250560.0
KFY,2025-12-09 19:51:26,0.8154362416107382,67.525,3.9325848,1.2406124959743845,431611.0,3537701376.0
KKR,2025-12-09 19:51:26,0.8402684563758389,137.07,5.244166,0.7946088450012911,4496031.0,126916132864.0
KNSL,2025-12-09 19:51:26,0.8411073825503355,369.19,4.1144943,0.8882813214062891,251641.0,8602127360.0
LION,2025-12-09 19:51:26,0.7669463087248322,7.795,5.910325,1.4263409822421225,2297234.0,2258439936.0
LITE,2025-12-09 19:51:26,0.786744966442953,360.46,5.2253604,0.5947551017388653,4190434.0,25561151488.0
MSTR,2025-12-09 19:51:26,0.8941275167785234,194.38,5.8195887,1.2441002654170903,14989615.0,55855820800.0
NGVT,2025-12-09 19:51:26,0.8966442953020134,56.9,5.4094143,1.6383420862189555,247347.0,2074931584.0
OPCH,2025-12-09 19:51:26,0.7328859060402684,32.12,5.0016303,0.6760969905430125,2100246.0,5212917248.0
PAAS,2025-12-09 19:51:26,0.9187919463087248,47.875,9.931115,2.2352627264816545,6376841.0,20205500416.0
PAC,2025-12-09 19:51:26,0.787751677852349,245.94,3.6104004,0.7827013596836143,87741.0,12448303104.0
RELY,2025-12-09 19:51:26,0.7271812080536912,14.185,4.9963,0.9367892144172568,3804857.0,2965316608.0
RVLV,2025-12-09 19:51:26,0.7610738255033556,28.288,7.640789,0.6195424536769252,1103014.0,2017902720.0
SDRL,2025-12-09 19:51:26,0.7473154362416108,32.745,3.9193866,0.8795315769786791,791336.0,2042442240.0
SEZL,2025-12-09 19:51:26,0.8357382550335569,71.24,5.228953,0.8306681139280472,867846.0,2433067008.0
SHAK,2025-12-09 19:51:26,0.8206375838926175,81.015,4.052143,1.1817340501114502,1311796.0,3458803712.0
SKE,2025-12-09 19:51:26,0.8149328859060403,23.635,5.4663115,0.9675466851274837,798809.0,2862041088.0
SLDE,2025-12-09 19:51:26,0.7681208053691275,17.99,8.569704,0.6561205261984524,1359107.0,2257698816.0
SNEX,2025-12-09 19:51:26,0.7446308724832214,95.39,3.9452922,0.6673598479069603,426055.0,4983544832.0
SPOT,2025-12-09 19:51:26,0.8459731543624159,592.72,3.5577672,1.3031286802072557,1748373.0,122037493760.0
TERN,2025-12-09 19:51:26,0.8615771812080536,42.78,6.3385515,1.1536075000177692,3095246.0,3853613056.0
TFX,2025-12-09 19:51:26,0.9796979865771812,133.39,11.325321,3.2565219351789536,598787.0,5895092224.0
TPG,2025-12-09 19:51:26,0.841778523489933,66.015,7.010862,0.7223886222976603,1772168.0,25305874432.0
TRGP,2025-12-09 19:51:26,0.7780201342281878,185.605,3.6320431,0.7652070324007083,1544565.0,39940681728.0
TSEM,2025-12-09 19:51:26,0.7395973154362416,122.45,3.5080252,0.7346147429617328,1456573.0,13729558528.0
VIA,2025-12-09 19:51:26,0.7327181208053692,32.23,4.034861,0.7390294813744973,379426.0,2734296576.0
VSCO,2025-12-09 19:51:26,0.7332214765100671,52.57,3.790717,0.8115680272055144,2533604.0,4219737600.0
WPP,2025-12-09 19:51:26,0.8046979865771812,21.13,6.394756,0.7617459557349714,641093.0,4568272896.0
WRBY,2025-12-09 19:51:26,0.8812080536912751,23.06,8.4666,2.584465461240097,2511642.0,2817120512.0
WVE,2025-12-09 19:51:26,0.9048657718120804,21.2073,14.510258,6.392785631467656,4883338.0,3545474560.0
XMTR,2025-12-09 19:51:26,0.8647651006711408,61.33,5.328296,1.0660886418966924,719231.0,3143018752.0
YOU,2025-12-09 19:51:26,0.9067114093959732,35.58,9.24164,1.3316289691376155,1582995.0,4797163520.0
AAOI,2025-12-09 20:20:47,0.8081699346405229,29.98,7.6867795,0.8548847409520588,5238374.0,2047031040.0
ABVX,2025-12-09 20:20:47,0.9292483660130718,122.23,6.2407646,1.5163129569806937,1156504.0,9522122752.0
AEO,2025-12-09 20:20:47,0.7428104575163398,23.7207,5.8015127,0.7709243542321872,8124050.0,4110043904.0
AGX,2025-12-09 20:20:47,0.8259803921568626,333.0,4.28737,0.8214259591863272,369141.0,4619845632.0
APO,2025-12-09 20:20:47,0.8923202614379085,145.53,5.933741,1.0118601280030022,3496168.0,84468899840.0
ARES,2025-12-09 20:20:47,0.976797385620915,179.105,9.037502,6.453716359400922,1930034.0,58679205888.0
AS,2025-12-09 20:20:47,0.7749999999999999,38.94,4.7055664,0.9574939636312052,5159973.0,21595011072.0
ASO,2025-12-09 20:20:47,0.8973856209150327,52.98,8.454455,1.1154190352179068,1714128.0,3529815296.0
BMNR,2025-12-09 20:20:47,0.8225490196078432,39.305,9.667969,0.93915990092456,46597623.0,15095785472.0
BX,2025-12-09 20:20:47,0.8205882352941177,157.29,3.9109457,1.1357787323895914,4129660.0,193004077056.0
COHR,2025-12-09 20:20:47,0.7826797385620915,193.885,4.317763,0.7416019964364314,4200284.0,30469728256.0
CRCL,2025-12-09 20:20:47,0.8287581699346405,89.05,6.0624156,0.8332315331738362,14187928.0,22657671168.0
CRWV,2025-12-09 20:20:47,0.7915032679738562,91.04,5.5658665,0.7766156529021495,30295941.0,45366824960.0
CVS,2025-12-09 20:20:47,0.7276143790849673,78.86,3.0445602,1.184829153276409,7431398.0,100107444224.0
DOCU,2025-12-09 20:20:47,0.8465686274509805,69.78,5.663231,0.8847861903552793,2957701.0,14099939328.0
DXC,2025-12-09 20:20:47,0.7522875816993464,15.12,5.292481,0.9417181650721967,2019480.0,2706459904.0
ESLT,2025-12-09 20:20:47,0.7454248366013071,502.245,3.5044525,0.6806313687088549,103141.0,23499913216.0
FROG,2025-12-09 20:20:47,0.9086601307189542,68.61,5.9123216,1.8114475411078503,1332653.0,8117443584.0
GLXY,2025-12-09 20:20:47,0.8173202614379086,29.42,12.75862,0.777146709759446,9246406.0,11882179584.0
KFY,2025-12-09 20:20:47,0.8450980392156862,67.83,4.4020324,1.3218870696066598,431611.0,3553680640.0
KKR,2025-12-09 20:20:47,0.8452614379084967,137.25,5.3836064,0.8527401167830027,4496031.0,127082790912.0
KNSL,2025-12-09 20:20:47,0.8687908496732025,370.78,4.5628858,0.9731800461768948,251641.0,8639173632.0
LION,2025-12-09 20:20:47,0.7725490196078433,7.82,6.2500005,1.4671883665312284,2297234.0,2265683200.0
LITE,2025-12-09 20:20:47,0.793954248366013,361.43,5.5085225,0.6285821468611604,4190434.0,25629937664.0
MSTR,2025-12-09 20:20:47,0.8578431372549019,192.33,4.703576,1.3160990459061157,14989615.0,55266742272.0
NGVT,2025-12-09 20:20:47,0.8869281045751634,56.785,5.1963696,2.0141259040942483,247347.0,2070737920.0
OPCH,2025-12-09 20:20:47,0.7552287581699346,32.08,4.870878,0.778035525362267,2100246.0,5206425600.0
PAAS,2025-12-09 20:20:47,0.91781045751634,48.02,10.264068,2.3052420469633788,6376841.0,20266696704.0
PAC,2025-12-09 20:20:47,0.7748366013071896,244.585,3.0395634,0.8916584037109219,87741.0,12379719680.0
PSNY,2025-12-09 20:20:47,0.9194444444444444,18.99,13.615981,1.5917362696061768,164744.0,40245354496.0
RSI,2025-12-09 20:20:47,0.7756535947712417,19.56,7.1193824,0.7584389946360532,1455831.0,4488683008.0
RVLV,2025-12-09 20:20:47,0.8375816993464051,28.52,8.523591,0.8554406381061347,1103014.0,2034452352.0
SDRL,2025-12-09 20:20:47,0.7645424836601308,32.825,4.1732802,0.9306034352032512,791336.0,2047432192.0
SEZL,2025-12-09 20:20:47,0.8821895424836602,71.34,5.378289,1.30085061174448,867846.0,2436482304.0
SHAK,2025-12-09 20:20:47,0.7491830065359477,80.205,3.0118177,1.2480599117545716,1311796.0,3424222208.0
SKE,2025-12-09 20:20:47,0.8230392156862746,23.7,5.7487955,1.021953933919122,798809.0,2869912064.0
SLDE,2025-12-09 20:20:47,0.7797385620915032,18.17,9.656007,0.697207798944454,1359107.0,2280288256.0
SPOT,2025-12-09 20:20:47,0.8375816993464053,591.77,3.3930366,1.3549620132546087,1748373.0,121841909760.0
STEP,2025-12-09 20:20:47,0.7643790849673202,64.7,3.7690434,0.8680204406567105,671407.0,8045278208.0
TBBB,2025-12-09 20:20:47,0.7284313725490196,34.48,3.886716,0.8048676261433474,613112.0,3957159424.0
TERN,2025-12-09 20:20:47,0.8562091503267973,42.6186,5.937359,1.293518511937339,3095246.0,3839074304.0
TFX,2025-12-09 20:20:47,0.9781045751633988,132.95,10.958102,3.507880097597309,598787.0,5875646464.0
TPG,2025-12-09 20:20:47,0.7607843137254903,66.07,7.1000185,0.5774266322380271,1772168.0,25326958592.0
TRGP,2025-12-09 20:20:47,0.7877450980392157,185.24,3.428252,0.8915189713608686,1544565.0,39862140928.0
VSCO,2025-12-09 20:20:47,0.7509803921568627,52.68,4.007895,0.8557462018531704,2533604.0,4228567040.0
WPP,2025-12-09 20:20:47,0.7967320261437909,21.13,6.394756,0.7921721185537823,641093.0,4568272896.0
WRBY,2025-12-09 20:20:47,0.8792483660130719,23.02,8.278459,2.8796508419591644,2511642.0,2812234240.0
WVE,2025-12-09 20:20:47,0.9040849673202614,21.2401,14.6873665,5.013814321269591,4883338.0,3550958080.0
XMTR,2025-12-09 20:20:47,0.8741830065359478,61.52,5.65001,1.1373536457688838,719231.0,3152755712.0
YOU,2025-12-09 20:20:47,0.9024509803921568,35.6675,9.510285,1.3714237884516376,1582995.0,4808960512.0
AAOI,2025-12-09 20:20:48,0.8081699346405229,29.98,7.6867795,0.8548847409520588,5238374.0,2047031040.0
ABVX,2025-12-09 20:20:48,0.9292483660130718,122.23,6.2407646,1.5163129569806937,1156504.0,9522122752.0
AEO,2025-12-09 20:20:48,0.7428104575163398,23.7207,5.8015127,0.7709243542321872,8124050.0,4110043904.0
AGX,2025-12-09 20:20:48,0.8259803921568626,333.0,4.28737,0.8214259591863272,369141.0,4619845632.0
APO,2025-12-09 20:20:48,0.8923202614379085,145.53,5.933741,1.0118601280030022,3496168.0,84468899840.0
ARES,2025-12-09 20:20:48,0.976797385620915,179.105,9.037502,6.453716359400922,1930034.0,58679205888.0
AS,2025-12-09 20:20:48,0.7749999999999999,38.94,4.7055664,0.9574939636312052,5159973.0,21595011072.0
ASO,2025-12-09 20:20:48,0.8973856209150327,52.98,8.454455,1.1154190352179068,1714128.0,3529815296.0
BMNR,2025-12-09 20:20:48,0.8225490196078432,39.305,9.667969,0.93915990092456,46597623.0,15095785472.0
BX,2025-12-09 20:20:48,0.8205882352941177,157.29,3.9109457,1.1357787323895914,4129660.0,193004077056.0
COHR,2025-12-09 20:20:48,0.7826797385620915,193.885,4.317763,0.7416019964364314,4200284.0,30469728256.0
CRCL,2025-12-09 20:20:48,0.8287581699346405,89.05,6.0624156,0.8332315331738362,14187928.0,22657671168.0
CRWV,2025-12-09 20:20:48,0.7915032679738562,91.04,5.5658665,0.7766156529021495,30295941.0,45366824960.0
CVS,2025-12-09 20:20:48,0.7276143790849673,78.86,3.0445602,1.184829153276409,7431398.0,100107444224.0
DOCU,2025-12-09 20:20:48,0.8465686274509805,69.78,5.663231,0.8847861903552793,2957701.0,14099939328.0
DXC,2025-12-09 20:20:48,0.7522875816993464,15.12,5.292481,0.9417181650721967,2019480.0,2706459904.0
ESLT,2025-12-09 20:20:48,0.7454248366013071,502.245,3.5044525,0.6806313687088549,103141.0,23499913216.0
FROG,2025-12-09 20:20:48,0.9086601307189542,68.61,5.9123216,1.8114475411078503,1332653.0,8117443584.0
GLXY,2025-12-09 20:20:48,0.8173202614379086,29.42,12.75862,0.777146709759446,9246406.0,11882179584.0
KFY,2025-12-09 20:20:48,0.8450980392156862,67.83,4.4020324,1.3218870696066598,431611.0,3553680640.0
KKR,2025-12-09 20:20:48,0.8452614379084967,137.25,5.3836064,0.8527401167830027,4496031.0,127082790912.0
KNSL,2025-12-09 20:20:48,0.8687908496732025,370.78,4.5628858,0.9731800461768948,251641.0,8639173632.0
LION,2025-12-09 20:20:48,0.7725490196078433,7.82,6.2500005,1.4671883665312284,2297234.0,2265683200.0
LITE,2025-12-09 20:20:48,0.793954248366013,361.43,5.5085225,0.6285821468611604,4190434.0,25629937664.0
MSTR,2025-12-09 20:20:48,0.8578431372549019,192.33,4.703576,1.3160990459061157,14989615.0,55266742272.0
NGVT,2025-12-09 20:20:48,0.8869281045751634,56.785,5.1963696,2.0141259040942483,247347.0,2070737920.0
OPCH,2025-12-09 20:20:48,0.7552287581699346,32.08,4.870878,0.778035525362267,2100246.0,5206425600.0
PAAS,2025-12-09 20:20:48,0.91781045751634,48.02,10.264068,2.3052420469633788,6376841.0,20266696704.0
PAC,2025-12-09 20:20:48,0.7748366013071896,244.585,3.0395634,0.8916584037109219,87741.0,12379719680.0
PSNY,2025-12-09 20:20:48,0.9194444444444444,18.99,13.615981,1.5917362696061768,164744.0,40245354496.0
RSI,2025-12-09 20:20:48,0.7756535947712417,19.56,7.1193824,0.7584389946360532,1455831.0,4488683008.0
RVLV,2025-12-09 20:20:48,0.8375816993464051,28.52,8.523591,0.8554406381061347,1103014.0,2034452352.0
SDRL,2025-12-09 20:20:48,0.7645424836601308,32.825,4.1732802,0.9306034352032512,791336.0,2047432192.0
SEZL,2025-12-09 20:20:48,0.8821895424836602,71.34,5.378289,1.30085061174448,867846.0,2436482304.0
SHAK,2025-12-09 20:20:48,0.7491830065359477,80.205,3.0118177,1.2480599117545716,1311796.0,3424222208.0
SKE,2025-12-09 20:20:48,0.8230392156862746,23.7,5.7487955,1.021953933919122,798809.0,2869912064.0
SLDE,2025-12-09 20:20:48,0.7797385620915032,18.17,9.656007,0.697207798944454,1359107.0,2280288256.0
SPOT,2025-12-09 20:20:48,0.8375816993464053,591.77,3.3930366,1.3549620132546087,1748373.0,121841909760.0
STEP,2025-12-09 20:20:48,0.7643790849673202,64.7,3.7690434,0.8680204406567105,671407.0,8045278208.0
TBBB,2025-12-09 20:20:48,0.7284313725490196,34.48,3.886716,0.8048676261433474,613112.0,3957159424.0
TERN,2025-12-09 20:20:48,0.8562091503267973,42.6186,5.937359,1.293518511937339,3095246.0,3839074304.0
TFX,2025-12-09 20:20:48,0.9781045751633988,132.95,10.958102,3.507880097597309,598787.0,5875646464.0
TPG,2025-12-09 20:20:48,0.7607843137254903,66.07,7.1000185,0.5774266322380271,1772168.0,25326958592.0
TRGP,2025-12-09 20:20:48,0.7877450980392157,185.24,3.428252,0.8915189713608686,1544565.0,39862140928.0
VSCO,2025-12-09 20:20:48,0.7509803921568627,52.68,4.007895,0.8557462018531704,2533604.0,4228567040.0
WPP,2025-12-09 20:20:48,0.7967320261437909,21.13,6.394756,0.7921721185537823,641093.0,4568272896.0
WRBY,2025-12-09 20:20:48,0.8792483660130719,23.02,8.278459,2.8796508419591644,2511642.0,2812234240.0
WVE,2025-12-09 20:20:48,0.9040849673202614,21.2401,14.6873665,5.013814321269591,4883338.0,3550958080.0
XMTR,2025-12-09 20:20:48,0.8741830065359478,61.52,5.65001,1.1373536457688838,719231.0,3152755712.0
YOU,2025-12-09 20:20:48,0.9024509803921568,35.6675,9.510285,1.3714237884516376,1582995.0,4808960512.0
ABVX,2025-12-09 20:40:47,0.9102446483180427,120.83,5.0239015,1.5879071754183298,1156504.0,9413058560.0
AEO,2025-12-09 20:40:47,0.751834862385321,23.8382,6.3255997,0.8270569481970199,8124050.0,4130402816.0
AGX,2025-12-09 20:40:47,0.8342507645259938,332.94,4.268581,0.8975269612424521,369141.0,4619013120.0
ALKT,2025-12-09 20:40:47,0.7547400611620795,22.25,4.21743,1.0505679891174071,1347473.0,2336339200.0
APO,2025-12-09 20:40:47,0.8914373088685014,145.135,5.644919,1.0739586884840775,3496168.0,84239630336.0
ARES,2025-12-09 20:40:47,0.9772171253822628,178.415,8.617435,6.829189019468051,1930034.0,58453143552.0
AS,2025-12-09 20:40:47,0.7779816513761467,38.895,4.584571,1.0031899391721624,5159973.0,21570056192.0
ASO,2025-12-09 20:40:47,0.9035168195718654,52.875,8.239512,1.187303398579336,1714128.0,3522819840.0
BMNR,2025-12-09 20:40:47,0.8091743119266055,39.04,8.928573,0.9856187299510965,46597623.0,14994008064.0
BX,2025-12-09 20:40:47,0.840519877675841,157.575,4.0992284,1.2047635882857184,4129660.0,193353793536.0
COHR,2025-12-09 20:40:47,0.7720183486238532,193.325,4.016462,0.7675616696394815,4200284.0,30381721600.0
CRCL,2025-12-09 20:40:47,0.8211009174311926,89.18,6.217248,0.8629255096304408,14187928.0,22690746368.0
CRWV,2025-12-09 20:40:47,0.8314984709480122,91.07,5.6006517,1.0216409518357592,30295941.0,45381775360.0
CVS,2025-12-09 20:40:47,0.7474006116207951,78.975,3.1948252,1.222858875274881,7431398.0,100253425664.0
DOCU,2025-12-09 20:40:47,0.8458715596330275,69.7799,5.6630807,0.9320986130781982,2957701.0,14099919872.0
DXC,2025-12-09 20:40:47,0.76131498470948,15.085,5.0487494,1.0428035930041395,2019480.0,2700195072.0
ESLT,2025-12-09 20:40:47,0.7570336391437308,502.21,3.4972389,0.7371171503088005,103141.0,23498274816.0
FFIV,2025-12-09 20:40:47,0.823394495412844,257.97,3.9322312,0.9830939593170592,955339.0,14985378816.0
FROG,2025-12-09 20:40:47,0.9036697247706422,68.4374,5.6458817,1.5832073315409187,1332653.0,8097022464.0
GLXY,2025-12-09 20:40:47,0.8090214067278287,29.4285,12.796087,0.8245900082691588,9246406.0,11885612032.0
KFY,2025-12-09 20:40:47,0.8648318042813455,67.96,4.602121,1.4142225290829011,431611.0,3560491264.0
KKR,2025-12-09 20:40:47,0.8425076452599388,137.16,5.3132663,0.896579004904548,4496031.0,126999461888.0
KNSL,2025-12-09 20:40:47,0.8732415902140673,370.41,4.456282,1.047563791274077,251641.0,8630552576.0
LION,2025-12-09 20:40:47,0.7744648318042813,7.8,5.978262,1.5261579795528013,2297234.0,2259888640.0
LITE,2025-12-09 20:40:47,0.8469418960244649,358.58,4.67655,0.8944276416237554,4190434.0,25427836928.0
MKTX,2025-12-09 20:40:47,0.8244648318042813,173.83,5.313222,0.7420305339688317,838607.0,6494944768.0
MSTR,2025-12-09 20:40:47,0.7796636085626911,190.09,3.4841275,1.0072063225106185,14989615.0,54623068160.0
NGVT,2025-12-09 20:40:47,0.8613149847094801,56.31,4.3164167,2.084128774555584,247347.0,2053416448.0
OPCH,2025-12-09 20:40:47,0.770183486238532,32.25,5.4266095,0.8159020419512761,2100246.0,5234015744.0
PAAS,2025-12-09 20:40:47,0.9230886850152906,48.24,10.7704735,2.375727260566792,6376841.0,20359548928.0
PSN,2025-12-09 20:40:47,0.7639143730886849,65.015,2.9206922,1.8087615195752824,1219446.0,6943200768.0
RVLV,2025-12-09 20:40:47,0.847400611620795,28.28,7.6103497,1.002480476222423,1103014.0,2017332096.0
SATS,2025-12-09 20:40:47,0.924617737003058,95.46,8.157712,1.4619759063826427,4178285.0,27480672256.0
SDRL,2025-12-09 20:40:47,0.7922018348623854,32.93,4.506506,0.9945964798770688,791336.0,2053981440.0
SEZL,2025-12-09 20:40:47,0.8204892966360855,70.81,4.593797,0.965745074586966,867846.0,2418381312.0
SGRY,2025-12-09 20:40:47,0.7470948012232416,17.455,4.3972516,1.078484835106618,1698825.0,2257660672.0
SKE,2025-12-09 20:40:47,0.8376146788990826,23.71,5.800978,1.1188982597842538,798809.0,2871122944.0
SPOT,2025-12-09 20:40:47,0.8247706422018348,590.27,3.130959,1.4244511897632828,1748373.0,121533063168.0
STEP,2025-12-09 20:40:47,0.8033639143730886,64.68,3.7369719,1.2810069004344609,671407.0,8042791424.0
TERN,2025-12-09 20:40:47,0.8958715596330274,42.93,6.711411,2.020745039328053,3095246.0,3867125248.0
TFX,2025-12-09 20:40:47,0.97782874617737,132.225,10.353035,3.8085462777248,598787.0,5843606016.0
TPG,2025-12-09 20:40:47,0.7657492354740061,65.63,6.3867707,0.6338597695026656,1772168.0,25158289408.0
TRGP,2025-12-09 20:40:47,0.7833333333333333,185.07,3.333334,0.9900515679171804,1544565.0,39825559552.0
VSCO,2025-12-09 20:40:47,0.7577981651376148,52.71,4.0671225,0.9220039911525242,2533604.0,4230975232.0
WFRD,2025-12-09 20:40:47,0.7489296636085627,79.95,3.628582,0.8718474865442244,818236.0,5743207936.0
WPP,2025-12-09 20:40:47,0.7978593272171253,21.16,6.545817,0.8475400604904436,641093.0,4574758912.0
WRBY,2025-12-09 20:40:47,0.8922018348623852,23.22,9.219187,3.0952428729890644,2511642.0,2836666880.0
WVE,2025-12-09 20:40:47,0.9105504587155964,21.465,15.906021,7.0563342123768615,4883338.0,3588557312.0
XMTR,2025-12-09 20:40:47,0.8519877675840979,61.535,5.675769,0.9149911502702192,719231.0,3153524480.0
YOU,2025-12-09 20:40:47,0.9059633027522936,35.73,9.70218,1.452937627724661,1582995.0,4817387008.0
AAOI,2025-12-09 20:51:29,0.803790087463557,30.195,8.45905,0.9245359342421904,5238374.0,2061711232.0
ABVX,2025-12-09 20:51:29,0.9040816326530612,121.63,5.719247,1.1673932818217665,1156504.0,9475380224.0
AGX,2025-12-09 20:51:29,0.8463556851311953,334.24,4.675705,0.9317008947800434,369141.0,4637048320.0
APO,2025-12-09 20:51:29,0.8689504373177841,143.86,4.715468,1.1340693582230603,3496168.0,83499597824.0
ARES,2025-12-09 20:51:29,0.9731778425655976,177.195,7.8747187,7.049589799972436,1930034.0,58053443584.0
AS,2025-12-09 20:51:29,0.7514577259475218,38.765,4.2350116,1.0403732732710036,5159973.0,21497962496.0
ASO,2025-12-09 20:51:29,0.932944606413994,52.995,8.48516,1.8935149533757103,1714128.0,3530814720.0
BMNR,2025-12-09 20:51:29,0.8074344023323615,38.9557,8.693358,1.0297708747933343,46597623.0,14961630208.0
BX,2025-12-09 20:51:29,0.789067055393586,156.19,3.1846764,1.2808991539255048,4129660.0,191654313984.0
CNK,2025-12-09 20:51:29,0.782069970845481,24.62,4.765961,1.1770296884034728,3697538.0,2892256768.0
COHR,2025-12-09 20:51:29,0.7813411078717201,194.025,4.393088,0.7933130235955473,4200284.0,30491729920.0
CRCL,2025-12-09 20:51:29,0.8153061224489796,89.38,6.454684,0.885999562444918,14187928.0,22741633024.0
CRWV,2025-12-09 20:51:29,0.7562682215743439,90.5749,5.0265536,0.812928801254267,30295941.0,45135056896.0
DOCU,2025-12-09 20:51:29,0.8306122448979593,69.44,5.148397,0.9758254806689384,2957701.0,14031239168.0
ESLT,2025-12-09 20:51:29,0.8300291545189504,502.53,3.5631871,1.1272045064523322,103141.0,23513247744.0
FFIV,2025-12-09 20:51:29,0.826530612244898,257.7725,3.8525782,1.0420719765444515,955339.0,14973904896.0
FROG,2025-12-09 20:51:29,0.9150145772594752,68.625,5.935476,1.6471452058412803,1332653.0,8119218176.0
ILMN,2025-12-09 20:51:29,0.7743440233236151,131.53,3.3634567,1.028065931759967,1753692.0,20216160256.0
KFY,2025-12-09 20:51:29,0.8588921282798833,67.825,4.3926387,1.526131169038787,431611.0,3553418240.0
KKR,2025-12-09 20:51:29,0.8221574344023324,136.33,4.6759796,0.9348082786795732,4496031.0,126230945792.0
KNSL,2025-12-09 20:51:29,0.8829446064139942,371.07,4.6446705,1.1332572990887813,251641.0,8645931008.0
LITE,2025-12-09 20:51:29,0.7852769679300291,360.42,5.21369,0.6881005642852268,4190434.0,25558317056.0
MESO,2025-12-09 20:51:29,0.7530612244897958,18.93,4.5278835,0.953855557564331,232314.0,2437156864.0
MSTR,2025-12-09 20:51:29,0.7983965014577259,189.7702,3.3107579,1.4353639503082634,14989615.0,54531174400.0
NGVT,2025-12-09 20:51:29,0.8604956268221575,56.285,4.2712874,2.1566018589269325,247347.0,2052504832.0
OPCH,2025-12-09 20:51:29,0.821865889212828,32.25,5.4266095,1.114660854014244,2100246.0,5234015744.0
PAAS,2025-12-09 20:51:29,0.9260932944606414,48.275,10.849604,2.4500570109871016,6376841.0,20374319104.0
PSN,2025-12-09 20:51:29,0.7728862973760933,65.075,3.01567,1.929869793332382,1219446.0,6949608448.0
PSNY,2025-12-09 20:51:29,0.8931486880466473,18.505,10.722192,1.2851029476035547,164744.0,39217496064.0
RELY,2025-12-09 20:51:29,0.7604956268221574,14.205,5.1443353,1.2061759482682266,3804857.0,2969497600.0
RVLV,2025-12-09 20:51:29,0.856268221574344,28.3,7.6864476,1.1306148426039924,1103014.0,2018758656.0
SATS,2025-12-09 20:51:29,0.8728862973760932,92.7625,5.101399,1.274160091999469,4178285.0,26704125952.0
SDRL,2025-12-09 20:51:29,0.7814868804664723,32.88,4.345071,1.0448368329003104,791336.0,2050862848.0
SEZL,2025-12-09 20:51:29,0.8218658892128279,70.84,4.6381087,0.999883619904914,867846.0,2419405824.0
SKE,2025-12-09 20:51:29,0.8454810495626822,23.86,6.4703293,1.176412634309328,798809.0,2889287168.0
SLDE,2025-12-09 20:51:29,0.7625364431486881,18.15,9.532428,0.7622769951151749,1359107.0,2277778432.0
SPOT,2025-12-09 20:51:29,0.833673469387755,591.025,3.2631073,1.4804975826096605,1748373.0,121688514560.0
STEP,2025-12-09 20:51:29,0.8142857142857143,64.75,3.8492408,1.331837469671898,671407.0,8051495936.0
TERN,2025-12-09 20:51:29,0.8715743440233236,42.69,6.1148376,1.47589303079626,3095246.0,3845505792.0
TFX,2025-12-09 20:51:29,0.9788629737609328,132.195,10.317235,4.05215878100226,598787.0,5842279936.0
TPG,2025-12-09 20:51:29,0.8377551020408163,65.67,6.451612,0.9159786205371048,1772168.0,25173624832.0
TRGP,2025-12-09 20:51:29,0.7708454810495626,184.33,2.9201539,1.078446034967774,1544565.0,39666315264.0
TSEM,2025-12-09 20:51:29,0.7887755102040817,123.205,4.147114,0.8844657974574567,1456573.0,13814212608.0
VSCO,2025-12-09 20:51:29,0.758600583090379,52.745,4.136224,0.9612232219399716,2533604.0,4233784576.0
WFRD,2025-12-09 20:51:29,0.7521865889212829,80.04,3.7459486,0.9096226516555126,818236.0,5749673472.0
WPP,2025-12-09 20:51:29,0.7912536443148688,21.155,6.520644,0.8877105193786237,641093.0,4573678080.0
WRBY,2025-12-09 20:51:29,0.8982507288629737,23.4,10.065848,3.2777047843601914,2511642.0,2858656768.0
WVE,2025-12-09 20:51:29,0.9071428571428573,21.25,14.740817,7.275579531869389,4883338.0,3552613120.0
XMTR,2025-12-09 20:51:29,0.853935860058309,61.495,5.6070743,0.984390272388148,719231.0,3151474432.0
YOU,2025-12-09 20:51:29,0.9013119533527696,35.45,8.842497,1.5087501855659684,1582995.0,4779635712.0
AAOI,2025-12-09 21:17:54,0.7995639534883721,30.38,9.123559,1.095684844190201,5238374.0,2074342912.0
ABVX,2025-12-09 21:17:54,0.9382267441860463,123.04,6.9448047,1.8738975394810569,1156504.0,9585224704.0
AGX,2025-12-09 21:17:54,0.7997093023255815,332.87,4.24666,1.0230345586103955,369141.0,4618041856.0
APO,2025-12-09 21:17:54,0.8421511627906977,143.89,4.73868,1.2683563833316935,3496168.0,83517005824.0
ARES,2025-12-09 21:17:54,0.9713662790697676,176.2,7.26897,7.662851017132341,1930034.0,57727455232.0
ASO,2025-12-09 21:17:54,0.9284883720930232,53.07,8.638693,2.3740589967610357,1714128.0,3535811584.0
AUGO,2025-12-09 21:17:54,0.823546511627907,43.45,7.6027727,1.0333776078723156,506687.0,3629574144.0
BMNR,2025-12-09 21:17:54,0.8104651162790697,39.19,9.34709,1.2793990371568953,46597623.0,15051617280.0
BX,2025-12-09 21:17:54,0.7731104651162791,156.02,3.07195,1.392948814188093,4129660.0,191445729280.0
CARG,2025-12-09 21:17:54,0.7563953488372092,37.12,4.829142,1.0330476653357368,975258.0,3684538112.0
CRCL,2025-12-09 21:17:54,0.7854651162790698,88.88,5.85993,1.0152008101535333,14187928.0,22614415360.0
CRWV,2025-12-09 21:17:54,0.7851744186046512,90.66,5.125239,1.1211806558508943,30295941.0,45177466880.0
DOCU,2025-12-09 21:17:54,0.8672965116279069,69.39,5.072681,1.696358083525008,2957701.0,14021135360.0
ESLT,2025-12-09 21:17:54,0.8014534883720931,500.99,3.2458167,1.2580254215103597,103141.0,23441190912.0
FFIV,2025-12-09 21:17:54,0.8415697674418604,257.98,3.9361846,1.3894031333380088,955339.0,14985959424.0
FROG,2025-12-09 21:17:54,0.9215116279069768,68.83,6.251934,2.4178882274680658,1332653.0,8143472640.0
GLXY,2025-12-09 21:17:54,0.7752906976744186,29.45,12.8785,0.9716573120410243,9246406.0,11894296576.0
IFS,2025-12-09 21:17:54,0.7729651162790698,41.47,3.675,1.4083252642620834,198288.0,4617755136.0
ILMN,2025-12-09 21:17:54,0.8545058139534883,132.13,3.8349743,1.795331221217865,1753692.0,20308381696.0
INGM,2025-12-09 21:17:54,0.7520348837209302,22.6,3.52726,1.695925086862616,340768.0,5312642048.0
IPGP,2025-12-09 21:17:54,0.8007267441860465,84.4,3.6218596,1.469882085523512,239326.0,3563361280.0
KFY,2025-12-09 21:17:54,0.8392441860465116,67.57,4.00184,1.729946641767703,431611.0,3540058880.0
KKR,2025-12-09 21:17:54,0.7863372093023255,135.78,4.25368,1.0579077412944884,4496031.0,125721681920.0
KNSL,2025-12-09 21:17:54,0.890843023255814,372.01,4.90976,1.4828664645268457,251641.0,8667833344.0
LITE,2025-12-09 21:17:54,0.8392441860465116,360.33,5.1874094,1.0570446879726538,4190434.0,25551933440.0
MKTX,2025-12-09 21:17:54,0.8059593023255813,173.16,4.9073105,0.9989816445605628,838607.0,6469911040.0
MSTR,2025-12-09 21:17:54,0.7693313953488371,188.99,2.8852975,1.595324162762019,14989615.0,54306983936.0
NGVT,2025-12-09 21:17:54,0.8428779069767441,56.05,3.83475,2.460648400829604,247347.0,2043935232.0
OPCH,2025-12-09 21:17:54,0.8255813953488373,32.22,5.328542,1.488298037467992,2100246.0,5229147136.0
PAAS,2025-12-09 21:17:54,0.9258720930232558,48.41,11.1596,2.6104503781731423,6376841.0,20431296512.0
PSN,2025-12-09 21:17:54,0.791860465116279,65.16,3.15024,2.229711688750465,1219446.0,6958686720.0
PSNY,2025-12-09 21:17:54,0.8941860465116279,18.29,9.435778,1.7073641528674792,164744.0,38761848832.0
RVLV,2025-12-09 21:17:54,0.8652616279069768,28.4,8.06697,1.5795982643919295,1103014.0,2025892224.0
SATS,2025-12-09 21:17:54,0.9140988372093024,93.54,5.982323,2.354565569366379,4178285.0,26927951872.0
SDRL,2025-12-09 21:17:54,0.7940406976744186,33.03,4.82386,1.251191655630478,791336.0,2060218880.0
SKE,2025-12-09 21:17:54,0.8296511627906976,23.9,6.64882,1.2988023419866326,798809.0,2894130688.0
SNEX,2025-12-09 21:17:54,0.7882267441860465,95.42,3.9773364,1.1003954888453369,426055.0,4985112064.0
SPOT,2025-12-09 21:17:54,0.8132267441860465,589.67,3.02612,1.6340157392043917,1748373.0,121409519616.0
STEP,2025-12-09 21:17:54,0.803343023255814,64.6,3.6086607,1.6611027290451246,671407.0,8032843264.0
TBBB,2025-12-09 21:17:54,0.7755813953488372,34.79,4.82074,1.0971910515533867,613112.0,3992737280.0
TERN,2025-12-09 21:17:54,0.8835755813953488,42.57,5.8165555,2.5724840610407056,3095246.0,3834696448.0
TFX,2025-12-09 21:17:54,0.980813953488372,131.25,9.53931,5.005481080918591,598787.0,5800516096.0
TPG,2025-12-09 21:17:54,0.8450581395348837,65.48,6.143629,1.2022720193570813,1772168.0,25100791808.0
TSEM,2025-12-09 21:17:54,0.8123546511627907,124.0,4.818256,1.0638841994187729,1456573.0,13903350784.0
WFRD,2025-12-09 21:17:54,0.7706395348837208,80.1,3.823716,1.1254136948264315,818236.0,5753983488.0
WPP,2025-12-09 21:17:54,0.7600290697674419,21.16,6.54582,0.9913444695231424,641093.0,4574758912.0
WRBY,2025-12-09 21:17:54,0.8997093023255813,23.22,9.21919,3.678555701807821,2511642.0,2836666880.0
WVE,2025-12-09 21:17:54,0.9130813953488373,21.31,15.06479,7.696039061805675,4883338.0,3562643968.0
XMTR,2025-12-09 21:17:54,0.8882267441860465,61.25,5.186331,1.77725793243061,719231.0,3138918912.0
YOU,2025-12-09 21:17:54,0.882703488372093,35.25,8.22843,1.65569505904946,1582995.0,4752670208.0
AAOI,2025-12-09 21:40:52,0.8001457725947523,30.38,9.123559,1.095684844190201,5238374.0,2074342912.0
ABVX,2025-12-09 21:40:52,0.9384839650145772,123.04,6.9448047,1.8738975394810569,1156504.0,9585224704.0
AGX,2025-12-09 21:40:52,0.8021865889212828,332.87,4.24666,1.0230345586103955,369141.0,4618041856.0
APO,2025-12-09 21:40:52,0.8421282798833819,143.89,4.73868,1.2683563833316935,3496168.0,83517005824.0
ARES,2025-12-09 21:40:52,0.9723032069970846,176.2,7.26897,7.662851017132341,1930034.0,57727455232.0
ASO,2025-12-09 21:40:52,0.9287172011661806,53.07,8.638693,2.3740589967610357,1714128.0,3535811584.0
AUGO,2025-12-09 21:40:52,0.8255102040816327,43.45,7.6027727,1.0333776078723156,506687.0,3629574144.0
BMNR,2025-12-09 21:40:52,0.8128279883381924,39.21,9.4029,1.2793990371568953,46597623.0,15059298304.0
BX,2025-12-09 21:40:52,0.7728862973760933,156.02,3.07195,1.392948814188093,4129660.0,191445729280.0
CARG,2025-12-09 21:40:52,0.7581632653061225,37.12,4.829142,1.0330476653357368,975258.0,3684538112.0
CRCL,2025-12-09 21:40:52,0.7873177842565597,88.88,5.85993,1.0152008101535333,14187928.0,22614415360.0
CRWV,2025-12-09 21:40:52,0.7862973760932945,90.66,5.125239,1.1211806558508943,30295941.0,45177466880.0
CVNA,2025-12-09 21:40:52,0.7884839650145773,456.33,1.86392,1.6259625055648073,3335695.0,98933907456.0
DOCU,2025-12-09 21:40:52,0.8683673469387755,69.39,5.072681,1.696358083525008,2957701.0,14021135360.0
ESLT,2025-12-09 21:40:52,0.8018950437317783,500.99,3.2458167,1.2580254215103597,103141.0,23441190912.0
FFIV,2025-12-09 21:40:52,0.842128279883382,257.98,3.9361846,1.3894031333380088,955339.0,14985959424.0
FROG,2025-12-09 21:40:52,0.9217201166180758,68.83,6.251934,2.4178882274680658,1332653.0,8143472640.0
GLXY,2025-12-09 21:40:52,0.7768221574344023,29.45,12.8785,0.9716573120410243,9246406.0,11894296576.0
IFS,2025-12-09 21:40:52,0.7733236151603499,41.47,3.675,1.4083252642620834,198288.0,4617755136.0
ILMN,2025-12-09 21:40:52,0.8545189504373177,132.13,3.8349743,1.795331221217865,1753692.0,20308381696.0
INGM,2025-12-09 21:40:52,0.7527696793002916,22.6,3.52726,1.695925086862616,340768.0,5312642048.0
IPGP,2025-12-09 21:40:52,0.801603498542274,84.4,3.6218596,1.469882085523512,239326.0,3563361280.0
KFY,2025-12-09 21:40:52,0.8392128279883382,67.57,4.00184,1.729946641767703,431611.0,3540058880.0
KKR,2025-12-09 21:40:52,0.7871720116618075,135.78,4.25368,1.0579077412944884,4496031.0,125721681920.0
KNSL,2025-12-09 21:40:52,0.8925655976676384,372.01,4.90976,1.4828664645268457,251641.0,8667833344.0
LITE,2025-12-09 21:40:52,0.8408163265306121,360.33,5.1874094,1.0570446879726538,4190434.0,25551933440.0
MKTX,2025-12-09 21:40:52,0.8078717201166179,173.16,4.9073105,0.9989816445605628,838607.0,6469911040.0
MSTR,2025-12-09 21:40:52,0.771137026239067,188.99,2.8852975,1.595324162762019,14989615.0,54306983936.0
NGVT,2025-12-09 21:40:52,0.8428571428571429,56.05,3.83475,2.460648400829604,247347.0,2043935232.0
OPCH,2025-12-09 21:40:52,0.8265306122448979,32.22,5.328542,1.488298037467992,2100246.0,5229147136.0
PAAS,2025-12-09 21:40:52,0.925072886297376,48.41,11.1596,2.6104503781731423,6376841.0,20431296512.0
PSN,2025-12-09 21:40:52,0.7916909620991254,65.16,3.15024,2.229711688750465,1219446.0,6958686720.0
RVLV,2025-12-09 21:40:52,0.8673469387755102,28.4,8.06697,1.5795982643919295,1103014.0,2025892224.0
SATS,2025-12-09 21:40:52,0.9142857142857144,93.54,5.982323,2.354565569366379,4178285.0,26927951872.0
SDRL,2025-12-09 21:40:52,0.7944606413994169,33.03,4.82386,1.251191655630478,791336.0,2060218880.0
SKE,2025-12-09 21:40:52,0.8301749271137026,23.9,6.64882,1.2988023419866326,798809.0,2894130688.0
SNEX,2025-12-09 21:40:52,0.7890670553935859,95.42,3.9773364,1.1003954888453369,426055.0,4985112064.0
SPOT,2025-12-09 21:40:52,0.8157434402332361,589.67,3.02612,1.6340157392043917,1748373.0,121409519616.0
STEP,2025-12-09 21:40:52,0.8042274052478133,64.6,3.6086607,1.6611027290451246,671407.0,8032843264.0
TBBB,2025-12-09 21:40:52,0.7763848396501457,34.79,4.82074,1.0971910515533867,613112.0,3992737280.0
TERN,2025-12-09 21:40:52,0.883673469387755,42.57,5.8165555,2.5724840610407056,3095246.0,3834696448.0
TFX,2025-12-09 21:40:52,0.9807580174927114,131.25,9.53931,5.005481080918591,598787.0,5800516096.0
TPG,2025-12-09 21:40:52,0.8460641399416909,65.48,6.143629,1.2022720193570813,1772168.0,25100791808.0
TSEM,2025-12-09 21:40:52,0.813265306122449,124.0,4.818256,1.0638841994187729,1456573.0,13903350784.0
WFRD,2025-12-09 21:40:52,0.7714285714285714,80.1,3.823716,1.1254136948264315,818236.0,5753983488.0
WPP,2025-12-09 21:40:52,0.7623906705539358,21.16,6.54582,0.9913444695231424,641093.0,4574758912.0
WRBY,2025-12-09 21:40:52,0.8998542274052477,23.22,9.21919,3.678555701807821,2511642.0,2836666880.0
WVE,2025-12-09 21:40:52,0.9119533527696791,21.31,15.06479,7.696039061805675,4883338.0,3562643968.0
XMTR,2025-12-09 21:40:52,0.888338192419825,61.25,5.186331,1.77725793243061,719231.0,3138918912.0
YOU,2025-12-09 21:40:52,0.8838192419825072,35.25,8.22843,1.65569505904946,1582995.0,4752670208.0
AAOI,2025-12-09 21:51:12,0.8001457725947523,30.38,9.123559,1.095684844190201,5238374.0,2074342912.0
ABVX,2025-12-09 21:51:12,0.9384839650145772,123.04,6.9448047,1.8738975394810569,1156504.0,9585224704.0
AGX,2025-12-09 21:51:12,0.8021865889212828,332.87,4.24666,1.0230345586103955,369141.0,4618041856.0
APO,2025-12-09 21:51:12,0.8421282798833819,143.89,4.73868,1.2683563833316935,3496168.0,83517005824.0
ARES,2025-12-09 21:51:12,0.9723032069970846,176.2,7.26897,7.662851017132341,1930034.0,57727455232.0
ASO,2025-12-09 21:51:12,0.9287172011661806,53.07,8.638693,2.3740589967610357,1714128.0,3535811584.0
AUGO,2025-12-09 21:51:12,0.8255102040816327,43.45,7.6027727,1.0333776078723156,506687.0,3629574144.0
BMNR,2025-12-09 21:51:12,0.8128279883381924,39.21,9.4029,1.2793990371568953,46597623.0,15059298304.0
BX,2025-12-09 21:51:12,0.7728862973760933,156.02,3.07195,1.392948814188093,4129660.0,191445729280.0
CARG,2025-12-09 21:51:12,0.7581632653061225,37.12,4.829142,1.0330476653357368,975258.0,3684538112.0
CRCL,2025-12-09 21:51:12,0.7873177842565597,88.88,5.85993,1.0152008101535333,14187928.0,22614415360.0
CRWV,2025-12-09 21:51:12,0.7862973760932945,90.66,5.125239,1.1211806558508943,30295941.0,45177466880.0
CVNA,2025-12-09 21:51:12,0.7884839650145773,456.33,1.86392,1.6259625055648073,3335695.0,98933907456.0
DOCU,2025-12-09 21:51:12,0.8683673469387755,69.39,5.072681,1.696358083525008,2957701.0,14021135360.0
ESLT,2025-12-09 21:51:12,0.8018950437317783,500.99,3.2458167,1.2580254215103597,103141.0,23441190912.0
FFIV,2025-12-09 21:51:12,0.842128279883382,257.98,3.9361846,1.3894031333380088,955339.0,14985959424.0
FROG,2025-12-09 21:51:12,0.9217201166180758,68.83,6.251934,2.4178882274680658,1332653.0,8143472640.0
GLXY,2025-12-09 21:51:12,0.7768221574344023,29.45,12.8785,0.9716573120410243,9246406.0,11894296576.0
IFS,2025-12-09 21:51:12,0.7733236151603499,41.47,3.675,1.4083252642620834,198288.0,4617755136.0
ILMN,2025-12-09 21:51:12,0.8545189504373177,132.13,3.8349743,1.795331221217865,1753692.0,20308381696.0
INGM,2025-12-09 21:51:12,0.7527696793002916,22.6,3.52726,1.695925086862616,340768.0,5312642048.0
IPGP,2025-12-09 21:51:12,0.801603498542274,84.4,3.6218596,1.469882085523512,239326.0,3563361280.0
KFY,2025-12-09 21:51:12,0.8392128279883382,67.57,4.00184,1.729946641767703,431611.0,3540058880.0
KKR,2025-12-09 21:51:12,0.7871720116618075,135.78,4.25368,1.0579077412944884,4496031.0,125721681920.0
KNSL,2025-12-09 21:51:12,0.8925655976676384,372.01,4.90976,1.4828664645268457,251641.0,8667833344.0
LITE,2025-12-09 21:51:12,0.8408163265306121,360.33,5.1874094,1.0570446879726538,4190434.0,25551933440.0
MKTX,2025-12-09 21:51:12,0.8078717201166179,173.16,4.9073105,0.9989816445605628,838607.0,6469911040.0
MSTR,2025-12-09 21:51:12,0.771137026239067,188.99,2.8852975,1.595324162762019,14989615.0,54306983936.0
NGVT,2025-12-09 21:51:12,0.8428571428571429,56.05,3.83475,2.460648400829604,247347.0,2043935232.0
OPCH,2025-12-09 21:51:12,0.8265306122448979,32.22,5.328542,1.488298037467992,2100246.0,5229147136.0
PAAS,2025-12-09 21:51:12,0.925072886297376,48.41,11.1596,2.6104503781731423,6376841.0,20431296512.0
PSN,2025-12-09 21:51:12,0.7916909620991254,65.16,3.15024,2.229711688750465,1219446.0,6958686720.0
RVLV,2025-12-09 21:51:12,0.8673469387755102,28.4,8.06697,1.5795982643919295,1103014.0,2025892224.0
SATS,2025-12-09 21:51:12,0.9142857142857144,93.54,5.982323,2.354565569366379,4178285.0,26927951872.0
SDRL,2025-12-09 21:51:12,0.7944606413994169,33.03,4.82386,1.251191655630478,791336.0,2060218880.0
SKE,2025-12-09 21:51:12,0.8301749271137026,23.9,6.64882,1.2988023419866326,798809.0,2894130688.0
SNEX,2025-12-09 21:51:12,0.7890670553935859,95.42,3.9773364,1.1003954888453369,426055.0,4985112064.0
SPOT,2025-12-09 21:51:12,0.8157434402332361,589.67,3.02612,1.6340157392043917,1748373.0,121409519616.0
STEP,2025-12-09 21:51:12,0.8042274052478133,64.6,3.6086607,1.6611027290451246,671407.0,8032843264.0
TBBB,2025-12-09 21:51:12,0.7763848396501457,34.79,4.82074,1.0971910515533867,613112.0,3992737280.0
TERN,2025-12-09 21:51:12,0.883673469387755,42.57,5.8165555,2.5724840610407056,3095246.0,3834696448.0
TFX,2025-12-09 21:51:12,0.9807580174927114,131.25,9.53931,5.005481080918591,598787.0,5800516096.0
TPG,2025-12-09 21:51:12,0.8460641399416909,65.48,6.143629,1.2022720193570813,1772168.0,25100791808.0
TSEM,2025-12-09 21:51:12,0.813265306122449,124.0,4.818256,1.0638841994187729,1456573.0,13903350784.0
WFRD,2025-12-09 21:51:12,0.7714285714285714,80.1,3.823716,1.1254136948264315,818236.0,5753983488.0
WPP,2025-12-09 21:51:12,0.7623906705539358,21.16,6.54582,0.9913444695231424,641093.0,4574758912.0
WRBY,2025-12-09 21:51:12,0.8998542274052477,23.22,9.21919,3.678555701807821,2511642.0,2836666880.0
WVE,2025-12-09 21:51:12,0.9119533527696791,21.31,15.06479,7.696039061805675,4883338.0,3562643968.0
XMTR,2025-12-09 21:51:12,0.888338192419825,61.25,5.186331,1.77725793243061,719231.0,3138918912.0
YOU,2025-12-09 21:51:12,0.8838192419825072,35.25,8.22843,1.65569505904946,1582995.0,4752670208.0
AAOI,2025-12-09 22:19:59,0.7989766081871345,30.38,9.123559,1.095684844190201,5238374.0,2074342912.0
ABVX,2025-12-09 22:19:59,0.9453216374269005,123.04,6.9448047,2.30733659373422,1156504.0,9585224704.0
AEO,2025-12-09 22:19:59,0.7685672514619882,23.91,6.64585,1.162025959958395,8124050.0,4142843648.0
AGX,2025-12-09 22:19:59,0.7944444444444444,332.87,4.24666,1.0230345586103955,369141.0,4618041856.0
APO,2025-12-09 22:19:59,0.8394736842105264,143.89,4.73868,1.2683563833316935,3496168.0,83517005824.0
ARES,2025-12-09 22:19:59,0.9725146198830408,176.2,7.26897,7.662851017132341,1930034.0,57727455232.0
AS,2025-12-09 22:19:59,0.7555555555555555,38.68,4.00646,1.3435085803743547,5159973.0,21450823680.0
ASO,2025-12-09 22:19:59,0.930409356725146,53.07,8.638693,2.3740589967610357,1714128.0,3535811584.0
AUGO,2025-12-09 22:19:59,0.8207602339181287,43.45,7.6027727,1.0333776078723156,506687.0,3629574144.0
BMNR,2025-12-09 22:19:59,0.8103801169590643,39.21,9.4029,1.2793990371568953,46597623.0,15059298304.0
BX,2025-12-09 22:19:59,0.7720760233918128,156.02,3.07195,1.392948814188093,4129660.0,191445729280.0
CRCL,2025-12-09 22:19:59,0.7817251461988304,88.88,5.85993,1.0152008101535333,14187928.0,22614415360.0
CRWV,2025-12-09 22:19:59,0.7830409356725146,90.66,5.125239,1.1211806558508943,30295941.0,45177466880.0
DOCU,2025-12-09 22:19:59,0.8722222222222222,69.39,5.072681,1.7283856617014364,2957701.0,14021135360.0
ESLT,2025-12-09 22:19:59,0.7972222222222222,500.99,3.2458167,1.2580254215103597,103141.0,23441190912.0
FFIV,2025-12-09 22:19:59,0.8426900584795322,257.98,3.9361846,1.3978713315378102,955339.0,14985959424.0
FROG,2025-12-09 22:19:59,0.923391812865497,68.83,6.251934,2.4178882274680658,1332653.0,8143472640.0
GLXY,2025-12-09 22:19:59,0.774561403508772,29.45,12.8785,0.9716573120410243,9246406.0,11894296576.0
IFS,2025-12-09 22:19:59,0.7738304093567251,41.47,3.675,1.4083252642620834,198288.0,4617755136.0
ILMN,2025-12-09 22:19:59,0.8559941520467835,132.13,3.8349743,1.795331221217865,1753692.0,20308381696.0
IPGP,2025-12-09 22:19:59,0.8026315789473685,84.4,3.6218596,1.469882085523512,239326.0,3563361280.0
KFY,2025-12-09 22:19:59,0.8403508771929824,67.57,4.00184,1.729946641767703,431611.0,3540058880.0
KKR,2025-12-09 22:19:59,0.7843567251461988,135.78,4.25368,1.0579077412944884,4496031.0,125721681920.0
KNSL,2025-12-09 22:19:59,0.8932748538011694,372.01,4.90976,1.4828664645268457,251641.0,8667833344.0
LITE,2025-12-09 22:19:59,0.8426900584795322,360.33,5.1874094,1.0689704216794729,4190434.0,25551933440.0
MKTX,2025-12-09 22:19:59,0.8017543859649122,173.16,4.9073105,0.9989816445605628,838607.0,6469911040.0
MSTR,2025-12-09 22:19:59,0.7719298245614035,188.99,2.8852975,1.595324162762019,14989615.0,54306983936.0
NGVT,2025-12-09 22:19:59,0.8445906432748538,56.05,3.83475,2.460648400829604,247347.0,2043935232.0
OPCH,2025-12-09 22:19:59,0.8298245614035088,32.22,5.328542,1.5206037768908975,2100246.0,5229147136.0
PAAS,2025-12-09 22:19:59,0.9273391812865498,48.41,11.1596,2.6104503781731423,6376841.0,20431296512.0
PSN,2025-12-09 22:19:59,0.7925438596491228,65.16,3.15024,2.229711688750465,1219446.0,6958686720.0
RVLV,2025-12-09 22:19:59,0.8687134502923977,28.4,8.06697,1.5795982643919295,1103014.0,2025892224.0
SATS,2025-12-09 22:19:59,0.9162280701754386,93.54,5.982323,2.354565569366379,4178285.0,26927951872.0
SDRL,2025-12-09 22:19:59,0.8352339181286551,33.03,4.82386,1.6665348221235985,791336.0,2060218880.0
SKE,2025-12-09 22:19:59,0.8290935672514621,23.9,6.64882,1.2988023419866326,798809.0,2894130688.0
SNEX,2025-12-09 22:19:59,0.7849415204678362,95.42,3.9773364,1.1003954888453369,426055.0,4985112064.0
SPOT,2025-12-09 22:19:59,0.8141812865497077,589.67,3.02612,1.6340157392043917,1748373.0,121409519616.0
STEP,2025-12-09 22:19:59,0.8035087719298244,64.6,3.6086607,1.6611027290451246,671407.0,8032843264.0
TBBB,2025-12-09 22:19:59,0.7741228070175438,34.79,4.82074,1.0971910515533867,613112.0,3992737280.0
TERN,2025-12-09 22:19:59,0.8858187134502924,42.57,5.8165555,2.5724840610407056,3095246.0,3834696448.0
TFX,2025-12-09 22:19:59,0.9807017543859649,131.25,9.53931,5.005481080918591,598787.0,5800516096.0
TPG,2025-12-09 22:19:59,0.8444444444444443,65.48,6.143629,1.209838457753441,1772168.0,25100791808.0
TSEM,2025-12-09 22:19:59,0.8115497076023392,124.0,4.818256,1.067637530010511,1456573.0,13903350784.0
VIA,2025-12-09 22:19:59,0.7704678362573101,32.54,5.03551,1.0528587919647046,379426.0,2760595968.0
WFRD,2025-12-09 22:19:59,0.7675438596491228,80.1,3.823716,1.1254136948264315,818236.0,5753983488.0
WPP,2025-12-09 22:19:59,0.7580409356725146,21.16,6.54582,0.9913444695231424,641093.0,4574758912.0
WRBY,2025-12-09 22:19:59,0.901608187134503,23.22,9.21919,3.678555701807821,2511642.0,2836666880.0
WVE,2025-12-09 22:19:59,0.913157894736842,21.31,15.06479,7.750435869890636,4883338.0,3562643968.0
XMTR,2025-12-09 22:19:59,0.8899122807017543,61.25,5.186331,1.77725793243061,719231.0,3138918912.0
YOU,2025-12-09 22:19:59,0.883625730994152,35.25,8.22843,1.65569505904946,1582995.0,4752670208.0
AAOI,2025-12-09 22:20:00,0.7989766081871345,30.38,9.123559,1.095684844190201,5238374.0,2074342912.0
ABVX,2025-12-09 22:20:00,0.9453216374269005,123.04,6.9448047,2.30733659373422,1156504.0,9585224704.0
AEO,2025-12-09 22:20:00,0.7685672514619882,23.91,6.64585,1.162025959958395,8124050.0,4142843648.0
AGX,2025-12-09 22:20:00,0.7944444444444444,332.87,4.24666,1.0230345586103955,369141.0,4618041856.0
APO,2025-12-09 22:20:00,0.8394736842105264,143.89,4.73868,1.2683563833316935,3496168.0,83517005824.0
ARES,2025-12-09 22:20:00,0.9725146198830408,176.2,7.26897,7.662851017132341,1930034.0,57727455232.0
AS,2025-12-09 22:20:00,0.7555555555555555,38.68,4.00646,1.3435085803743547,5159973.0,21450823680.0
ASO,2025-12-09 22:20:00,0.930409356725146,53.07,8.638693,2.3740589967610357,1714128.0,3535811584.0
AUGO,2025-12-09 22:20:00,0.8207602339181287,43.45,7.6027727,1.0333776078723156,506687.0,3629574144.0
BMNR,2025-12-09 22:20:00,0.8103801169590643,39.21,9.4029,1.2793990371568953,46597623.0,15059298304.0
BX,2025-12-09 22:20:00,0.7720760233918128,156.02,3.07195,1.392948814188093,4129660.0,191445729280.0
CRCL,2025-12-09 22:20:00,0.7817251461988304,88.88,5.85993,1.0152008101535333,14187928.0,22614415360.0
CRWV,2025-12-09 22:20:00,0.7830409356725146,90.66,5.125239,1.1211806558508943,30295941.0,45177466880.0
DOCU,2025-12-09 22:20:00,0.8722222222222222,69.39,5.072681,1.7283856617014364,2957701.0,14021135360.0
ESLT,2025-12-09 22:20:00,0.7972222222222222,500.99,3.2458167,1.2580254215103597,103141.0,23441190912.0
FFIV,2025-12-09 22:20:00,0.8426900584795322,257.98,3.9361846,1.3978713315378102,955339.0,14985959424.0
FROG,2025-12-09 22:20:00,0.923391812865497,68.83,6.251934,2.4178882274680658,1332653.0,8143472640.0
GLXY,2025-12-09 22:20:00,0.774561403508772,29.45,12.8785,0.9716573120410243,9246406.0,11894296576.0
IFS,2025-12-09 22:20:00,0.7738304093567251,41.47,3.675,1.4083252642620834,198288.0,4617755136.0
ILMN,2025-12-09 22:20:00,0.8559941520467835,132.13,3.8349743,1.795331221217865,1753692.0,20308381696.0
IPGP,2025-12-09 22:20:00,0.8026315789473685,84.4,3.6218596,1.469882085523512,239326.0,3563361280.0
KFY,2025-12-09 22:20:00,0.8403508771929824,67.57,4.00184,1.729946641767703,431611.0,3540058880.0
KKR,2025-12-09 22:20:00,0.7843567251461988,135.78,4.25368,1.0579077412944884,4496031.0,125721681920.0
KNSL,2025-12-09 22:20:00,0.8932748538011694,372.01,4.90976,1.4828664645268457,251641.0,8667833344.0
LITE,2025-12-09 22:20:00,0.8426900584795322,360.33,5.1874094,1.0689704216794729,4190434.0,25551933440.0
MKTX,2025-12-09 22:20:00,0.8017543859649122,173.16,4.9073105,0.9989816445605628,838607.0,6469911040.0
MSTR,2025-12-09 22:20:00,0.7719298245614035,188.99,2.8852975,1.595324162762019,14989615.0,54306983936.0
NGVT,2025-12-09 22:20:00,0.8445906432748538,56.05,3.83475,2.460648400829604,247347.0,2043935232.0
OPCH,2025-12-09 22:20:00,0.8298245614035088,32.22,5.328542,1.5206037768908975,2100246.0,5229147136.0
PAAS,2025-12-09 22:20:00,0.9273391812865498,48.41,11.1596,2.6104503781731423,6376841.0,20431296512.0
PSN,2025-12-09 22:20:00,0.7925438596491228,65.16,3.15024,2.229711688750465,1219446.0,6958686720.0
RVLV,2025-12-09 22:20:00,0.8687134502923977,28.4,8.06697,1.5795982643919295,1103014.0,2025892224.0
SATS,2025-12-09 22:20:00,0.9162280701754386,93.54,5.982323,2.354565569366379,4178285.0,26927951872.0
SDRL,2025-12-09 22:20:00,0.8352339181286551,33.03,4.82386,1.6665348221235985,791336.0,2060218880.0
SKE,2025-12-09 22:20:00,0.8290935672514621,23.9,6.64882,1.2988023419866326,798809.0,2894130688.0
SNEX,2025-12-09 22:20:00,0.7849415204678362,95.42,3.9773364,1.1003954888453369,426055.0,4985112064.0
SPOT,2025-12-09 22:20:00,0.8141812865497077,589.67,3.02612,1.6340157392043917,1748373.0,121409519616.0
STEP,2025-12-09 22:20:00,0.8035087719298244,64.6,3.6086607,1.6611027290451246,671407.0,8032843264.0
TBBB,2025-12-09 22:20:00,0.7741228070175438,34.79,4.82074,1.0971910515533867,613112.0,3992737280.0
TERN,2025-12-09 22:20:00,0.8858187134502924,42.57,5.8165555,2.5724840610407056,3095246.0,3834696448.0
TFX,2025-12-09 22:20:00,0.9807017543859649,131.25,9.53931,5.005481080918591,598787.0,5800516096.0
TPG,2025-12-09 22:20:00,0.8444444444444443,65.48,6.143629,1.209838457753441,1772168.0,25100791808.0
TSEM,2025-12-09 22:20:00,0.8115497076023392,124.0,4.818256,1.067637530010511,1456573.0,13903350784.0
VIA,2025-12-09 22:20:00,0.7704678362573101,32.54,5.03551,1.0528587919647046,379426.0,2760595968.0
WFRD,2025-12-09 22:20:00,0.7675438596491228,80.1,3.823716,1.1254136948264315,818236.0,5753983488.0
WPP,2025-12-09 22:20:00,0.7580409356725146,21.16,6.54582,0.9913444695231424,641093.0,4574758912.0
WRBY,2025-12-09 22:20:00,0.901608187134503,23.22,9.21919,3.678555701807821,2511642.0,2836666880.0
WVE,2025-12-09 22:20:00,0.913157894736842,21.31,15.06479,7.750435869890636,4883338.0,3562643968.0
XMTR,2025-12-09 22:20:00,0.8899122807017543,61.25,5.186331,1.77725793243061,719231.0,3138918912.0
YOU,2025-12-09 22:20:00,0.883625730994152,35.25,8.22843,1.65569505904946,1582995.0,4752670208.0
AAOI,2025-12-09 22:41:49,0.7972303206997085,30.38,9.123559,1.095684844190201,5238374.0,2074342912.0
ABVX,2025-12-09 22:41:49,0.9441690962099124,123.04,6.9448047,2.30733659373422,1156504.0,9585224704.0
AEO,2025-12-09 22:41:49,0.7663265306122449,23.91,6.64585,1.162025959958395,8124050.0,4142843648.0
AGX,2025-12-09 22:41:49,0.793002915451895,332.87,4.24666,1.0230345586103955,369141.0,4618041856.0
APO,2025-12-09 22:41:49,0.8376093294460641,143.89,4.73868,1.2683563833316935,3496168.0,83517005824.0
ARES,2025-12-09 22:41:49,0.9712827988338192,176.2,7.26897,7.662851017132341,1930034.0,57727455232.0
ASO,2025-12-09 22:41:49,0.9293002915451892,53.07,8.638693,2.3740589967610357,1714128.0,3535811584.0
AUGO,2025-12-09 22:41:49,0.8189504373177843,43.45,7.6027727,1.0333776078723156,506687.0,3629574144.0
BMNR,2025-12-09 22:41:49,0.808600583090379,39.21,9.4029,1.2793990371568953,46597623.0,15059298304.0
BX,2025-12-09 22:41:49,0.770408163265306,156.02,3.07195,1.392948814188093,4129660.0,191445729280.0
CRCL,2025-12-09 22:41:49,0.7800291545189505,88.88,5.85993,1.0152008101535333,14187928.0,22614415360.0
CRWV,2025-12-09 22:41:49,0.7813411078717202,90.66,5.125239,1.1211806558508943,30295941.0,45177466880.0
DOCU,2025-12-09 22:41:49,0.8712827988338192,69.39,5.072681,1.7283856617014364,2957701.0,14021135360.0
ESLT,2025-12-09 22:41:49,0.7957725947521865,500.99,3.2458167,1.2580254215103597,103141.0,23441190912.0
FFIV,2025-12-09 22:41:49,0.8411078717201166,257.98,3.9361846,1.3978713315378102,955339.0,14985959424.0
FROG,2025-12-09 22:41:49,0.9223032069970846,68.83,6.251934,2.4178882274680658,1332653.0,8143472640.0
GLXY,2025-12-09 22:41:49,0.7739067055393586,29.45,12.8785,0.9716573120410243,9246406.0,11894296576.0
IFS,2025-12-09 22:41:49,0.771865889212828,41.47,3.675,1.4083252642620834,198288.0,4617755136.0
ILMN,2025-12-09 22:41:49,0.8551020408163266,132.13,3.8349743,1.795331221217865,1753692.0,20308381696.0
IPGP,2025-12-09 22:41:49,0.8011661807580175,84.4,3.6218596,1.469882085523512,239326.0,3563361280.0
KFY,2025-12-09 22:41:49,0.8397959183673469,67.57,4.00184,1.729946641767703,431611.0,3540058880.0
KKR,2025-12-09 22:41:49,0.7826530612244897,135.78,4.25368,1.0579077412944884,4496031.0,125721681920.0
KNSL,2025-12-09 22:41:49,0.8915451895043732,372.01,4.90976,1.4828664645268457,251641.0,8667833344.0
LITE,2025-12-09 22:41:49,0.8408163265306121,360.33,5.1874094,1.0689704216794729,4190434.0,25551933440.0
MKTX,2025-12-09 22:41:49,0.8002915451895043,173.16,4.9073105,0.9989816445605628,838607.0,6469911040.0
MSTR,2025-12-09 22:41:49,0.7702623906705539,188.99,2.8852975,1.595324162762019,14989615.0,54306983936.0
NGVT,2025-12-09 22:41:49,0.8440233236151604,56.05,3.83475,2.460648400829604,247347.0,2043935232.0
OPCH,2025-12-09 22:41:49,0.8279883381924198,32.22,5.328542,1.5206037768908975,2100246.0,5229147136.0
PAAS,2025-12-09 22:41:49,0.9272594752186588,48.41,11.1596,2.6104503781731423,6376841.0,20431296512.0
PSN,2025-12-09 22:41:49,0.7918367346938775,65.16,3.15024,2.229711688750465,1219446.0,6958686720.0
PSNY,2025-12-09 22:41:49,0.8954810495626822,18.29,9.435778,1.7220232603311805,164744.0,38761848832.0
RVLV,2025-12-09 22:41:49,0.8667638483965016,28.4,8.06697,1.5795982643919295,1103014.0,2025892224.0
SATS,2025-12-09 22:41:49,0.9151603498542276,93.54,5.982323,2.354565569366379,4178285.0,26927951872.0
SDRL,2025-12-09 22:41:49,0.8327988338192419,33.03,4.82386,1.6665348221235985,791336.0,2060218880.0
SKE,2025-12-09 22:41:49,0.8266763848396501,23.9,6.64882,1.2988023419866326,798809.0,2894130688.0
SNEX,2025-12-09 22:41:49,0.7835276967930029,95.42,3.9773364,1.1003954888453369,426055.0,4985112064.0
SPOT,2025-12-09 22:41:49,0.8126822157434402,589.67,3.02612,1.6340157392043917,1748373.0,121409519616.0
STEP,2025-12-09 22:41:49,0.8017492711370262,64.6,3.6086607,1.6611027290451246,671407.0,8032843264.0
TBBB,2025-12-09 22:41:49,0.7724489795918367,34.79,4.82074,1.0971910515533867,613112.0,3992737280.0
TERN,2025-12-09 22:41:49,0.8848396501457725,42.57,5.8165555,2.5724840610407056,3095246.0,3834696448.0
TFX,2025-12-09 22:41:49,0.9807580174927114,131.25,9.53931,5.005481080918591,598787.0,5800516096.0
TPG,2025-12-09 22:41:49,0.8425655976676384,65.48,6.143629,1.209838457753441,1772168.0,25100791808.0
TSEM,2025-12-09 22:41:49,0.8097667638483965,124.0,4.818256,1.067637530010511,1456573.0,13903350784.0
VIA,2025-12-09 22:41:49,0.7682215743440233,32.54,5.03551,1.0528587919647046,379426.0,2760595968.0
WFRD,2025-12-09 22:41:49,0.7658892128279884,80.1,3.823716,1.1254136948264315,818236.0,5753983488.0
WPP,2025-12-09 22:41:49,0.7558309037900875,21.16,6.54582,0.9913444695231424,641093.0,4574758912.0
WRBY,2025-12-09 22:41:49,0.9005830903790087,23.22,9.21919,3.678555701807821,2511642.0,2836666880.0
WVE,2025-12-09 22:41:49,0.9131195335276968,21.31,15.06479,7.750435869890636,4883338.0,3562643968.0
XMTR,2025-12-09 22:41:49,0.8889212827988339,61.25,5.186331,1.77725793243061,719231.0,3138918912.0
YOU,2025-12-09 22:41:49,0.8816326530612244,35.25,8.22843,1.65569505904946,1582995.0,4752670208.0
AAOI,2025-12-09 22:41:50,0.7972303206997085,30.38,9.123559,1.095684844190201,5238374.0,2074342912.0
ABVX,2025-12-09 22:41:50,0.9441690962099124,123.04,6.9448047,2.30733659373422,1156504.0,9585224704.0
AEO,2025-12-09 22:41:50,0.7663265306122449,23.91,6.64585,1.162025959958395,8124050.0,4142843648.0
AGX,2025-12-09 22:41:50,0.793002915451895,332.87,4.24666,1.0230345586103955,369141.0,4618041856.0
APO,2025-12-09 22:41:50,0.8376093294460641,143.89,4.73868,1.2683563833316935,3496168.0,83517005824.0
ARES,2025-12-09 22:41:50,0.9712827988338192,176.2,7.26897,7.662851017132341,1930034.0,57727455232.0
ASO,2025-12-09 22:41:50,0.9293002915451892,53.07,8.638693,2.3740589967610357,1714128.0,3535811584.0
AUGO,2025-12-09 22:41:50,0.8189504373177843,43.45,7.6027727,1.0333776078723156,506687.0,3629574144.0
BMNR,2025-12-09 22:41:50,0.808600583090379,39.21,9.4029,1.2793990371568953,46597623.0,15059298304.0
BX,2025-12-09 22:41:50,0.770408163265306,156.02,3.07195,1.392948814188093,4129660.0,191445729280.0
CRCL,2025-12-09 22:41:50,0.7800291545189505,88.88,5.85993,1.0152008101535333,14187928.0,22614415360.0
CRWV,2025-12-09 22:41:50,0.7813411078717202,90.66,5.125239,1.1211806558508943,30295941.0,45177466880.0
DOCU,2025-12-09 22:41:50,0.8712827988338192,69.39,5.072681,1.7283856617014364,2957701.0,14021135360.0
ESLT,2025-12-09 22:41:50,0.7957725947521865,500.99,3.2458167,1.2580254215103597,103141.0,23441190912.0
FFIV,2025-12-09 22:41:50,0.8411078717201166,257.98,3.9361846,1.3978713315378102,955339.0,14985959424.0
FROG,2025-12-09 22:41:50,0.9223032069970846,68.83,6.251934,2.4178882274680658,1332653.0,8143472640.0
GLXY,2025-12-09 22:41:50,0.7739067055393586,29.45,12.8785,0.9716573120410243,9246406.0,11894296576.0
IFS,2025-12-09 22:41:50,0.771865889212828,41.47,3.675,1.4083252642620834,198288.0,4617755136.0
ILMN,2025-12-09 22:41:50,0.8551020408163266,132.13,3.8349743,1.795331221217865,1753692.0,20308381696.0
IPGP,2025-12-09 22:41:50,0.8011661807580175,84.4,3.6218596,1.469882085523512,239326.0,3563361280.0
KFY,2025-12-09 22:41:50,0.8397959183673469,67.57,4.00184,1.729946641767703,431611.0,3540058880.0
KKR,2025-12-09 22:41:50,0.7826530612244897,135.78,4.25368,1.0579077412944884,4496031.0,125721681920.0
KNSL,2025-12-09 22:41:50,0.8915451895043732,372.01,4.90976,1.4828664645268457,251641.0,8667833344.0
LITE,2025-12-09 22:41:50,0.8408163265306121,360.33,5.1874094,1.0689704216794729,4190434.0,25551933440.0
MKTX,2025-12-09 22:41:50,0.8002915451895043,173.16,4.9073105,0.9989816445605628,838607.0,6469911040.0
MSTR,2025-12-09 22:41:50,0.7702623906705539,188.99,2.8852975,1.595324162762019,14989615.0,54306983936.0
NGVT,2025-12-09 22:41:50,0.8440233236151604,56.05,3.83475,2.460648400829604,247347.0,2043935232.0
OPCH,2025-12-09 22:41:50,0.8279883381924198,32.22,5.328542,1.5206037768908975,2100246.0,5229147136.0
PAAS,2025-12-09 22:41:50,0.9272594752186588,48.41,11.1596,2.6104503781731423,6376841.0,20431296512.0
PSN,2025-12-09 22:41:50,0.7918367346938775,65.16,3.15024,2.229711688750465,1219446.0,6958686720.0
PSNY,2025-12-09 22:41:50,0.8954810495626822,18.29,9.435778,1.7220232603311805,164744.0,38761848832.0
RVLV,2025-12-09 22:41:50,0.8667638483965016,28.4,8.06697,1.5795982643919295,1103014.0,2025892224.0
SATS,2025-12-09 22:41:50,0.9151603498542276,93.54,5.982323,2.354565569366379,4178285.0,26927951872.0
SDRL,2025-12-09 22:41:50,0.8327988338192419,33.03,4.82386,1.6665348221235985,791336.0,2060218880.0
SKE,2025-12-09 22:41:50,0.8266763848396501,23.9,6.64882,1.2988023419866326,798809.0,2894130688.0
SNEX,2025-12-09 22:41:50,0.7835276967930029,95.42,3.9773364,1.1003954888453369,426055.0,4985112064.0
SPOT,2025-12-09 22:41:50,0.8126822157434402,589.67,3.02612,1.6340157392043917,1748373.0,121409519616.0
STEP,2025-12-09 22:41:50,0.8017492711370262,64.6,3.6086607,1.6611027290451246,671407.0,8032843264.0
TBBB,2025-12-09 22:41:50,0.7724489795918367,34.79,4.82074,1.0971910515533867,613112.0,3992737280.0
TERN,2025-12-09 22:41:50,0.8848396501457725,42.57,5.8165555,2.5724840610407056,3095246.0,3834696448.0
TFX,2025-12-09 22:41:50,0.9807580174927114,131.25,9.53931,5.005481080918591,598787.0,5800516096.0
TPG,2025-12-09 22:41:50,0.8425655976676384,65.48,6.143629,1.209838457753441,1772168.0,25100791808.0
TSEM,2025-12-09 22:41:50,0.8097667638483965,124.0,4.818256,1.067637530010511,1456573.0,13903350784.0
VIA,2025-12-09 22:41:50,0.7682215743440233,32.54,5.03551,1.0528587919647046,379426.0,2760595968.0
WFRD,2025-12-09 22:41:50,0.7658892128279884,80.1,3.823716,1.1254136948264315,818236.0,5753983488.0
WPP,2025-12-09 22:41:50,0.7558309037900875,21.16,6.54582,0.9913444695231424,641093.0,4574758912.0
WRBY,2025-12-09 22:41:50,0.9005830903790087,23.22,9.21919,3.678555701807821,2511642.0,2836666880.0
WVE,2025-12-09 22:41:50,0.9131195335276968,21.31,15.06479,7.750435869890636,4883338.0,3562643968.0
XMTR,2025-12-09 22:41:50,0.8889212827988339,61.25,5.186331,1.77725793243061,719231.0,3138918912.0
YOU,2025-12-09 22:41:50,0.8816326530612244,35.25,8.22843,1.65569505904946,1582995.0,4752670208.0
AAOI,2025-12-09 22:51:38,0.7973760932944607,30.38,9.123559,1.095684844190201,5238374.0,2074342912.0
ABVX,2025-12-09 22:51:38,0.944606413994169,123.04,6.9448047,2.30733659373422,1156504.0,9585224704.0
AEO,2025-12-09 22:51:38,0.7670553935860057,23.91,6.64585,1.162025959958395,8124050.0,4142843648.0
AGX,2025-12-09 22:51:38,0.7940233236151604,332.87,4.24666,1.0230345586103955,369141.0,4618041856.0
APO,2025-12-09 22:51:38,0.8380466472303206,143.89,4.73868,1.2683563833316935,3496168.0,83517005824.0
ARES,2025-12-09 22:51:38,0.9723032069970846,176.2,7.26897,7.662851017132341,1930034.0,57727455232.0
ASO,2025-12-09 22:51:38,0.929737609329446,53.07,8.638693,2.3740589967610357,1714128.0,3535811584.0
AUGO,2025-12-09 22:51:38,0.8193877551020408,43.45,7.6027727,1.0333776078723156,506687.0,3629574144.0
BMNR,2025-12-09 22:51:38,0.8090379008746355,39.21,9.4029,1.2793990371568953,46597623.0,15059298304.0
BX,2025-12-09 22:51:38,0.7708454810495626,156.02,3.07195,1.392948814188093,4129660.0,191445729280.0
CRCL,2025-12-09 22:51:38,0.7804664723032071,88.88,5.85993,1.0152008101535333,14187928.0,22614415360.0
CRWV,2025-12-09 22:51:38,0.7814868804664722,90.66,5.125239,1.1211806558508943,30295941.0,45177466880.0
CVNA,2025-12-09 22:51:38,0.787463556851312,456.33,1.86392,1.6259625055648073,3335695.0,98933907456.0
DOCU,2025-12-09 22:51:38,0.8717201166180757,69.39,5.072681,1.7283856617014364,2957701.0,14021135360.0
ESLT,2025-12-09 22:51:38,0.7967930029154517,500.99,3.2458167,1.2580254215103597,103141.0,23441190912.0
FFIV,2025-12-09 22:51:38,0.842128279883382,257.98,3.9361846,1.3978713315378102,955339.0,14985959424.0
FROG,2025-12-09 22:51:38,0.922740524781341,68.83,6.251934,2.4178882274680658,1332653.0,8143472640.0
GLXY,2025-12-09 22:51:38,0.772740524781341,29.45,12.8785,0.9716573120410243,9246406.0,11894296576.0
IFS,2025-12-09 22:51:38,0.7728862973760934,41.47,3.675,1.4083252642620834,198288.0,4617755136.0
ILMN,2025-12-09 22:51:38,0.8555393586005832,132.13,3.8349743,1.795331221217865,1753692.0,20308381696.0
IPGP,2025-12-09 22:51:38,0.801603498542274,84.4,3.6218596,1.469882085523512,239326.0,3563361280.0
KFY,2025-12-09 22:51:38,0.8402332361516034,67.57,4.00184,1.729946641767703,431611.0,3540058880.0
KKR,2025-12-09 22:51:38,0.7830903790087462,135.78,4.25368,1.0579077412944884,4496031.0,125721681920.0
KNSL,2025-12-09 22:51:38,0.8925655976676384,372.01,4.90976,1.4828664645268457,251641.0,8667833344.0
LITE,2025-12-09 22:51:38,0.8418367346938775,360.33,5.1874094,1.0689704216794729,4190434.0,25551933440.0
MKTX,2025-12-09 22:51:38,0.8007288629737608,173.16,4.9073105,0.9989816445605628,838607.0,6469911040.0
MSTR,2025-12-09 22:51:38,0.7706997084548104,188.99,2.8852975,1.595324162762019,14989615.0,54306983936.0
NGVT,2025-12-09 22:51:38,0.8444606413994168,56.05,3.83475,2.460648400829604,247347.0,2043935232.0
OPCH,2025-12-09 22:51:38,0.8284256559766763,32.22,5.328542,1.5206037768908975,2100246.0,5229147136.0
PAAS,2025-12-09 22:51:38,0.92667638483965,48.41,11.1596,2.6104503781731423,6376841.0,20431296512.0
PSN,2025-12-09 22:51:38,0.7922740524781341,65.16,3.15024,2.229711688750465,1219446.0,6958686720.0
RVLV,2025-12-09 22:51:38,0.867201166180758,28.4,8.06697,1.5795982643919295,1103014.0,2025892224.0
SATS,2025-12-09 22:51:38,0.915597667638484,93.54,5.982323,2.354565569366379,4178285.0,26927951872.0
SDRL,2025-12-09 22:51:38,0.8348396501457725,33.03,4.82386,1.6665348221235985,791336.0,2060218880.0
SKE,2025-12-09 22:51:38,0.8276967930029153,23.9,6.64882,1.2988023419866326,798809.0,2894130688.0
SNEX,2025-12-09 22:51:38,0.7839650145772594,95.42,3.9773364,1.1003954888453369,426055.0,4985112064.0
SPOT,2025-12-09 22:51:38,0.8147230320699709,589.67,3.02612,1.6340157392043917,1748373.0,121409519616.0
STEP,2025-12-09 22:51:38,0.8032069970845481,64.6,3.6086607,1.6611027290451246,671407.0,8032843264.0
TBBB,2025-12-09 22:51:38,0.7728862973760933,34.79,4.82074,1.0971910515533867,613112.0,3992737280.0
TERN,2025-12-09 22:51:38,0.8852769679300292,42.57,5.8165555,2.5724840610407056,3095246.0,3834696448.0
TFX,2025-12-09 22:51:38,0.9807580174927114,131.25,9.53931,5.005481080918591,598787.0,5800516096.0
TPG,2025-12-09 22:51:38,0.8430029154518951,65.48,6.143629,1.209838457753441,1772168.0,25100791808.0
TSEM,2025-12-09 22:51:38,0.810204081632653,124.0,4.818256,1.067637530010511,1456573.0,13903350784.0
VIA,2025-12-09 22:51:38,0.7692419825072887,32.54,5.03551,1.0528587919647046,379426.0,2760595968.0
WFRD,2025-12-09 22:51:38,0.7663265306122449,80.1,3.823716,1.1254136948264315,818236.0,5753983488.0
WPP,2025-12-09 22:51:38,0.7568513119533529,21.16,6.54582,0.9913444695231424,641093.0,4574758912.0
WRBY,2025-12-09 22:51:38,0.9010204081632652,23.22,9.21919,3.678555701807821,2511642.0,2836666880.0
WVE,2025-12-09 22:51:38,0.9122448979591836,21.31,15.06479,7.750435869890636,4883338.0,3562643968.0
XMTR,2025-12-09 22:51:38,0.8893586005830902,61.25,5.186331,1.77725793243061,719231.0,3138918912.0
YOU,2025-12-09 22:51:38,0.8830903790087463,35.25,8.22843,1.65569505904946,1582995.0,4752670208.0
AAOI,2025-12-10 14:22:08,0.8004373177842566,30.38,9.12356,1.111807232743144,5162412.0,2074342912.0
ABVX,2025-12-10 14:22:08,0.944606413994169,123.04,6.9448,2.247002880703832,1187557.0,9708465152.0
AEO,2025-12-10 14:22:08,0.7706997084548105,23.91,6.64585,1.1806256403932784,7996063.0,4142843648.0
AGX,2025-12-10 14:22:08,0.7960641399416909,332.87,4.24666,1.0251813403987318,368368.0,4618041856.0
APO,2025-12-10 14:22:08,0.8367346938775511,143.89,4.73868,1.2545576302076995,3534622.0,83517005824.0
ARES,2025-12-10 14:22:08,0.9705539358600584,176.2,7.26897,6.857115104644802,2156820.0,57727455232.0
ASO,2025-12-10 14:22:08,0.929737609329446,53.07,8.63869,2.317048187557507,1756304.0,3538546688.0
AUGO,2025-12-10 14:22:08,0.813265306122449,43.45,7.60277,1.0244871684498047,511084.0,3629574144.0
BMNR,2025-12-10 14:22:08,0.8077259475218659,39.21,9.4029,1.2712290098961343,46897100.0,15059298304.0
BX,2025-12-10 14:22:08,0.7715743440233236,156.02,3.07195,1.381301443973104,4164482.0,191445729280.0
CRCL,2025-12-10 14:22:08,0.7784256559766765,88.88,5.85993,1.0099457626243955,14261752.0,22614415360.0
CRWV,2025-12-10 14:22:08,0.7858600583090378,90.66,5.12524,1.142551993729544,29729258.0,45177466880.0
CVNA,2025-12-10 14:22:08,0.7864431486880467,456.33,1.86392,1.604770003426293,3379746.0,98933907456.0
DOCU,2025-12-10 14:22:08,0.8704081632653061,69.39,5.07268,1.721744806270164,2969109.0,13896925184.0
ESLT,2025-12-10 14:22:08,0.7967930029154517,500.99,3.24582,1.2510630092079256,103715.0,23441190912.0
FFIV,2025-12-10 14:22:08,0.8411078717201166,257.98,3.93618,1.3762424602180856,970353.0,14985959424.0
FROG,2025-12-10 14:22:08,0.922740524781341,68.83,6.25193,2.375508320382652,1356428.0,8143472640.0
GLXY,2025-12-10 14:22:08,0.772740524781341,29.45,12.8785,0.9745774377539742,9218701.0,11894296576.0
IFS,2025-12-10 14:22:08,0.7728862973760934,41.47,3.675,1.3966191547886972,199950.0,4617755136.0
ILMN,2025-12-10 14:22:08,0.8545189504373177,132.13,3.83497,1.761105150874775,1787774.0,20308381696.0
IPGP,2025-12-10 14:22:08,0.8002915451895045,84.4,3.62186,1.4501170709185944,242588.0,3563361280.0
KFY,2025-12-10 14:22:08,0.8412536443148688,67.57,4.00184,1.734407121005526,430501.0,3540058880.0
KKR,2025-12-10 14:22:08,0.7790087463556852,135.78,4.25368,1.0457953468082524,4548104.0,125721681920.0
KNSL,2025-12-10 14:22:08,0.8915451895043732,372.01,4.90976,1.472125676096845,253477.0,8667833344.0
LITE,2025-12-10 14:22:08,0.8411078717201166,360.33,5.18741,1.0742810246925512,4169719.0,25551933440.0
MKTX,2025-12-10 14:22:08,0.8007288629737608,173.16,4.90731,0.9982555167495416,839217.0,6469911040.0
MSTR,2025-12-10 14:22:08,0.7706997084548104,188.99,2.8853,1.571096994283401,15220763.0,54306983936.0
NGVT,2025-12-10 14:22:08,0.8441690962099124,56.05,3.83475,2.394688385269122,254160.0,2043935232.0
OPCH,2025-12-10 14:22:08,0.8294460641399417,32.22,5.32854,1.498604696123134,2131077.0,5229147136.0
PAAS,2025-12-10 14:22:08,0.9263848396501456,48.41,11.1596,2.548070054056702,6532955.0,20431296512.0
PSN,2025-12-10 14:22:08,0.7922740524781341,65.16,3.15024,2.164147279109194,1256390.0,6958686720.0
RVLV,2025-12-10 14:22:08,0.867201166180758,28.4,8.06697,1.5588905809069973,1117666.0,2025892224.0
SATS,2025-12-10 14:22:08,0.9150145772594752,93.54,5.98232,2.307277341038293,4263920.0,26927951872.0
SDRL,2025-12-10 14:22:08,0.8348396501457725,33.03,4.82386,1.6452676950715164,801565.0,2060218880.0
SKE,2025-12-10 14:22:08,0.8266763848396501,23.9,6.64882,1.2824729906796213,808980.0,2894130688.0
SNEX,2025-12-10 14:22:08,0.7811953352769679,95.42,3.97734,1.0990592466002302,426573.0,4985112064.0
SPOT,2025-12-10 14:22:08,0.8137026239067056,589.67,3.02612,1.6065060574297425,1778312.0,121409519616.0
STEP,2025-12-10 14:22:08,0.8032069970845481,64.6,3.60866,1.633589418717913,682715.0,8032843264.0
TBBB,2025-12-10 14:22:08,0.7769679300291544,34.79,4.82074,1.114950625345987,603346.0,3992737280.0
TERN,2025-12-10 14:22:08,0.8833819241982507,42.57,5.81656,2.466764315262457,3227901.0,3834696448.0
TFX,2025-12-10 14:22:08,0.9807580174927114,131.25,9.53931,4.736952986340167,632731.0,5800516096.0
TPG,2025-12-10 14:22:08,0.8419825072886297,65.48,6.14363,1.2048712147522245,1779474.0,25100791808.0
TSEM,2025-12-10 14:22:08,0.8144314868804665,124.0,4.81826,1.0796970639531651,1440304.0,13903350784.0
VIA,2025-12-10 14:22:08,0.7712827988338193,32.54,5.03551,1.051960500329164,379750.0,2760595968.0
WFRD,2025-12-10 14:22:08,0.7655976676384839,80.1,3.82372,1.1226134586243428,820277.0,5753983488.0
WPP,2025-12-10 14:22:08,0.7568513119533529,21.16,6.54582,0.9824318412636088,646909.0,4574758912.0
WRBY,2025-12-10 14:22:08,0.9004373177842564,23.22,9.21919,3.4979934047378363,2641290.0,2836666880.0
WVE,2025-12-10 14:22:08,0.9090379008746357,21.31,15.0648,6.928012948106896,5463038.0,3562643968.0
XMTR,2025-12-10 14:22:08,0.888338192419825,61.25,5.18633,1.7482616663931287,731160.0,3138918912.0
YOU,2025-12-10 14:22:08,0.882069970845481,35.25,8.22843,1.6312001872083428,1606766.0,4752670208.0
ABVX,2025-12-10 14:50:06,0.91,132.78,7.916123,0.8762038369526683,1187557.0,10476999680.0
AKRO,2025-12-10 14:50:06,0.4863636363636364,54.65,0.0,4.530930864827777,2562198.0,4499031040.0
ALGM,2025-12-10 14:50:06,0.2654545454545454,29.785,2.8487597,0.0285177815194652,1959900.0,5513770496.0
ALLY,2025-12-10 14:50:06,0.629090909090909,44.195,4.381199,0.159394062462863,3466892.0,13614410752.0
AMKR,2025-12-10 14:50:06,0.61,46.31,3.8108065,0.2010857721070103,3239538.0,11447528448.0
AMZN,2025-12-10 14:50:06,0.45,231.99,1.7857175,0.1194759290842272,48285450.0,2480023273472.0
ANF,2025-12-10 14:50:06,0.5409090909090909,103.74,3.7815113,0.0848842759996684,2099046.0,4883022848.0
AVTR,2025-12-10 14:50:06,0.3954545454545455,11.1,4.421451,0.0781333117893502,10483979.0,7568144896.0
AXON,2025-12-10 14:50:06,0.7418181818181818,570.92,4.4397616,0.1489413004809276,758950.0,45051559936.0
BEKE,2025-12-10 14:50:06,0.5199999999999999,17.035,3.745431,0.1997864842058038,5073161.0,20024315904.0
BRKR,2025-12-10 14:50:06,0.49,47.415,4.530424,0.0440990592857512,3146439.0,7204290048.0
BRZE,2025-12-10 14:50:06,0.9090909090909092,35.565,16.064714,1.084519458934777,1740049.0,3957219072.0
CFLT,2025-12-10 14:50:06,0.3963636363636363,29.92,0.06689116,0.6146681662566841,10313041.0,10566275072.0
CHWY,2025-12-10 14:50:06,0.6118181818181818,36.02,3.387885,0.8302062336104765,7220695.0,14941815808.0
CNTA,2025-12-10 14:50:06,0.3045454545454545,29.485,3.0944064,0.0420461204697309,1477782.0,4358470656.0
COLD,2025-12-10 14:50:06,0.4109090909090909,11.71,3.996446,0.0910950698285966,6705061.0,3346596608.0
DYN,2025-12-10 14:50:06,0.7763636363636364,19.96,8.242942,0.7663992370158589,2803728.0,2850780672.0
GEV,2025-12-10 14:50:06,0.9563636363636364,713.9646,14.179532,0.9650182754217534,2960260.0,194358247424.0
GOOGL,2025-12-10 14:50:06,0.3609090909090908,317.485,0.12772764,0.1537871214059905,36548353.0,3845416812544.0
GPCR,2025-12-10 14:50:06,0.7481818181818182,69.515,4.1579285,0.5932640446380747,1396476.0,4218006016.0
HBM,2025-12-10 14:50:06,0.3145454545454545,18.189,3.524853,0.0486934749368116,6790417.0,7205547520.0
HPE,2025-12-10 14:50:06,0.3381818181818181,24.71,-0.24223404,0.2227520785355211,31331555.0,32603611136.0
HSBC,2025-12-10 14:50:06,0.6481818181818182,73.5,3.828764,0.1668453531969474,1643474.0,252339224576.0
INTC,2025-12-10 14:50:06,0.2745454545454545,39.3532,-2.8318312,0.1211504150525637,115793165.0,187714748416.0
JBTM,2025-12-10 14:50:06,0.799090909090909,145.765,5.772442,0.1713442693952682,554130.0,7575606784.0
KVYO,2025-12-10 14:50:06,0.3381818181818181,30.39,3.2970746,0.061610114289286,3151739.0,9176117248.0
KYMR,2025-12-10 14:50:06,0.8445454545454546,92.325,6.2672653,0.6015497255927745,892287.0,6642693632.0
LAUR,2025-12-10 14:50:06,0.6218181818181818,31.7,4.620467,0.1365861432062515,1179739.0,4671602688.0
MIDD,2025-12-10 14:50:06,0.5754545454545454,133.94,3.8294592,0.0846012431306412,710947.0,6788398592.0
NMR,2025-12-10 14:50:06,0.4390909090909091,8.07,3.7274997,0.1292602207121755,681068.0,23784583168.0
NVDA,2025-12-10 14:50:06,0.2354545454545454,184.4501,-0.28107125,0.0899259517397906,189963950.0,4490806689792.0
NVO,2025-12-10 14:50:06,0.4127272727272727,47.8693,3.2559106,0.1092040392431997,16609349.0,212706263040.0
OLMA,2025-12-10 14:50:06,0.8218181818181817,29.49,10.948081,0.7625623005066035,3414900.0,2363916032.0
OMC,2025-12-10 14:50:06,0.39,75.48,3.0584457,0.0649749767454821,4234661.0,23952762880.0
ONDS,2025-12-10 14:50:06,0.2654545454545454,8.7435,-5.269997,0.1547302190659157,78577217.0,3257447424.0
PLAB,2025-12-10 14:50:06,0.9709090909090908,37.3101,45.231995,5.132698775368017,780806.0,2244221696.0
PLTR,2025-12-10 14:50:06,0.4681818181818181,184.015,1.1958779,0.1571904284373174,51843990.0,438588014592.0
PSKY,2025-12-10 14:50:06,0.3827272727272727,15.18,3.6885242,0.0956175419887135,9542088.0,16746077184.0
RELY,2025-12-10 14:50:06,0.3509090909090908,14.6,3.1802175,0.1045219465392542,3834477.0,3052070656.0
REVG,2025-12-10 14:50:06,0.4472727272727272,57.555,3.3396187,0.0788138135049067,923531.0,2809037568.0
RMD,2025-12-10 14:50:06,0.6281818181818182,253.215,2.7158008,0.2104167937585999,1032717.0,36960854016.0
SATS,2025-12-10 14:50:06,0.7927272727272728,98.71,5.5270452,0.5649336760539597,4263920.0,28416270336.0
SPR,2025-12-10 14:50:06,0.5272727272727272,39.5,0.228369,3.775692465217366,1529427.0,4642166784.0
TERN,2025-12-10 14:50:06,0.8109090909090909,45.6601,7.258867,0.7399774652320502,3227901.0,4113051904.0
TEX,2025-12-10 14:50:06,0.5790909090909091,50.87,3.964845,0.1197409284395448,1035544.0,3336315136.0
TSLA,2025-12-10 14:50:06,0.2727272727272727,445.82,0.12503174,0.0814284456729997,88732223.0,1482716741632.0
TTC,2025-12-10 14:50:06,0.4136363636363637,71.715,2.9204879,0.0787292980318043,679404.0,7077213696.0
WBD,2025-12-10 14:50:06,0.5936363636363636,29.4145,4.0852036,0.2753943526376073,54526198.0,72900853760.0
WRBY,2025-12-10 14:50:06,0.6945454545454544,24.57,5.722892,0.3548247257968644,2641290.0,3001589504.0
WVE,2025-12-10 14:50:06,0.4954545454545454,19.08,-10.464569,0.9284573894598572,5463038.0,3190315008.0
ABVX,2025-12-10 15:24:25,0.934782608695652,133.36,8.387516,1.3477214146352554,1187557.0,10522764288.0
AKRO,2025-12-10 15:24:25,0.5130434782608695,54.65,0.0,4.530930864827777,2562198.0,4499031040.0
ALGM,2025-12-10 15:24:25,0.5141304347826087,30.2,4.281774,0.128714220113271,1959900.0,5590595072.0
ALLY,2025-12-10 15:24:25,0.7413043478260869,44.525,5.160608,0.3205943536747034,3466892.0,13716068352.0
AMKR,2025-12-10 15:24:25,0.6016304347826087,45.9896,3.093247,0.341771573600927,3239538.0,11368328192.0
ANF,2025-12-10 15:24:25,0.6092391304347826,103.6,3.641456,0.1934912336366139,2099046.0,4876433408.0
APG,2025-12-10 15:24:25,0.6581521739130435,38.95,3.3156497,0.4439628674830201,2420520.0,16199535616.0
AVTR,2025-12-10 15:24:25,0.5206521739130435,11.105,4.46848,0.2183215933568733,10483979.0,7571553792.0
BCC,2025-12-10 15:24:25,0.5456521739130434,74.38,3.3055518,0.1561964936544286,422263.0,2777160960.0
BEKE,2025-12-10 15:24:25,0.5744565217391304,17.015,3.6236255,0.3276304457910955,5073161.0,20000804864.0
BRKR,2025-12-10 15:24:25,0.4999999999999999,47.23,4.127122,0.1075927421443733,3146439.0,7176180736.0
BRZE,2025-12-10 15:24:25,0.9315217391304348,36.01,17.48776,1.80582730716204,1740049.0,4006732800.0
CHWY,2025-12-10 15:24:25,0.5222826086956521,35.08,0.68886817,1.3151272834540166,7220695.0,14551884800.0
COLD,2025-12-10 15:24:25,0.6880434782608696,11.985,6.4387155,0.3590071738348092,6705061.0,3425188608.0
CPAY,2025-12-10 15:24:25,0.5646739130434782,309.74,3.1493938,0.1553078394082908,569469.0,21872099328.0
DYN,2025-12-10 15:24:25,0.8097826086956521,20.235,9.734273,1.1647559963020664,2803728.0,2890057728.0
EEFT,2025-12-10 15:24:25,0.6331521739130435,76.4,3.04829,0.3108253722351321,871425.0,3212213504.0
GEV,2025-12-10 15:24:25,0.9679347826086956,701.34,12.160569,1.5020825873403012,2960260.0,190921539584.0
GPCR,2025-12-10 15:24:25,0.8641304347826086,71.02,6.4129443,0.9957614738813986,1396476.0,4309325824.0
HSBC,2025-12-10 15:24:25,0.7603260869565217,73.565,3.9200473,0.3905245838997149,1643474.0,252562391040.0
HTFL,2025-12-10 15:24:25,0.5826086956521739,27.86,3.6844053,0.2242935753686492,449411.0,2372521984.0
INSP,2025-12-10 15:24:25,0.5673913043478261,146.25,4.0822163,0.0784404210422513,1298017.0,4325243904.0
JBTM,2025-12-10 15:24:25,0.8380434782608696,146.445,6.2658806,0.3138920469925829,554130.0,7610948096.0
LAUR,2025-12-10 15:24:25,0.6461956521739131,31.59,4.2574286,0.2295660311306145,1179739.0,4655392256.0
LKQ,2025-12-10 15:24:25,0.5190217391304347,29.1898,3.620164,0.2156992822264697,2842958.0,7510336512.0
MCHB,2025-12-10 15:24:25,0.7505434782608695,15.3,5.5172424,0.5735886557567192,355211.0,3384568832.0
MIDD,2025-12-10 15:24:25,0.7423913043478261,137.3325,6.459306,0.197885355729752,710947.0,6960338944.0
MRVL,2025-12-10 15:24:25,0.6,91.73,3.1833541,0.2907526348966522,20385050.0,79080431616.0
MSFT,2025-12-10 15:24:25,0.5478260869565217,480.715,-2.2976694,0.2731178196500345,22173101.0,3573234532352.0
NMR,2025-12-10 15:24:25,0.5239130434782608,8.065,3.663231,0.2440710766032173,681068.0,23769845760.0
NVO,2025-12-10 15:24:25,0.5815217391304347,48.0743,3.697796,0.2284686774900088,16609349.0,213617164288.0
NVST,2025-12-10 15:24:25,0.6614130434782609,21.75,5.480112,0.2715136298386505,2032049.0,3614452480.0
OLMA,2025-12-10 15:24:25,0.8396739130434784,29.71,11.775768,0.9845576737239744,3414900.0,2381551104.0
OMC,2025-12-10 15:24:25,0.5282608695652173,75.627,3.2591496,0.1640450085614881,4234661.0,23999412224.0
PEN,2025-12-10 15:24:25,0.6733695652173913,298.87,4.0851083,0.1624835682879289,441220.0,11704398848.0
PLAB,2025-12-10 15:24:25,0.9728260869565216,36.7801,43.169113,8.729488502905971,780806.0,2212342016.0
PLTR,2025-12-10 15:24:25,0.6070652173913043,186.71,2.6781843,0.3138507857902141,51843990.0,445011394560.0
PSKY,2025-12-10 15:24:25,0.5168478260869566,15.175,3.6543705,0.2611136053241177,9542088.0,16740560896.0
RELY,2025-12-10 15:24:25,0.6124999999999999,14.75,4.2402854,0.3093858693115123,3834477.0,3083427584.0
RKLB,2025-12-10 15:24:25,0.5,54.11,1.2726938,0.3570326839366195,21821484.0,28903198720.0
SATS,2025-12-10 15:24:25,0.8081521739130434,97.415,4.142613,0.9408485618867146,4263920.0,28043472896.0
SPR,2025-12-10 15:24:25,0.5413043478260869,39.5,0.228369,3.775692465217366,1529427.0,4642166784.0
SXI,2025-12-10 15:24:25,0.7657608695652173,238.53,3.232927,0.5100627437160521,130531.0,2890267648.0
TERN,2025-12-10 15:24:25,0.8907608695652173,47.39,11.322527,1.3254312942063589,3227901.0,4268880896.0
TEX,2025-12-10 15:24:25,0.5309782608695651,50.5,3.2508693,0.184808178117009,1035544.0,3312048640.0
TTC,2025-12-10 15:24:25,0.5059782608695652,71.79,2.9837925,0.1788302688827266,679404.0,7084615680.0
VRDN,2025-12-10 15:24:25,0.5961956521739131,32.7575,3.0110078,0.4286511522868763,1381557.0,3126441472.0
WBD,2025-12-10 15:24:25,0.6538043478260869,29.34,3.8216558,0.4956952619362897,54526198.0,72716222464.0
WRBY,2025-12-10 15:24:25,0.8679347826086956,26.0599,12.23041,1.3164215213020911,2641290.0,3183602944.0
XPO,2025-12-10 15:24:25,0.4983695652173913,147.07,3.0334885,0.1322070069357994,1293290.0,17319270400.0
AAOI,2025-12-10 15:46:23,0.6741803278688524,31.5837,3.9621496,0.3497353562637,5162412.0,2156531456.0
ABVX,2025-12-10 15:46:23,0.9614754098360654,134.76,9.5253525,1.5320148843381831,1187557.0,10633231360.0
ADPT,2025-12-10 15:46:23,0.7299180327868853,15.63,5.181699,0.4864253770029229,2224187.0,2386156800.0
AKRO,2025-12-10 15:46:23,0.5528688524590164,54.65,0.0,4.530930864827777,2562198.0,4499031040.0
ALK,2025-12-10 15:46:23,0.6709016393442622,51.42,3.7949076,0.3125054598913263,3605841.0,5964134400.0
ALLY,2025-12-10 15:46:23,0.7918032786885245,44.6751,5.5151114,0.400775680350008,3466892.0,13762306048.0
AMKR,2025-12-10 15:46:23,0.6454918032786885,45.995,3.1046813,0.4147122213105696,3239538.0,11369662464.0
ANF,2025-12-10 15:46:23,0.7229508196721313,104.45,4.4895487,0.2529563430244025,2099046.0,4916442624.0
AVTR,2025-12-10 15:46:23,0.6020491803278689,11.18,5.1740375,0.2721551616995799,10483979.0,7622690304.0
BDX,2025-12-10 15:46:23,0.6475409836065573,195.365,3.466263,0.2124921756010532,1972995.0,55996973056.0
BEKE,2025-12-10 15:46:23,0.5700819672131148,16.955,3.2582207,0.4033177736720754,5073161.0,19930277888.0
BRKR,2025-12-10 15:46:23,0.5774590163934425,47.45,4.607584,0.1322968600376489,3146439.0,7209607680.0
BRZE,2025-12-10 15:46:23,0.9393442622950818,35.3,15.171288,2.0820844700350394,1740049.0,3927733248.0
CHWY,2025-12-10 15:46:23,0.625,35.43,1.6934562,1.5147292608260008,7220695.0,14697071616.0
COLD,2025-12-10 15:46:23,0.737295081967213,12.105,7.504434,0.4788077244934833,6705061.0,3459483392.0
CPAY,2025-12-10 15:46:23,0.5971311475409835,309.18,2.9638984,0.1918980664443543,569469.0,21832554496.0
DYN,2025-12-10 15:46:23,0.8344262295081967,20.08,8.893705,1.30896542032608,2803728.0,2867919616.0
EEFT,2025-12-10 15:46:23,0.7557377049180327,76.83,3.6282742,0.4079456063344522,871425.0,3230292736.0
GEV,2025-12-10 15:46:23,0.9700819672131148,684.25,9.427477,1.7637839243850202,2960260.0,186269220864.0
HSBC,2025-12-10 15:46:23,0.8258196721311474,73.725,4.1460624,0.5866013091779974,1643474.0,253111697408.0
HTFL,2025-12-10 15:46:23,0.6647540983606557,28.025,4.2984695,0.2634692964791694,449411.0,2386573056.0
JBTM,2025-12-10 15:46:23,0.8299180327868853,145.0,5.21733,0.3551747784815837,554130.0,7535848960.0
JPM,2025-12-10 15:46:23,0.7147540983606557,304.165,1.2162652,0.6116262984604763,8468009.0,836378886144.0
LAUR,2025-12-10 15:46:23,0.6758196721311475,31.575,4.207926,0.2676990419067268,1179739.0,4653181440.0
LKQ,2025-12-10 15:46:23,0.6131147540983607,29.24,3.798366,0.2669733425537767,2842958.0,7523252736.0
MCHB,2025-12-10 15:46:23,0.8020491803278688,15.34,5.7931046,0.7122442717145584,355211.0,3393417472.0
MIDD,2025-12-10 15:46:23,0.8069672131147541,136.33,5.682172,0.2786593093437345,710947.0,6909529600.0
MRVL,2025-12-10 15:46:23,0.6729508196721311,91.965,3.4480758,0.3467393506515804,20385050.0,79283019776.0
MSFT,2025-12-10 15:46:23,0.5594262295081968,479.16,-2.613712,0.3430323525789198,22173101.0,3561676079104.0
NVO,2025-12-10 15:46:23,0.6524590163934426,48.2301,4.033861,0.2724361442462314,16609349.0,214309453824.0
NVST,2025-12-10 15:46:23,0.7561475409836066,21.735,5.40737,0.4292534284360269,2032049.0,3611960064.0
OLMA,2025-12-10 15:46:23,0.8508196721311475,28.89,8.6907425,1.1062142376057864,3414900.0,2315820032.0
OMC,2025-12-10 15:46:23,0.6520491803278688,76.23,4.082476,0.2091820336976206,4234661.0,24190769152.0
PEN,2025-12-10 15:46:23,0.7086065573770491,298.19,3.850304,0.2269412084674312,441220.0,11677769728.0
PLAB,2025-12-10 15:46:23,0.978688524590164,36.9588,43.864544,10.70460652197857,780806.0,2223090944.0
PLTR,2025-12-10 15:46:23,0.6221311475409836,184.605,1.5205672,0.3675085964641225,51843990.0,439994253312.0
PSKY,2025-12-10 15:46:23,0.6245901639344261,15.205,3.8592865,0.3683328009550949,9542088.0,16773655552.0
RELY,2025-12-10 15:46:23,0.680327868852459,14.84,4.876329,0.3902203612122331,3834477.0,3102241792.0
SATS,2025-12-10 15:46:23,0.8938524590163933,99.13,5.976049,1.0542519559466406,4263920.0,28537178112.0
SLM,2025-12-10 15:46:23,0.6823770491803279,27.13,3.4114676,0.6336007817118101,3227788.0,5656099328.0
SPR,2025-12-10 15:46:23,0.5831967213114754,39.5,0.228369,3.775692465217366,1529427.0,4642166784.0
SXI,2025-12-10 15:46:23,0.8352459016393442,239.46,3.6354234,0.5635059870835281,130531.0,2901536768.0
TERN,2025-12-10 15:46:23,0.9114754098360656,46.98,10.359408,1.530705247775567,3227901.0,4231948288.0
TTC,2025-12-10 15:46:23,0.5762295081967214,71.85,3.06986,0.2294216695809857,679404.0,7090536448.0
UHAL,2025-12-10 15:46:23,0.5528688524590164,52.69,3.557385,0.1428701054376296,165311.0,10009934848.0
UHAL-B,2025-12-10 15:46:23,0.5622950819672131,48.655,3.651656,0.1544684481803712,601249.0,9333944320.0
VRDN,2025-12-10 15:46:23,0.7766393442622951,33.165,4.292458,0.5125680663193773,1381557.0,3165334272.0
WBD,2025-12-10 15:46:23,0.7004098360655738,29.41,4.0693545,0.5556211162934925,54526198.0,72889704448.0
WLK,2025-12-10 15:46:23,0.603688524590164,70.92,3.635824,0.180942941245943,1337814.0,9097132032.0
WRBY,2025-12-10 15:46:23,0.903688524590164,26.2,12.833771,1.6460210730362814,2641290.0,3200718336.0
AAOI,2025-12-10 16:27:28,0.8002994011976048,32.3971,6.6395636,0.4988710703446373,5162412.0,2212070144.0
ABVX,2025-12-10 16:27:28,0.96437125748503,133.53,8.525681,1.949973769680108,1187557.0,10536177664.0
ADPT,2025-12-10 16:27:28,0.7293413173652694,15.6365,5.2254424,0.5901617085254073,2224187.0,2387149312.0
ALK,2025-12-10 16:27:28,0.7023952095808383,51.485,3.9261196,0.3868448442402202,3605841.0,5971674112.0
ALLY,2025-12-10 16:27:28,0.8269461077844311,44.52,5.148796,0.6979052130842265,3466892.0,13714528256.0
ANF,2025-12-10 16:27:28,0.7739520958083832,104.63,4.671867,0.3481962758319732,2099046.0,4924915200.0
APG,2025-12-10 16:27:28,0.7074850299401197,39.035,3.5415814,0.6533096194206204,2420520.0,16234887168.0
AROC,2025-12-10 16:27:28,0.7293413173652694,26.285,3.852234,0.880055491411202,1697560.0,4609591296.0
ASTS,2025-12-10 16:27:28,0.7179640718562874,75.9,4.200996,0.3850832138736679,12895566.0,27885760512.0
BDX,2025-12-10 16:27:28,0.7068862275449102,196.11,3.8608162,0.3091340829551012,1972995.0,56210509824.0
BRZE,2025-12-10 16:27:28,0.9473053892215568,35.39,15.464926,2.3677068864152675,1740049.0,3937747200.0
CHTR,2025-12-10 16:27:28,0.6191616766467065,212.45,3.5684648,0.2178271306394211,1973363.0,29018755072.0
COLD,2025-12-10 16:27:28,0.7479041916167664,12.165,8.037297,0.6115719156022592,6705061.0,3476630784.0
DYN,2025-12-10 16:27:28,0.8362275449101797,19.785,7.293923,1.657161465020858,2803728.0,2825786368.0
FLY,2025-12-10 16:27:28,0.7389221556886227,20.5,5.3443007,0.4879853133289219,2109668.0,3264647936.0
GEV,2025-12-10 16:27:28,0.9790419161676646,707.02,13.068932,2.1383310925391688,2960260.0,192467779584.0
HSBC,2025-12-10 16:27:28,0.8514970059880239,73.915,4.4144654,0.7460136272310971,1643474.0,253764009984.0
HTFL,2025-12-10 16:27:28,0.7245508982035928,28.4,5.694078,0.3343198097064825,449411.0,2418507520.0
JBTM,2025-12-10 16:27:28,0.8706586826347305,146.08,6.0088677,0.4817281143414,554130.0,7591977984.0
JPM,2025-12-10 16:27:28,0.7434131736526945,306.915,2.1313763,0.7913208405895648,8468009.0,843940757504.0
LAUR,2025-12-10 16:27:28,0.6700598802395209,31.43,3.7293766,0.4042699275009133,1179739.0,4631813120.0
LBRDA,2025-12-10 16:27:28,0.6763473053892216,49.13,3.584231,0.355861591096098,115455.0,7087647232.0
LINE,2025-12-10 16:27:28,0.7011976047904191,35.84,3.6137612,0.5147671487725062,1340577.0,8952732672.0
LKQ,2025-12-10 16:27:28,0.688622754491018,29.56,4.934325,0.345677284011934,2842958.0,7605586432.0
MCHB,2025-12-10 16:27:28,0.8086826347305388,15.29,5.448276,1.235051842426051,355211.0,3382356736.0
MIDD,2025-12-10 16:27:28,0.828443113772455,136.825,6.065889,0.356769210644394,710947.0,6934617088.0
MMYT,2025-12-10 16:27:28,0.7694610778443114,74.99,4.573977,0.351686571696296,1073598.0,7135102976.0
MRVL,2025-12-10 16:27:28,0.6287425149700598,91.47,2.8908882,0.4198820213833176,20385050.0,78856282112.0
NVO,2025-12-10 16:27:28,0.6431137724550898,48.17,3.9042225,0.3484494786640945,16609349.0,214042394624.0
NVST,2025-12-10 16:27:28,0.7733532934131736,21.725,5.3588724,0.6199368223896176,2032049.0,3610298112.0
OLMA,2025-12-10 16:27:28,0.8706586826347305,28.865,8.596688,1.1783832615889192,3414900.0,2313816064.0
OMC,2025-12-10 16:27:28,0.7119760479041917,76.27,4.137082,0.3463755422216796,4234661.0,24203460608.0
ONON,2025-12-10 16:27:28,0.6230538922155688,49.25,4.10061,0.2752223188687775,6989960.0,16260726784.0
PEN,2025-12-10 16:27:28,0.7580838323353293,299.13,4.1756597,0.3192421014459907,441220.0,11714581504.0
PLAB,2025-12-10 16:27:28,0.9766467065868264,34.68,34.99416,13.048770117032912,780806.0,2086019712.0
PLTR,2025-12-10 16:27:28,0.6631736526946108,187.3586,3.034866,0.4654802032019526,51843990.0,446557290496.0
PSTG,2025-12-10 16:27:28,0.6230538922155688,72.66,3.57805,0.2801622378791997,3587325.0,23878733824.0
RELY,2025-12-10 16:27:28,0.7278443113772455,15.02,6.1527643,0.4882295551648895,3834477.0,3139869952.0
RKLB,2025-12-10 16:27:28,0.678443113772455,55.34,3.5747705,0.5137897129269485,21821484.0,29560211456.0
SATS,2025-12-10 16:27:28,0.9116766467065868,99.385,6.248665,1.2535518959079908,4263920.0,28610588672.0
SIG,2025-12-10 16:27:28,0.629940119760479,90.44,3.6561632,0.2322860644931756,820738.0,3703415040.0
SLM,2025-12-10 16:27:28,0.7329341317365269,27.27,3.9451108,0.8553566715038287,3227788.0,5685287424.0
SXI,2025-12-10 16:27:28,0.8820359281437126,241.68,4.5962067,0.6170641456818686,130531.0,2928436224.0
TERN,2025-12-10 16:27:28,0.8676646706586826,44.805,5.250178,1.787124821981839,3227901.0,4036024832.0
TLX,2025-12-10 16:27:28,0.6838323353293413,9.955,3.482329,1.2711148451539125,128547.0,3332182272.0
TTC,2025-12-10 16:27:28,0.6404191616766467,71.985,3.2635226,0.3248508987288859,679404.0,7103859200.0
VRDN,2025-12-10 16:27:28,0.6754491017964072,32.845,3.2861698,0.6342807426693217,1381557.0,3134792960.0
WBD,2025-12-10 16:27:28,0.7167664670658682,29.495,4.3701367,0.6671612790607554,54526198.0,73100369920.0
WLK,2025-12-10 16:27:28,0.6353293413173653,70.935,3.6455216,0.2689843281652008,1337814.0,9099056128.0
WRBY,2025-12-10 16:27:28,0.9137724550898204,26.28,13.1783,2.281628295264814,2641290.0,3210491392.0
AAOI,2025-12-10 16:53:31,0.8055851063829788,32.515,7.027651,0.5626453293537982,5162412.0,2220120576.0
ABVX,2025-12-10 16:53:31,0.9513297872340424,131.21,6.640122,2.203698854033954,1187557.0,10353119232.0
ADPT,2025-12-10 16:53:31,0.7946808510638297,15.9832,7.558549,0.6740121221821727,2224187.0,2440078080.0
ALK,2025-12-10 16:53:31,0.6728723404255319,51.09,3.1287832,0.4918494742280649,3605841.0,5925858304.0
ALLY,2025-12-10 16:53:31,0.8478723404255318,44.78,5.762869,0.7765641387155988,3466892.0,13794621440.0
ANF,2025-12-10 16:53:31,0.7755319148936171,104.56,4.601839,0.3805219132882271,2099046.0,4921620480.0
APG,2025-12-10 16:53:31,0.7752659574468084,39.1767,3.9169755,0.7214887710078826,2420520.0,16293821440.0
AROC,2025-12-10 16:53:31,0.725531914893617,26.1432,3.2919812,0.9560905063738544,1697560.0,4584723968.0
ASTS,2025-12-10 16:53:31,0.7909574468085107,76.872,5.5354276,0.4736659096622824,12895566.0,28242874368.0
BDX,2025-12-10 16:53:31,0.7319148936170212,195.29,3.4265363,0.3659466952526489,1972995.0,55975473152.0
BRZE,2025-12-10 16:53:31,0.9409574468085106,35.02,14.257751,2.55991986432566,1740049.0,3896578560.0
COLD,2025-12-10 16:53:31,0.789627659574468,12.41,10.2131405,0.701149773283196,6705061.0,3546649344.0
DYN,2025-12-10 16:53:31,0.8542553191489362,19.95,8.186502,1.8067601422106567,2803728.0,2849352704.0
FLY,2025-12-10 16:53:31,0.7747340425531916,20.65,6.115111,0.5768016578911943,2109668.0,3288535552.0
GEV,2025-12-10 16:53:31,0.9800531914893618,709.99,13.5439,2.2751079297088768,2960260.0,193276264448.0
GSAT,2025-12-10 16:53:31,0.6587765957446808,71.0499,4.133717,0.2640705237366205,1209692.0,9011856384.0
HSBC,2025-12-10 16:53:31,0.8558510638297873,73.905,4.400336,0.8510886086424245,1643474.0,253729669120.0
HTFL,2025-12-10 16:53:31,0.6946808510638298,28.06,4.4287257,0.3601358222206399,449411.0,2389553664.0
JBTM,2025-12-10 16:53:31,0.8781914893617021,147.1675,6.7901444,0.5190587046360963,554130.0,7648496640.0
JPM,2025-12-10 16:53:31,0.7561170212765957,306.405,1.9616288,0.8598154536680346,8468009.0,842538352640.0
LBRDA,2025-12-10 16:53:31,0.6593085106382979,48.91,3.1203868,0.3930016023558962,115455.0,7055909376.0
LINE,2025-12-10 16:53:31,0.7122340425531914,35.77,3.4113915,0.5280211431346353,1340577.0,8935246848.0
LKQ,2025-12-10 16:53:31,0.6997340425531914,29.45,4.5438433,0.3886012385691241,2842958.0,7577284608.0
LNC,2025-12-10 16:53:31,0.7497340425531915,44.608,3.4268506,0.6295723300038476,1619169.0,8472801792.0
MCHB,2025-12-10 16:53:31,0.8055851063829788,15.22,4.9655194,1.3547102989490754,355211.0,3366871808.0
MIDD,2025-12-10 16:53:31,0.8340425531914893,136.93,6.147281,0.4286057891797841,710947.0,6939938304.0
MMYT,2025-12-10 16:53:31,0.7723404255319148,74.94,4.504258,0.3948610187425833,1073598.0,7130345984.0
NVST,2025-12-10 16:53:31,0.7776595744680851,21.68,5.1406374,0.6712721986526899,2032049.0,3602819840.0
OLMA,2025-12-10 16:53:31,0.8707446808510639,28.95,8.916482,1.21839468212832,3414900.0,2320629760.0
OMC,2025-12-10 16:53:31,0.7587765957446809,76.29,4.164196,0.4396323578203781,4234661.0,24209807360.0
ONON,2025-12-10 16:53:31,0.6827127659574467,49.38,4.375396,0.3549389409953705,6989960.0,16303648768.0
PEN,2025-12-10 16:53:31,0.7702127659574467,298.93,4.1060033,0.3597661030778296,441220.0,11706748928.0
PEP,2025-12-10 16:53:31,0.7422872340425533,148.985,3.004011,0.7065841825066468,7181985.0,203971969024.0
PLAB,2025-12-10 16:53:31,0.9797872340425532,35.2118,37.02358,13.836809655663506,780806.0,2118007808.0
PLTR,2025-12-10 16:53:31,0.6736702127659574,187.0974,2.8912234,0.5261018683168484,51843990.0,445934731264.0
PSTG,2025-12-10 16:53:31,0.6840425531914893,72.775,3.7419813,0.3384948394695211,3587325.0,23916527616.0
RCUS,2025-12-10 16:53:31,0.7204787234042553,26.005,3.7321603,0.5721786421965639,1531665.0,3217560576.0
REGN,2025-12-10 16:53:31,0.6813829787234043,715.34,3.2862642,0.2929999762357849,1094082.0,75817058304.0
RELY,2025-12-10 16:53:31,0.7303191489361702,14.955,5.6870384,0.5835212989933177,3834477.0,3126281984.0
RKLB,2025-12-10 16:53:31,0.825,57.0,6.683515,0.66770784241805,21821484.0,30446909440.0
SATS,2025-12-10 16:53:31,0.9196808510638298,99.875,6.7725024,1.423432428375767,4263920.0,28751646720.0
SIG,2025-12-10 16:53:31,0.6561170212765957,90.29,3.4842417,0.2880042108443864,820738.0,3697272576.0
SLM,2025-12-10 16:53:31,0.722340425531915,27.115,3.3549337,0.9533488568642056,3227788.0,5652972544.0
STOK,2025-12-10 16:53:31,0.8859042553191491,35.135,15.227677,0.5952376336844873,1186469.0,2006811008.0
SXI,2025-12-10 16:53:31,0.875531914893617,241.53,4.531291,0.6250009576269239,130531.0,2926618880.0
TERN,2025-12-10 16:53:31,0.8662234042553191,44.715,5.0387607,1.8943387668952671,3227901.0,4027917568.0
TLX,2025-12-10 16:53:31,0.7148936170212765,9.9428,3.3555062,1.289186056461839,128547.0,3328098304.0
VRDN,2025-12-10 16:53:31,0.7226063829787234,32.855,3.3176112,0.6895647447047064,1381557.0,3135747072.0
WBD,2025-12-10 16:53:31,0.7590425531914894,29.64,4.884088,0.7570086768199022,54526198.0,73459736576.0
WRBY,2025-12-10 16:53:31,0.9212765957446808,26.5779,14.466166,2.517849611364144,2641290.0,3246884352.0
AAOI,2025-12-10 17:22:02,0.8548648648648648,33.4124,9.97825,0.7532347282626803,5162412.0,2281394944.0
ABVX,2025-12-10 17:22:02,0.9208108108108108,128.81,4.689529,2.283678172921384,1187557.0,10163746816.0
ADPT,2025-12-10 17:22:02,0.7943243243243243,15.98,7.537011,0.7356962341745545,2224187.0,2439589632.0
ALLY,2025-12-10 17:22:02,0.8505405405405405,44.5201,5.14903,0.9502753474870288,3466892.0,13714557952.0
ANF,2025-12-10 17:22:02,0.7937837837837839,105.055,5.09704,0.4354135164260335,2099046.0,4944920064.0
APG,2025-12-10 17:22:02,0.7394594594594595,39.01,3.4747946,0.7664902582916068,2420520.0,16224489472.0
ASTS,2025-12-10 17:22:02,0.7510810810810811,75.61,3.8028617,0.553590435658272,12895566.0,27779213312.0
BDX,2025-12-10 17:22:02,0.8021621621621622,197.69,4.6975927,0.4300021034011743,1972995.0,56663384064.0
BRBR,2025-12-10 17:22:02,0.6713513513513514,32.24,5.531923,0.3304768406879597,3314671.0,4061568512.0
BRZE,2025-12-10 17:22:02,0.9454054054054054,35.28,15.106033,2.65791710463326,1740049.0,3925507840.0
CNM,2025-12-10 17:22:02,0.6702702702702703,53.12,3.0255964,0.5179226664037664,2687965.0,10487218176.0
COLD,2025-12-10 17:22:02,0.7964864864864865,12.4,10.124329,0.8198137198155244,6705061.0,3543791360.0
CPAY,2025-12-10 17:22:02,0.6362162162162163,309.505,3.0721347,0.302504613947379,569469.0,21855504384.0
DYN,2025-12-10 17:22:02,0.8194594594594595,19.49,5.694139,1.9278624745339064,2803728.0,2783653120.0
FLY,2025-12-10 17:22:02,0.85,21.33,9.609461,0.860285599440291,2109668.0,3396826368.0
GEV,2025-12-10 17:22:02,0.9810810810810812,711.9,13.847145,2.409868727746887,2960260.0,193796227072.0
HSBC,2025-12-10 17:22:02,0.852972972972973,73.815,4.2732043,0.9357136164003812,1643474.0,253420699648.0
HTFL,2025-12-10 17:22:02,0.6813513513513514,28.095,4.558982,0.37919187558827,449411.0,2392534272.0
JBTM,2025-12-10 17:22:02,0.8808108108108108,147.33,6.908065,0.5501055708949164,554130.0,7656942080.0
JPM,2025-12-10 17:22:02,0.7675675675675675,306.34,1.9400307,0.9315799026666126,8468009.0,842359570432.0
LBRDA,2025-12-10 17:22:02,0.6645945945945946,48.93,3.1625552,0.4432722705816119,115455.0,7058794496.0
LINE,2025-12-10 17:22:02,0.7616216216216216,36.06,4.249787,0.5628889649755292,1340577.0,9007688704.0
LKQ,2025-12-10 17:22:02,0.7175675675675676,29.54,4.863333,0.4399073078110897,2842958.0,7600440832.0
LNC,2025-12-10 17:22:02,0.7267567567567568,44.56,3.3155582,0.673325020427145,1619169.0,8463684608.0
MCHB,2025-12-10 17:22:02,0.8008108108108108,15.2,4.827585,1.429857183476863,355211.0,3362447360.0
MIDD,2025-12-10 17:22:02,0.8394594594594594,137.41,6.5193825,0.4709661901660742,710947.0,6964266496.0
MMYT,2025-12-10 17:22:02,0.8256756756756756,74.91,4.4624243,0.5703242740765165,1073598.0,7127491584.0
NVO,2025-12-10 17:22:02,0.6767567567567566,48.2332,4.040551,0.4228761765437044,16609349.0,214323232768.0
NVST,2025-12-10 17:22:02,0.7837837837837837,21.71,5.2861214,0.7241685608959233,2032049.0,3607805184.0
ODFL,2025-12-10 17:22:02,0.6532432432432432,154.06,3.4723608,0.3117463179311949,2223003.0,32378503168.0
OLMA,2025-12-10 17:22:02,0.8813513513513515,29.14,9.631299,1.2601528595273654,3414900.0,2335859968.0
OMC,2025-12-10 17:22:02,0.8024324324324325,76.61,4.6013145,0.5301602654852419,4234661.0,24311355392.0
ONON,2025-12-10 17:22:02,0.6808108108108109,49.2085,4.0128903,0.4051965962609228,6989960.0,16247024640.0
PEN,2025-12-10 17:22:02,0.7727027027027027,299.125,4.173917,0.3939168668691356,441220.0,11714385920.0
PEP,2025-12-10 17:22:02,0.7754054054054054,149.255,3.190684,0.7723583382588518,7181985.0,204341624832.0
PLAB,2025-12-10 17:22:02,0.98,34.95,36.045155,14.774890305658513,780806.0,2102260480.0
PLTR,2025-12-10 17:22:02,0.6983783783783784,186.46,2.540701,0.5634195207583367,51843990.0,444415541248.0
PSTG,2025-12-10 17:22:02,0.6759459459459459,72.54,3.406984,0.4066118904754935,3587325.0,23839297536.0
RELY,2025-12-10 17:22:02,0.7491891891891893,15.025,6.183746,0.6481285453009629,3834477.0,3140915200.0
RKLB,2025-12-10 17:22:02,0.8527027027027027,57.22,7.0933948,0.8322755225996545,21821484.0,30564425728.0
RUSHB,2025-12-10 17:22:02,0.7751351351351351,57.655,4.84633,0.4182409521832399,43353.0,4444128256.0
RYN,2025-12-10 17:22:02,0.6481081081081081,22.11,4.1083055,0.4038620448074441,1336028.0,3447348480.0
SATS,2025-12-10 17:22:02,0.922162162162162,99.91,6.8099236,1.4965604420345595,4263920.0,28761724928.0
SLM,2025-12-10 17:22:02,0.7583783783783784,27.24,3.8307571,1.0878208234245867,3227788.0,5679032832.0
SXI,2025-12-10 17:22:02,0.8851351351351351,241.82,4.6568036,0.679501421118355,130531.0,2930132736.0
TERN,2025-12-10 17:22:02,0.7767567567567568,44.01,3.3826606,1.99188884665298,3227901.0,3964411136.0
TTC,2025-12-10 17:22:02,0.6878378378378378,71.985,3.2635226,0.4277484383371308,679404.0,7103859200.0
UHAL,2025-12-10 17:22:02,0.6424324324324323,52.7882,3.7503917,0.3048617454373877,165311.0,10028591104.0
WBD,2025-12-10 17:22:02,0.7421621621621622,29.545,4.5470624,0.8489735704660721,54526198.0,73224290304.0
WRBY,2025-12-10 17:22:02,0.9356756756756756,27.3052,17.59346,2.8655675825070324,2641290.0,3335734784.0
AAOI,2025-12-10 17:22:03,0.8548648648648648,33.4124,9.97825,0.7532347282626803,5162412.0,2281394944.0
ABVX,2025-12-10 17:22:03,0.9208108108108108,128.81,4.689529,2.283678172921384,1187557.0,10163746816.0
ADPT,2025-12-10 17:22:03,0.7943243243243243,15.98,7.537011,0.7356962341745545,2224187.0,2439589632.0
ALLY,2025-12-10 17:22:03,0.8505405405405405,44.5201,5.14903,0.9502753474870288,3466892.0,13714557952.0
ANF,2025-12-10 17:22:03,0.7937837837837839,105.055,5.09704,0.4354135164260335,2099046.0,4944920064.0
APG,2025-12-10 17:22:03,0.7394594594594595,39.01,3.4747946,0.7664902582916068,2420520.0,16224489472.0
ASTS,2025-12-10 17:22:03,0.7510810810810811,75.61,3.8028617,0.553590435658272,12895566.0,27779213312.0
BDX,2025-12-10 17:22:03,0.8021621621621622,197.69,4.6975927,0.4300021034011743,1972995.0,56663384064.0
BRBR,2025-12-10 17:22:03,0.6713513513513514,32.24,5.531923,0.3304768406879597,3314671.0,4061568512.0
BRZE,2025-12-10 17:22:03,0.9454054054054054,35.28,15.106033,2.65791710463326,1740049.0,3925507840.0
CNM,2025-12-10 17:22:03,0.6702702702702703,53.12,3.0255964,0.5179226664037664,2687965.0,10487218176.0
COLD,2025-12-10 17:22:03,0.7964864864864865,12.4,10.124329,0.8198137198155244,6705061.0,3543791360.0
CPAY,2025-12-10 17:22:03,0.6362162162162163,309.505,3.0721347,0.302504613947379,569469.0,21855504384.0
DYN,2025-12-10 17:22:03,0.8194594594594595,19.49,5.694139,1.9278624745339064,2803728.0,2783653120.0
FLY,2025-12-10 17:22:03,0.85,21.33,9.609461,0.860285599440291,2109668.0,3396826368.0
GEV,2025-12-10 17:22:03,0.9810810810810812,711.9,13.847145,2.409868727746887,2960260.0,193796227072.0
HSBC,2025-12-10 17:22:03,0.852972972972973,73.815,4.2732043,0.9357136164003812,1643474.0,253420699648.0
HTFL,2025-12-10 17:22:03,0.6813513513513514,28.095,4.558982,0.37919187558827,449411.0,2392534272.0
JBTM,2025-12-10 17:22:03,0.8808108108108108,147.33,6.908065,0.5501055708949164,554130.0,7656942080.0
JPM,2025-12-10 17:22:03,0.7675675675675675,306.34,1.9400307,0.9315799026666126,8468009.0,842359570432.0
LBRDA,2025-12-10 17:22:03,0.6645945945945946,48.93,3.1625552,0.4432722705816119,115455.0,7058794496.0
LINE,2025-12-10 17:22:03,0.7616216216216216,36.06,4.249787,0.5628889649755292,1340577.0,9007688704.0
LKQ,2025-12-10 17:22:03,0.7175675675675676,29.54,4.863333,0.4399073078110897,2842958.0,7600440832.0
LNC,2025-12-10 17:22:03,0.7267567567567568,44.56,3.3155582,0.673325020427145,1619169.0,8463684608.0
MCHB,2025-12-10 17:22:03,0.8008108108108108,15.2,4.827585,1.429857183476863,355211.0,3362447360.0
MIDD,2025-12-10 17:22:03,0.8394594594594594,137.41,6.5193825,0.4709661901660742,710947.0,6964266496.0
MMYT,2025-12-10 17:22:03,0.8256756756756756,74.91,4.4624243,0.5703242740765165,1073598.0,7127491584.0
NVO,2025-12-10 17:22:03,0.6767567567567566,48.2332,4.040551,0.4228761765437044,16609349.0,214323232768.0
NVST,2025-12-10 17:22:03,0.7837837837837837,21.71,5.2861214,0.7241685608959233,2032049.0,3607805184.0
ODFL,2025-12-10 17:22:03,0.6532432432432432,154.06,3.4723608,0.3117463179311949,2223003.0,32378503168.0
OLMA,2025-12-10 17:22:03,0.8813513513513515,29.14,9.631299,1.2601528595273654,3414900.0,2335859968.0
OMC,2025-12-10 17:22:03,0.8024324324324325,76.61,4.6013145,0.5301602654852419,4234661.0,24311355392.0
ONON,2025-12-10 17:22:03,0.6808108108108109,49.2085,4.0128903,0.4051965962609228,6989960.0,16247024640.0
PEN,2025-12-10 17:22:03,0.7727027027027027,299.125,4.173917,0.3939168668691356,441220.0,11714385920.0
PEP,2025-12-10 17:22:03,0.7754054054054054,149.255,3.190684,0.7723583382588518,7181985.0,204341624832.0
PLAB,2025-12-10 17:22:03,0.98,34.95,36.045155,14.774890305658513,780806.0,2102260480.0
PLTR,2025-12-10 17:22:03,0.6983783783783784,186.46,2.540701,0.5634195207583367,51843990.0,444415541248.0
PSTG,2025-12-10 17:22:03,0.6759459459459459,72.54,3.406984,0.4066118904754935,3587325.0,23839297536.0
RELY,2025-12-10 17:22:03,0.7491891891891893,15.025,6.183746,0.6481285453009629,3834477.0,3140915200.0
RKLB,2025-12-10 17:22:03,0.8527027027027027,57.22,7.0933948,0.8322755225996545,21821484.0,30564425728.0
RUSHB,2025-12-10 17:22:03,0.7751351351351351,57.655,4.84633,0.4182409521832399,43353.0,4444128256.0
RYN,2025-12-10 17:22:03,0.6481081081081081,22.11,4.1083055,0.4038620448074441,1336028.0,3447348480.0
SATS,2025-12-10 17:22:03,0.922162162162162,99.91,6.8099236,1.4965604420345595,4263920.0,28761724928.0
SLM,2025-12-10 17:22:03,0.7583783783783784,27.24,3.8307571,1.0878208234245867,3227788.0,5679032832.0
SXI,2025-12-10 17:22:03,0.8851351351351351,241.82,4.6568036,0.679501421118355,130531.0,2930132736.0
TERN,2025-12-10 17:22:03,0.7767567567567568,44.01,3.3826606,1.99188884665298,3227901.0,3964411136.0
TTC,2025-12-10 17:22:03,0.6878378378378378,71.985,3.2635226,0.4277484383371308,679404.0,7103859200.0
UHAL,2025-12-10 17:22:03,0.6424324324324323,52.7882,3.7503917,0.3048617454373877,165311.0,10028591104.0
WBD,2025-12-10 17:22:03,0.7421621621621622,29.545,4.5470624,0.8489735704660721,54526198.0,73224290304.0
WRBY,2025-12-10 17:22:03,0.9356756756756756,27.3052,17.59346,2.8655675825070324,2641290.0,3335734784.0
AAOI,2025-12-10 17:47:27,0.8709183673469387,33.3675,9.833776,0.8410642157193188,5162412.0,2278329088.0
ABVX,2025-12-10 17:47:27,0.9147959183673467,128.565,4.490411,2.3377218946122165,1187557.0,10144415744.0
ADPT,2025-12-10 17:47:27,0.789795918367347,15.85,6.6621857,0.7890586537912505,2224187.0,2419743232.0
ALLY,2025-12-10 17:47:27,0.815561224489796,44.03,3.9914942,1.04496332738372,3466892.0,13563581440.0
ANF,2025-12-10 17:47:27,0.8119897959183673,105.25,5.292118,0.4762034752930617,2099046.0,4954098688.0
APG,2025-12-10 17:47:27,0.7872448979591836,39.14,3.819625,0.8894563977988201,2420520.0,16278557696.0
ASTS,2025-12-10 17:47:27,0.7354591836734694,75.3,3.3777385,0.5891740618442028,12895566.0,27665319936.0
AVTR,2025-12-10 17:47:27,0.6528061224489796,11.125,4.656631,0.5148894327239686,10483979.0,7585190400.0
BCC,2025-12-10 17:47:27,0.6528061224489796,74.53,3.5138872,0.3279922702202182,422263.0,2782761728.0
BDX,2025-12-10 17:47:27,0.8742346938775509,199.18,5.486699,0.578547335396187,1972995.0,57090453504.0
BRBR,2025-12-10 17:47:27,0.6936224489795918,32.215,5.450085,0.3719684397033672,3314671.0,4058418944.0
BRZE,2025-12-10 17:47:27,0.9459183673469388,34.975,14.110926,2.790971978375321,1740049.0,3891571200.0
CHYM,2025-12-10 17:47:27,0.6974489795918367,25.215,3.8073647,0.5845705630085889,3739268.0,9444983808.0
CNM,2025-12-10 17:47:27,0.6900510204081631,53.1,2.9868057,0.5812411991971622,2687965.0,10483269632.0
COLD,2025-12-10 17:47:27,0.8010204081632653,12.3755,9.906745,0.885349439773926,6705061.0,3536789504.0
DYN,2025-12-10 17:47:27,0.8255102040816327,19.445,5.4501038,1.985859184628466,2803728.0,2777225984.0
EEFT,2025-12-10 17:47:27,0.7739795918367347,76.44,3.1022432,0.7469787990934389,871425.0,3213895424.0
FLY,2025-12-10 17:47:27,0.8548469387755101,21.102,8.451763,0.9476609589755356,2109668.0,3360517120.0
GEV,2025-12-10 17:47:27,0.9826530612244896,713.46,14.098839,2.569949936829873,2960260.0,194220900352.0
HSBC,2025-12-10 17:47:27,0.8584183673469388,73.69,4.096337,1.0229659854673698,1643474.0,252991537152.0
HTFL,2025-12-10 17:47:27,0.7221938775510204,28.2992,5.317792,0.3973222729305691,449411.0,2409923584.0
JBTM,2025-12-10 17:47:27,0.9061224489795918,148.55,7.793342,0.6365040694421886,554130.0,7720347648.0
JPM,2025-12-10 17:47:27,0.7711734693877551,305.165,1.5490328,0.9930118165911256,8468009.0,839128645632.0
LBRDA,2025-12-10 17:47:27,0.6846938775510204,48.87,3.0360503,0.4968689099649214,115455.0,7050138624.0
LINE,2025-12-10 17:47:27,0.7650510204081633,36.01,4.1052275,0.5940949307648871,1340577.0,8995197952.0
LKQ,2025-12-10 17:47:27,0.7272959183673469,29.54,4.863333,0.4855017203912263,2842958.0,7600440832.0
LNC,2025-12-10 17:47:27,0.7122448979591837,44.43,3.0141416,0.7069533816420646,1619169.0,8438992384.0
MCHB,2025-12-10 17:47:27,0.8135204081632653,15.195,4.7931013,1.5216364358085757,355211.0,3361341440.0
MIDD,2025-12-10 17:47:27,0.8642857142857142,137.96,6.9457417,0.5189064726343876,710947.0,6992141824.0
MMYT,2025-12-10 17:47:27,0.811734693877551,74.535,3.9353693,0.6077004614390116,1073598.0,7091811328.0
NVO,2025-12-10 17:47:27,0.7020408163265306,48.312,4.2102532,0.4471388974968254,16609349.0,214673391616.0
NVST,2025-12-10 17:47:27,0.7798469387755101,21.64,4.9466467,0.7550905514581587,2032049.0,3596172544.0
ODFL,2025-12-10 17:47:27,0.6790816326530613,153.57,3.1432655,0.3778505921944325,2223003.0,32275523584.0
OLMA,2025-12-10 17:47:27,0.8849489795918366,28.86,8.577881,1.2807274005095317,3414900.0,2313415424.0
OMC,2025-12-10 17:47:27,0.8252551020408163,76.5,4.4511228,0.6500062224579488,4234661.0,24276449280.0
ONON,2025-12-10 17:47:27,0.7313775510204081,49.47,4.5656304,0.4506856977722333,6989960.0,16333364224.0
PEN,2025-12-10 17:47:27,0.756377551020408,297.37,3.562715,0.4424346131181723,441220.0,11645656064.0
PEP,2025-12-10 17:47:27,0.8025510204081633,149.23,3.1733935,0.8303211438063433,7181985.0,204307398656.0
PLAB,2025-12-10 17:47:27,0.9816326530612244,35.71,39.003498,15.222503413139757,780806.0,2147974656.0
PLTR,2025-12-10 17:47:27,0.7153061224489795,187.2591,2.9801462,0.5953294682758792,51843990.0,446320115712.0
PSTG,2025-12-10 17:47:27,0.6956632653061223,72.37,3.1646488,0.4549891632344435,3587325.0,23783430144.0
RELY,2025-12-10 17:47:27,0.7686224489795918,15.125,6.8904624,0.6945583452449969,3834477.0,3161819904.0
RKLB,2025-12-10 17:47:27,0.8321428571428572,56.125,5.042755,0.8964098408705843,21821484.0,29979523072.0
RUSHB,2025-12-10 17:47:27,0.7869897959183673,57.61,4.7645,0.4626208105552095,43353.0,4440659968.0
RYN,2025-12-10 17:47:27,0.6625,22.021,3.6892323,0.4755948228629938,1336028.0,3433471744.0
SATS,2025-12-10 17:47:27,0.9270408163265303,99.85,6.7443323,1.63354847182874,4263920.0,28744450048.0
SXI,2025-12-10 17:47:27,0.9061224489795918,242.76,5.0636187,0.7667450643908343,130531.0,2941522688.0
TERN,2025-12-10 17:47:27,0.8688775510204081,44.61,4.7926383,2.1314938097543883,3227901.0,4018459136.0
WBD,2025-12-10 17:47:27,0.7446428571428572,29.555,4.5824485,0.8844993740440146,54526198.0,73249071104.0
WRBY,2025-12-10 17:47:27,0.9418367346938776,27.725,19.401384,3.26826929265624,2641290.0,3387019520.0
AAOI,2025-12-10 17:47:28,0.8709183673469387,33.3675,9.833776,0.8410642157193188,5162412.0,2278329088.0
ABVX,2025-12-10 17:47:28,0.9147959183673467,128.565,4.490411,2.3377218946122165,1187557.0,10144415744.0
ADPT,2025-12-10 17:47:28,0.789795918367347,15.85,6.6621857,0.7890586537912505,2224187.0,2419743232.0
ALLY,2025-12-10 17:47:28,0.815561224489796,44.03,3.9914942,1.04496332738372,3466892.0,13563581440.0
ANF,2025-12-10 17:47:28,0.8119897959183673,105.25,5.292118,0.4762034752930617,2099046.0,4954098688.0
APG,2025-12-10 17:47:28,0.7872448979591836,39.14,3.819625,0.8894563977988201,2420520.0,16278557696.0
ASTS,2025-12-10 17:47:28,0.7354591836734694,75.3,3.3777385,0.5891740618442028,12895566.0,27665319936.0
AVTR,2025-12-10 17:47:28,0.6528061224489796,11.125,4.656631,0.5148894327239686,10483979.0,7585190400.0
BCC,2025-12-10 17:47:28,0.6528061224489796,74.53,3.5138872,0.3279922702202182,422263.0,2782761728.0
BDX,2025-12-10 17:47:28,0.8742346938775509,199.18,5.486699,0.578547335396187,1972995.0,57090453504.0
BRBR,2025-12-10 17:47:28,0.6936224489795918,32.215,5.450085,0.3719684397033672,3314671.0,4058418944.0
BRZE,2025-12-10 17:47:28,0.9459183673469388,34.975,14.110926,2.790971978375321,1740049.0,3891571200.0
CHYM,2025-12-10 17:47:28,0.6974489795918367,25.215,3.8073647,0.5845705630085889,3739268.0,9444983808.0
CNM,2025-12-10 17:47:28,0.6900510204081631,53.1,2.9868057,0.5812411991971622,2687965.0,10483269632.0
COLD,2025-12-10 17:47:28,0.8010204081632653,12.3755,9.906745,0.885349439773926,6705061.0,3536789504.0
DYN,2025-12-10 17:47:28,0.8255102040816327,19.445,5.4501038,1.985859184628466,2803728.0,2777225984.0
EEFT,2025-12-10 17:47:28,0.7739795918367347,76.44,3.1022432,0.7469787990934389,871425.0,3213895424.0
FLY,2025-12-10 17:47:28,0.8548469387755101,21.102,8.451763,0.9476609589755356,2109668.0,3360517120.0
GEV,2025-12-10 17:47:28,0.9826530612244896,713.46,14.098839,2.569949936829873,2960260.0,194220900352.0
HSBC,2025-12-10 17:47:28,0.8584183673469388,73.69,4.096337,1.0229659854673698,1643474.0,252991537152.0
HTFL,2025-12-10 17:47:28,0.7221938775510204,28.2992,5.317792,0.3973222729305691,449411.0,2409923584.0
JBTM,2025-12-10 17:47:28,0.9061224489795918,148.55,7.793342,0.6365040694421886,554130.0,7720347648.0
JPM,2025-12-10 17:47:28,0.7711734693877551,305.165,1.5490328,0.9930118165911256,8468009.0,839128645632.0
LBRDA,2025-12-10 17:47:28,0.6846938775510204,48.87,3.0360503,0.4968689099649214,115455.0,7050138624.0
LINE,2025-12-10 17:47:28,0.7650510204081633,36.01,4.1052275,0.5940949307648871,1340577.0,8995197952.0
LKQ,2025-12-10 17:47:28,0.7272959183673469,29.54,4.863333,0.4855017203912263,2842958.0,7600440832.0
LNC,2025-12-10 17:47:28,0.7122448979591837,44.43,3.0141416,0.7069533816420646,1619169.0,8438992384.0
MCHB,2025-12-10 17:47:28,0.8135204081632653,15.195,4.7931013,1.5216364358085757,355211.0,3361341440.0
MIDD,2025-12-10 17:47:28,0.8642857142857142,137.96,6.9457417,0.5189064726343876,710947.0,6992141824.0
MMYT,2025-12-10 17:47:28,0.811734693877551,74.535,3.9353693,0.6077004614390116,1073598.0,7091811328.0
NVO,2025-12-10 17:47:28,0.7020408163265306,48.312,4.2102532,0.4471388974968254,16609349.0,214673391616.0
NVST,2025-12-10 17:47:28,0.7798469387755101,21.64,4.9466467,0.7550905514581587,2032049.0,3596172544.0
ODFL,2025-12-10 17:47:28,0.6790816326530613,153.57,3.1432655,0.3778505921944325,2223003.0,32275523584.0
OLMA,2025-12-10 17:47:28,0.8849489795918366,28.86,8.577881,1.2807274005095317,3414900.0,2313415424.0
OMC,2025-12-10 17:47:28,0.8252551020408163,76.5,4.4511228,0.6500062224579488,4234661.0,24276449280.0
ONON,2025-12-10 17:47:28,0.7313775510204081,49.47,4.5656304,0.4506856977722333,6989960.0,16333364224.0
PEN,2025-12-10 17:47:28,0.756377551020408,297.37,3.562715,0.4424346131181723,441220.0,11645656064.0
PEP,2025-12-10 17:47:28,0.8025510204081633,149.23,3.1733935,0.8303211438063433,7181985.0,204307398656.0
PLAB,2025-12-10 17:47:28,0.9816326530612244,35.71,39.003498,15.222503413139757,780806.0,2147974656.0
PLTR,2025-12-10 17:47:28,0.7153061224489795,187.2591,2.9801462,0.5953294682758792,51843990.0,446320115712.0
PSTG,2025-12-10 17:47:28,0.6956632653061223,72.37,3.1646488,0.4549891632344435,3587325.0,23783430144.0
RELY,2025-12-10 17:47:28,0.7686224489795918,15.125,6.8904624,0.6945583452449969,3834477.0,3161819904.0
RKLB,2025-12-10 17:47:28,0.8321428571428572,56.125,5.042755,0.8964098408705843,21821484.0,29979523072.0
RUSHB,2025-12-10 17:47:28,0.7869897959183673,57.61,4.7645,0.4626208105552095,43353.0,4440659968.0
RYN,2025-12-10 17:47:28,0.6625,22.021,3.6892323,0.4755948228629938,1336028.0,3433471744.0
SATS,2025-12-10 17:47:28,0.9270408163265303,99.85,6.7443323,1.63354847182874,4263920.0,28744450048.0
SXI,2025-12-10 17:47:28,0.9061224489795918,242.76,5.0636187,0.7667450643908343,130531.0,2941522688.0
TERN,2025-12-10 17:47:28,0.8688775510204081,44.61,4.7926383,2.1314938097543883,3227901.0,4018459136.0
WBD,2025-12-10 17:47:28,0.7446428571428572,29.555,4.5824485,0.8844993740440146,54526198.0,73249071104.0
WRBY,2025-12-10 17:47:28,0.9418367346938776,27.725,19.401384,3.26826929265624,2641290.0,3387019520.0
AAOI,2025-12-10 18:29:48,0.8804721030042917,33.49,10.237006,0.9991521405110634,5162412.0,2286693632.0
ADPT,2025-12-10 18:29:48,0.7931330472103003,15.83,6.527593,0.8613034785294582,2224187.0,2416689920.0
ALLY,2025-12-10 18:29:48,0.7208154506437768,43.535,2.8223894,1.2060312233550974,3466892.0,13411095552.0
ANF,2025-12-10 18:29:48,0.8085836909871245,104.94,4.981996,0.5363422240389205,2099046.0,4939507200.0
APG,2025-12-10 18:29:48,0.7877682403433476,39.13,3.7931042,0.9329230909060864,2420520.0,16274399232.0
ASTS,2025-12-10 18:29:48,0.7995708154506438,76.444,4.949127,0.6256015439725562,12895566.0,28085626880.0
AXON,2025-12-10 18:29:48,0.8703862660944206,566.51,3.6330347,0.928011067922788,758950.0,44703567872.0
BDX,2025-12-10 18:29:48,0.8517167381974248,197.07,4.3692403,0.6636631111584165,1972995.0,56485675008.0
BRBR,2025-12-10 18:29:48,0.7126609442060086,32.16,5.268327,0.4511295389497178,3314671.0,4051490048.0
BRZE,2025-12-10 18:29:48,0.9405579399141633,34.81,13.57703,2.941779225757436,1740049.0,3873212416.0
CHYM,2025-12-10 18:29:48,0.7495708154506436,25.36,4.4051037,0.6805112658413358,3739268.0,9499297792.0
CNM,2025-12-10 18:29:48,0.7115879828326179,53.12,3.0255964,0.702067177213989,2687965.0,10487218176.0
COLD,2025-12-10 18:29:48,0.8051502145922748,12.365,9.817767,0.9712593218764154,6705061.0,3533788672.0
CVCO,2025-12-10 18:29:48,0.8075107296137339,588.325,3.2420878,0.6780468849612328,164701.0,4658149888.0
DYN,2025-12-10 18:29:48,0.8240343347639485,19.415,5.2874207,2.1406587942910296,2803728.0,2772941568.0
EEFT,2025-12-10 18:29:48,0.8263948497854078,76.99,3.8440766,0.8151671113406203,871425.0,3237019904.0
FLY,2025-12-10 18:29:48,0.8482832618025751,21.0,7.9136744,1.0187569797712246,2109668.0,3344273408.0
GEV,2025-12-10 18:29:48,0.984763948497854,714.54,14.271548,2.736912973860404,2960260.0,194514878464.0
HSBC,2025-12-10 18:29:48,0.8680257510729613,73.79,4.2378864,1.1005218214586905,1643474.0,253334863872.0
HTFL,2025-12-10 18:29:48,0.6978540772532189,28.1,4.577594,0.4380466877757776,449411.0,2392960000.0
IRDM,2025-12-10 18:29:48,0.7489270386266094,19.088,7.538024,0.5435026207881656,2679919.0,2025502464.0
JBTM,2025-12-10 18:29:48,0.9169527896995708,149.74,8.656852,0.7704094707018209,554130.0,7782193664.0
JPM,2025-12-10 18:29:48,0.7821888412017167,306.92,2.1330416,1.0637122610521552,8468009.0,843954520064.0
KAI,2025-12-10 18:29:48,0.8081545064377682,290.05,3.0007036,0.936832190057092,139074.0,3416247808.0
LBRDA,2025-12-10 18:29:48,0.7555793991416309,49.1,3.5209744,0.635589623662899,115455.0,7083318784.0
LINE,2025-12-10 18:29:48,0.8128755364806867,36.42,5.2905407,0.6497157567226649,1340577.0,9097614336.0
LKQ,2025-12-10 18:29:48,0.7508583690987125,29.565,4.9520783,0.5668803408281093,2842958.0,7606873088.0
LNC,2025-12-10 18:29:48,0.7051502145922746,44.425,3.002546,0.7583278830066534,1619169.0,8438042624.0
MCHB,2025-12-10 18:29:48,0.8109442060085836,15.17,4.6206903,1.6443550453110969,355211.0,3355811072.0
MIDD,2025-12-10 18:29:48,0.8783261802575109,139.35,8.02326,0.623429031981287,710947.0,7062590464.0
MMYT,2025-12-10 18:29:48,0.8135193133047209,74.625,4.0649853,0.6518492024016438,1073598.0,7100374016.0
NVO,2025-12-10 18:29:48,0.7298283261802574,48.6,4.831747,0.5270774309095437,16609349.0,215953096704.0
NVST,2025-12-10 18:29:48,0.7888412017167381,21.655,5.0193977,0.8164527528617667,2032049.0,3598665472.0
ODFL,2025-12-10 18:29:48,0.7212446351931331,154.18,3.552954,0.4655999114711046,2223003.0,32403722240.0
OLMA,2025-12-10 18:29:48,0.9017167381974248,29.67,11.625282,1.4591050982459224,3414900.0,2378344960.0
OMC,2025-12-10 18:29:48,0.8517167381974249,76.68,4.6968904,0.8414994730392823,4234661.0,24333570048.0
PEN,2025-12-10 18:29:48,0.7510729613733905,297.0,3.4345775,0.4912696613934091,441220.0,11631166464.0
PEP,2025-12-10 18:29:48,0.7879828326180257,149.29,3.214874,0.9202934843222312,7181985.0,204389531648.0
PLAB,2025-12-10 18:29:48,0.978969957081545,36.3099,41.338642,15.88418121786974,780806.0,2184058880.0
PLTR,2025-12-10 18:29:48,0.6963519313304721,186.7935,2.7241018,0.6409191885115324,51843990.0,445210427392.0
RELY,2025-12-10 18:29:48,0.7984978540772533,15.305,8.162549,0.8173310206320183,3834477.0,3199448064.0
RKLB,2025-12-10 18:29:48,0.8525751072961374,56.665,6.054652,0.9884796561040486,21821484.0,30267967488.0
RUSHB,2025-12-10 18:29:48,0.796137339055794,57.99,5.4555373,0.4889165686342352,43353.0,4469950976.0
RYN,2025-12-10 18:29:48,0.7111587982832617,22.12,4.155393,0.5689446628364077,1336028.0,3448907776.0
SATS,2025-12-10 18:29:48,0.9375536480686696,101.46,8.466964,2.074847558115537,4263920.0,29207930880.0
SXI,2025-12-10 18:29:48,0.9175965665236052,244.055,5.6240783,0.8505872168297186,130531.0,2957214208.0
TERN,2025-12-10 18:29:48,0.8109442060085836,44.11,3.6175733,2.2225467881449896,3227901.0,3973419264.0
TTC,2025-12-10 18:29:48,0.7326180257510728,72.08,3.3998032,0.5567261894248489,679404.0,7113234432.0
WBD,2025-12-10 18:29:48,0.763519313304721,29.545,4.5470624,1.0119854312967136,54526198.0,73224290304.0
WRBY,2025-12-10 18:29:48,0.9444206008583692,28.49,22.695955,4.328151774322396,2641290.0,3480475648.0
AAOI,2025-12-10 18:29:49,0.8804721030042917,33.49,10.237006,0.9991521405110634,5162412.0,2286693632.0
ADPT,2025-12-10 18:29:49,0.7931330472103003,15.83,6.527593,0.8613034785294582,2224187.0,2416689920.0
ALLY,2025-12-10 18:29:49,0.7208154506437768,43.535,2.8223894,1.2060312233550974,3466892.0,13411095552.0
ANF,2025-12-10 18:29:49,0.8085836909871245,104.94,4.981996,0.5363422240389205,2099046.0,4939507200.0
APG,2025-12-10 18:29:49,0.7877682403433476,39.13,3.7931042,0.9329230909060864,2420520.0,16274399232.0
ASTS,2025-12-10 18:29:49,0.7995708154506438,76.444,4.949127,0.6256015439725562,12895566.0,28085626880.0
AXON,2025-12-10 18:29:49,0.8703862660944206,566.51,3.6330347,0.928011067922788,758950.0,44703567872.0
BDX,2025-12-10 18:29:49,0.8517167381974248,197.07,4.3692403,0.6636631111584165,1972995.0,56485675008.0
BRBR,2025-12-10 18:29:49,0.7126609442060086,32.16,5.268327,0.4511295389497178,3314671.0,4051490048.0
BRZE,2025-12-10 18:29:49,0.9405579399141633,34.81,13.57703,2.941779225757436,1740049.0,3873212416.0
CHYM,2025-12-10 18:29:49,0.7495708154506436,25.36,4.4051037,0.6805112658413358,3739268.0,9499297792.0
CNM,2025-12-10 18:29:49,0.7115879828326179,53.12,3.0255964,0.702067177213989,2687965.0,10487218176.0
COLD,2025-12-10 18:29:49,0.8051502145922748,12.365,9.817767,0.9712593218764154,6705061.0,3533788672.0
CVCO,2025-12-10 18:29:49,0.8075107296137339,588.325,3.2420878,0.6780468849612328,164701.0,4658149888.0
DYN,2025-12-10 18:29:49,0.8240343347639485,19.415,5.2874207,2.1406587942910296,2803728.0,2772941568.0
EEFT,2025-12-10 18:29:49,0.8263948497854078,76.99,3.8440766,0.8151671113406203,871425.0,3237019904.0
FLY,2025-12-10 18:29:49,0.8482832618025751,21.0,7.9136744,1.0187569797712246,2109668.0,3344273408.0
GEV,2025-12-10 18:29:49,0.984763948497854,714.54,14.271548,2.736912973860404,2960260.0,194514878464.0
HSBC,2025-12-10 18:29:49,0.8680257510729613,73.79,4.2378864,1.1005218214586905,1643474.0,253334863872.0
HTFL,2025-12-10 18:29:49,0.6978540772532189,28.1,4.577594,0.4380466877757776,449411.0,2392960000.0
IRDM,2025-12-10 18:29:49,0.7489270386266094,19.088,7.538024,0.5435026207881656,2679919.0,2025502464.0
JBTM,2025-12-10 18:29:49,0.9169527896995708,149.74,8.656852,0.7704094707018209,554130.0,7782193664.0
JPM,2025-12-10 18:29:49,0.7821888412017167,306.92,2.1330416,1.0637122610521552,8468009.0,843954520064.0
KAI,2025-12-10 18:29:49,0.8081545064377682,290.05,3.0007036,0.936832190057092,139074.0,3416247808.0
LBRDA,2025-12-10 18:29:49,0.7555793991416309,49.1,3.5209744,0.635589623662899,115455.0,7083318784.0
LINE,2025-12-10 18:29:49,0.8128755364806867,36.42,5.2905407,0.6497157567226649,1340577.0,9097614336.0
LKQ,2025-12-10 18:29:49,0.7508583690987125,29.565,4.9520783,0.5668803408281093,2842958.0,7606873088.0
LNC,2025-12-10 18:29:49,0.7051502145922746,44.425,3.002546,0.7583278830066534,1619169.0,8438042624.0
MCHB,2025-12-10 18:29:49,0.8109442060085836,15.17,4.6206903,1.6443550453110969,355211.0,3355811072.0
MIDD,2025-12-10 18:29:49,0.8783261802575109,139.35,8.02326,0.623429031981287,710947.0,7062590464.0
MMYT,2025-12-10 18:29:49,0.8135193133047209,74.625,4.0649853,0.6518492024016438,1073598.0,7100374016.0
NVO,2025-12-10 18:29:49,0.7298283261802574,48.6,4.831747,0.5270774309095437,16609349.0,215953096704.0
NVST,2025-12-10 18:29:49,0.7888412017167381,21.655,5.0193977,0.8164527528617667,2032049.0,3598665472.0
ODFL,2025-12-10 18:29:49,0.7212446351931331,154.18,3.552954,0.4655999114711046,2223003.0,32403722240.0
OLMA,2025-12-10 18:29:49,0.9017167381974248,29.67,11.625282,1.4591050982459224,3414900.0,2378344960.0
OMC,2025-12-10 18:29:49,0.8517167381974249,76.68,4.6968904,0.8414994730392823,4234661.0,24333570048.0
PEN,2025-12-10 18:29:49,0.7510729613733905,297.0,3.4345775,0.4912696613934091,441220.0,11631166464.0
PEP,2025-12-10 18:29:49,0.7879828326180257,149.29,3.214874,0.9202934843222312,7181985.0,204389531648.0
PLAB,2025-12-10 18:29:49,0.978969957081545,36.3099,41.338642,15.88418121786974,780806.0,2184058880.0
PLTR,2025-12-10 18:29:49,0.6963519313304721,186.7935,2.7241018,0.6409191885115324,51843990.0,445210427392.0
RELY,2025-12-10 18:29:49,0.7984978540772533,15.305,8.162549,0.8173310206320183,3834477.0,3199448064.0
RKLB,2025-12-10 18:29:49,0.8525751072961374,56.665,6.054652,0.9884796561040486,21821484.0,30267967488.0
RUSHB,2025-12-10 18:29:49,0.796137339055794,57.99,5.4555373,0.4889165686342352,43353.0,4469950976.0
RYN,2025-12-10 18:29:49,0.7111587982832617,22.12,4.155393,0.5689446628364077,1336028.0,3448907776.0
SATS,2025-12-10 18:29:49,0.9375536480686696,101.46,8.466964,2.074847558115537,4263920.0,29207930880.0
SXI,2025-12-10 18:29:49,0.9175965665236052,244.055,5.6240783,0.8505872168297186,130531.0,2957214208.0
TERN,2025-12-10 18:29:49,0.8109442060085836,44.11,3.6175733,2.2225467881449896,3227901.0,3973419264.0
TTC,2025-12-10 18:29:49,0.7326180257510728,72.08,3.3998032,0.5567261894248489,679404.0,7113234432.0
WBD,2025-12-10 18:29:49,0.763519313304721,29.545,4.5470624,1.0119854312967136,54526198.0,73224290304.0
WRBY,2025-12-10 18:29:49,0.9444206008583692,28.49,22.695955,4.328151774322396,2641290.0,3480475648.0
AAOI,2025-12-10 18:55:03,0.8752136752136752,33.5,10.2699175,1.0480852748676397,5162412.0,2287376128.0
ABVX,2025-12-10 18:55:03,0.9307692307692308,128.83,4.7057877,2.6730405361595277,1187557.0,10165324800.0
ADPT,2025-12-10 18:55:03,0.8087606837606838,15.97,7.469722,0.911362219093988,2224187.0,2438063104.0
ALLY,2025-12-10 18:55:03,0.7467948717948717,43.635,3.0585692,1.290247287772449,3466892.0,13441900544.0
ANF,2025-12-10 18:55:03,0.8012820512820513,104.66,4.701885,0.5619290858799664,2099046.0,4926327296.0
APG,2025-12-10 18:55:03,0.7696581196581196,39.03,3.527846,0.9793275825029332,2420520.0,16232807424.0
ASTS,2025-12-10 18:55:03,0.7786324786324788,75.965,4.291698,0.6506785355524527,12895566.0,27909640192.0
ATI,2025-12-10 18:55:03,0.7102564102564102,102.37,2.9672146,0.5990621470985893,1481469.0,14109875200.0
AXON,2025-12-10 18:55:03,0.8335470085470086,563.82,3.1409461,0.9730614664997694,758950.0,44491296768.0
BDX,2025-12-10 18:55:03,0.8619658119658119,197.5099,4.6022115,0.7022151602006087,1972995.0,56611762176.0
BRBR,2025-12-10 18:55:03,0.7215811965811965,32.21,5.433715,0.494352531518211,3314671.0,4057788928.0
BRZE,2025-12-10 18:55:03,0.9425213675213676,34.91,13.894327,3.1567530569541438,1740049.0,3884338944.0
CHYM,2025-12-10 18:55:03,0.7549145299145299,25.36,4.4051037,0.7464570605797712,3739268.0,9499297792.0
CNM,2025-12-10 18:55:03,0.7391025641025639,53.225,3.2292418,0.7717939035664527,2687965.0,10507947008.0
COLD,2025-12-10 18:55:03,0.7985042735042734,12.255,8.836588,1.0574066365690036,6705061.0,3502351872.0
DYN,2025-12-10 18:55:03,0.8307692307692307,19.415,5.2874207,2.229304697174619,2803728.0,2772941568.0
EEFT,2025-12-10 18:55:03,0.8061965811965812,76.61,3.3315365,1.048690363485096,871425.0,3221042944.0
FLY,2025-12-10 18:55:03,0.8459401709401708,20.89,7.3484087,1.0641171975874877,2109668.0,3326755840.0
GEV,2025-12-10 18:55:03,0.9852564102564102,717.43,14.733728,2.8071659246147296,2960260.0,195301621760.0
HSBC,2025-12-10 18:55:03,0.8585470085470086,73.72,4.1390033,1.1316297063415668,1643474.0,253094543360.0
HTFL,2025-12-10 18:55:03,0.7158119658119658,28.265,5.1916575,0.4578971142228383,449411.0,2407011072.0
JBTM,2025-12-10 18:55:03,0.922008547008547,150.2795,9.048326,0.865921354194864,554130.0,7810231296.0
JPM,2025-12-10 18:55:03,0.7848290598290598,306.095,1.8585043,1.1107529526716375,8468009.0,841685925888.0
LINE,2025-12-10 18:55:03,0.817948717948718,36.58,5.753113,0.6784399553326664,1340577.0,9137583104.0
LKQ,2025-12-10 18:55:03,0.7561965811965812,29.55,4.898825,0.605596354219795,2842958.0,7603013632.0
MCHB,2025-12-10 18:55:03,0.7976495726495727,15.12,4.277336,1.7242990785758323,355211.0,3344750336.0
MIDD,2025-12-10 18:55:03,0.8963675213675213,139.36,8.031008,0.7154640219313113,710947.0,7063096832.0
MMYT,2025-12-10 18:55:03,0.8324786324786324,74.815,4.3299446,0.7539460766506644,1073598.0,7118452224.0
NVO,2025-12-10 18:55:03,0.7423076923076923,48.645,4.9288177,0.558703896221339,16609349.0,216153063424.0
NVST,2025-12-10 18:55:03,0.7987179487179488,21.64,4.9466467,0.9348150561329968,2032049.0,3596172544.0
ODFL,2025-12-10 18:55:03,0.7395299145299146,153.975,3.4152775,0.5401864055064253,2223003.0,32360640512.0
OLMA,2025-12-10 18:55:03,0.8997863247863247,29.695,11.7193365,1.5033626167676946,3414900.0,2380348672.0
OMC,2025-12-10 18:55:03,0.8538461538461539,76.75,4.792466,0.8875343268327737,4234661.0,24355782656.0
PEN,2025-12-10 18:55:03,0.7884615384615384,298.295,3.8848639,0.5395539640088844,441220.0,11681882112.0
PEP,2025-12-10 18:55:03,0.8008547008547009,149.35,3.2563653,0.9691212109187084,7181985.0,204471697408.0
PLAB,2025-12-10 18:55:03,0.9794871794871794,36.6995,42.855198,16.24765050473485,780806.0,2207493888.0
PLTR,2025-12-10 18:55:03,0.705982905982906,186.92,2.793666,0.6681305972013343,51843990.0,445511892992.0
PSTG,2025-12-10 18:55:03,0.7029914529914529,72.37,3.1646488,0.5769803405044148,3587325.0,23783430144.0
REGN,2025-12-10 18:55:03,0.7243589743589743,715.91,3.3685575,0.4550271369056433,1094082.0,75877466112.0
RELY,2025-12-10 18:55:03,0.7777777777777779,15.115,6.8197894,0.8561149277984977,3834477.0,3159729152.0
RKLB,2025-12-10 18:55:03,0.8322649572649572,56.1465,5.084221,1.0210519596192449,21821484.0,29991008256.0
RUSHB,2025-12-10 18:55:03,0.7918803418803418,58.155,5.755586,0.5004728623163334,43353.0,4482669056.0
RYN,2025-12-10 18:55:03,0.7297008547008548,22.14,4.2495594,0.6448001089797519,1336028.0,3452025856.0
SATS,2025-12-10 18:55:03,0.9427350427350428,101.82,8.851827,2.214150593819772,4263920.0,29311565824.0
SXI,2025-12-10 18:55:03,0.9143162393162392,243.865,5.541854,0.875248025373283,130531.0,2954912000.0
TERN,2025-12-10 18:55:03,0.8628205128205128,44.49,4.5102234,2.3455164826926227,3227901.0,4007649792.0
TTC,2025-12-10 18:55:03,0.7525641025641026,72.095,3.42132,0.6194576422864746,679404.0,7114714624.0
UHAL,2025-12-10 18:55:03,0.7091880341880342,52.89,3.9504683,0.4617539062736297,165311.0,10047930368.0
WBD,2025-12-10 18:55:03,0.7677350427350428,29.545,4.5470624,1.0720739597505038,54526198.0,73224290304.0
WRBY,2025-12-10 18:55:03,0.9465811965811964,28.375,22.200693,5.3042085496102285,2641290.0,3466426624.0
AAOI,2025-12-10 18:55:04,0.8752136752136752,33.5,10.2699175,1.0480852748676397,5162412.0,2287376128.0
ABVX,2025-12-10 18:55:04,0.9307692307692308,128.83,4.7057877,2.6730405361595277,1187557.0,10165324800.0
ADPT,2025-12-10 18:55:04,0.8087606837606838,15.97,7.469722,0.911362219093988,2224187.0,2438063104.0
ALLY,2025-12-10 18:55:04,0.7467948717948717,43.635,3.0585692,1.290247287772449,3466892.0,13441900544.0
ANF,2025-12-10 18:55:04,0.8012820512820513,104.66,4.701885,0.5619290858799664,2099046.0,4926327296.0
APG,2025-12-10 18:55:04,0.7696581196581196,39.03,3.527846,0.9793275825029332,2420520.0,16232807424.0
ASTS,2025-12-10 18:55:04,0.7786324786324788,75.965,4.291698,0.6506785355524527,12895566.0,27909640192.0
ATI,2025-12-10 18:55:04,0.7102564102564102,102.37,2.9672146,0.5990621470985893,1481469.0,14109875200.0
AXON,2025-12-10 18:55:04,0.8335470085470086,563.82,3.1409461,0.9730614664997694,758950.0,44491296768.0
BDX,2025-12-10 18:55:04,0.8619658119658119,197.5099,4.6022115,0.7022151602006087,1972995.0,56611762176.0
BRBR,2025-12-10 18:55:04,0.7215811965811965,32.21,5.433715,0.494352531518211,3314671.0,4057788928.0
BRZE,2025-12-10 18:55:04,0.9425213675213676,34.91,13.894327,3.1567530569541438,1740049.0,3884338944.0
CHYM,2025-12-10 18:55:04,0.7549145299145299,25.36,4.4051037,0.7464570605797712,3739268.0,9499297792.0
CNM,2025-12-10 18:55:04,0.7391025641025639,53.225,3.2292418,0.7717939035664527,2687965.0,10507947008.0
COLD,2025-12-10 18:55:04,0.7985042735042734,12.255,8.836588,1.0574066365690036,6705061.0,3502351872.0
DYN,2025-12-10 18:55:04,0.8307692307692307,19.415,5.2874207,2.229304697174619,2803728.0,2772941568.0
EEFT,2025-12-10 18:55:04,0.8061965811965812,76.61,3.3315365,1.048690363485096,871425.0,3221042944.0
FLY,2025-12-10 18:55:04,0.8459401709401708,20.89,7.3484087,1.0641171975874877,2109668.0,3326755840.0
GEV,2025-12-10 18:55:04,0.9852564102564102,717.43,14.733728,2.8071659246147296,2960260.0,195301621760.0
HSBC,2025-12-10 18:55:04,0.8585470085470086,73.72,4.1390033,1.1316297063415668,1643474.0,253094543360.0
HTFL,2025-12-10 18:55:04,0.7158119658119658,28.265,5.1916575,0.4578971142228383,449411.0,2407011072.0
JBTM,2025-12-10 18:55:04,0.922008547008547,150.2795,9.048326,0.865921354194864,554130.0,7810231296.0
JPM,2025-12-10 18:55:04,0.7848290598290598,306.095,1.8585043,1.1107529526716375,8468009.0,841685925888.0
LINE,2025-12-10 18:55:04,0.817948717948718,36.58,5.753113,0.6784399553326664,1340577.0,9137583104.0
LKQ,2025-12-10 18:55:04,0.7561965811965812,29.55,4.898825,0.605596354219795,2842958.0,7603013632.0
MCHB,2025-12-10 18:55:04,0.7976495726495727,15.12,4.277336,1.7242990785758323,355211.0,3344750336.0
MIDD,2025-12-10 18:55:04,0.8963675213675213,139.36,8.031008,0.7154640219313113,710947.0,7063096832.0
MMYT,2025-12-10 18:55:04,0.8324786324786324,74.815,4.3299446,0.7539460766506644,1073598.0,7118452224.0
NVO,2025-12-10 18:55:04,0.7423076923076923,48.645,4.9288177,0.558703896221339,16609349.0,216153063424.0
NVST,2025-12-10 18:55:04,0.7987179487179488,21.64,4.9466467,0.9348150561329968,2032049.0,3596172544.0
ODFL,2025-12-10 18:55:04,0.7395299145299146,153.975,3.4152775,0.5401864055064253,2223003.0,32360640512.0
OLMA,2025-12-10 18:55:04,0.8997863247863247,29.695,11.7193365,1.5033626167676946,3414900.0,2380348672.0
OMC,2025-12-10 18:55:04,0.8538461538461539,76.75,4.792466,0.8875343268327737,4234661.0,24355782656.0
PEN,2025-12-10 18:55:04,0.7884615384615384,298.295,3.8848639,0.5395539640088844,441220.0,11681882112.0
PEP,2025-12-10 18:55:04,0.8008547008547009,149.35,3.2563653,0.9691212109187084,7181985.0,204471697408.0
PLAB,2025-12-10 18:55:04,0.9794871794871794,36.6995,42.855198,16.24765050473485,780806.0,2207493888.0
PLTR,2025-12-10 18:55:04,0.705982905982906,186.92,2.793666,0.6681305972013343,51843990.0,445511892992.0
PSTG,2025-12-10 18:55:04,0.7029914529914529,72.37,3.1646488,0.5769803405044148,3587325.0,23783430144.0
REGN,2025-12-10 18:55:04,0.7243589743589743,715.91,3.3685575,0.4550271369056433,1094082.0,75877466112.0
RELY,2025-12-10 18:55:04,0.7777777777777779,15.115,6.8197894,0.8561149277984977,3834477.0,3159729152.0
RKLB,2025-12-10 18:55:04,0.8322649572649572,56.1465,5.084221,1.0210519596192449,21821484.0,29991008256.0
RUSHB,2025-12-10 18:55:04,0.7918803418803418,58.155,5.755586,0.5004728623163334,43353.0,4482669056.0
RYN,2025-12-10 18:55:04,0.7297008547008548,22.14,4.2495594,0.6448001089797519,1336028.0,3452025856.0
SATS,2025-12-10 18:55:04,0.9427350427350428,101.82,8.851827,2.214150593819772,4263920.0,29311565824.0
SXI,2025-12-10 18:55:04,0.9143162393162392,243.865,5.541854,0.875248025373283,130531.0,2954912000.0
TERN,2025-12-10 18:55:04,0.8628205128205128,44.49,4.5102234,2.3455164826926227,3227901.0,4007649792.0
TTC,2025-12-10 18:55:04,0.7525641025641026,72.095,3.42132,0.6194576422864746,679404.0,7114714624.0
UHAL,2025-12-10 18:55:04,0.7091880341880342,52.89,3.9504683,0.4617539062736297,165311.0,10047930368.0
WBD,2025-12-10 18:55:04,0.7677350427350428,29.545,4.5470624,1.0720739597505038,54526198.0,73224290304.0
WRBY,2025-12-10 18:55:04,0.9465811965811964,28.375,22.200693,5.3042085496102285,2641290.0,3466426624.0
AAOI,2025-12-10 19:17:57,0.8761428571428572,34.85,14.713626,1.176766984115177,5162412.0,2379554048.0
ABVX,2025-12-10 19:17:57,0.9427142857142856,131.12,6.571772,2.7607331690184136,1187557.0,10346016768.0
ADPT,2025-12-10 19:17:57,0.7924285714285715,16.11,8.41185,0.973518863297016,2224187.0,2459436288.0
ALLY,2025-12-10 19:17:57,0.8118571428571428,44.285,4.593764,1.361927628550298,3466892.0,13642135552.0
ANF,2025-12-10 19:17:57,0.809142857142857,105.56,5.6022396,0.6047480617385231,2099046.0,4968690176.0
APG,2025-12-10 19:17:57,0.7921428571428571,39.42,4.5623274,1.018251450101631,2420520.0,16395011072.0
ASTS,2025-12-10 19:17:57,0.8255714285714286,78.55,7.839109,0.7318873014181774,12895566.0,28859373568.0
ATI,2025-12-10 19:17:57,0.8092857142857143,103.93,4.536313,0.7078109633073658,1481469.0,14324892672.0
AXON,2025-12-10 19:17:57,0.9065714285714286,571.41,4.529397,1.0421055405494433,758950.0,45090226176.0
BDX,2025-12-10 19:17:57,0.8328571428571429,197.045,4.355995,0.7390748582738426,1972995.0,56478507008.0
BRZE,2025-12-10 19:17:57,0.926,35.65,16.3079,3.4834306390222345,1740049.0,3966676992.0
CHYM,2025-12-10 19:17:57,0.7755714285714286,25.77,6.0930405,0.8285988059695106,3739268.0,9652875264.0
CIEN,2025-12-10 19:17:57,0.7667142857142857,222.1,3.615582,0.6987753938083695,2896523.0,31397658624.0
CNM,2025-12-10 19:17:57,0.8344285714285715,54.36,5.430565,0.965386454064692,2687965.0,10732024832.0
COLD,2025-12-10 19:17:57,0.7875714285714285,12.435,10.43517,1.1234985035930325,6705061.0,3553794304.0
CVCO,2025-12-10 19:17:57,0.8727142857142857,594.47,4.3204346,0.7952228583918738,164701.0,4706803200.0
DYN,2025-12-10 19:17:57,0.8021428571428572,19.5,5.74837,2.320717630240879,2803728.0,2785081344.0
EEFT,2025-12-10 19:17:57,0.7507142857142858,76.65,3.38549,1.0938394009811516,871425.0,3222724864.0
FLY,2025-12-10 19:17:57,0.8464285714285715,21.68,11.408023,1.1227292635618495,2109668.0,3452564224.0
GEV,2025-12-10 19:17:57,0.9822857142857142,723.61,15.722054,2.9554724922810838,2960260.0,196983963648.0
HSBC,2025-12-10 19:17:57,0.8361428571428572,73.89,4.3791475,1.1767238179612212,1643474.0,253678174208.0
IRDM,2025-12-10 19:17:57,0.7681428571428571,18.89,6.4225316,0.847763309264198,2679919.0,2004491904.0
JBTM,2025-12-10 19:17:57,0.9428571428571428,150.96,9.54213,1.0906484038041615,554130.0,7845598720.0
KAI,2025-12-10 19:17:57,0.8311428571428571,291.62,3.5582347,0.9748838747717042,139074.0,3434739712.0
LINE,2025-12-10 19:17:57,0.8055714285714286,37.01,6.9962363,0.7016307157291226,1340577.0,9244995584.0
LKQ,2025-12-10 19:17:57,0.7507142857142857,29.71,5.4668055,0.6890981154135939,2842958.0,7644180480.0
MCHB,2025-12-10 19:17:57,0.7715714285714286,15.15,4.482756,1.838732471685843,355211.0,3351386624.0
MIDD,2025-12-10 19:17:57,0.915,140.79,9.146619,0.8339130765021865,710947.0,7135572480.0
MMYT,2025-12-10 19:17:57,0.8119999999999999,75.0,4.587925,0.7778656443100677,1073598.0,7136054272.0
MOD,2025-12-10 19:17:57,0.7935714285714286,160.38,4.857802,0.5680497625914709,997858.0,8443777536.0
NVST,2025-12-10 19:17:57,0.7941428571428572,21.89,6.1590614,0.98042665309744,2032049.0,3637718016.0
ODFL,2025-12-10 19:17:57,0.7758571428571428,155.22,4.251462,0.6020995023398529,2223003.0,32622299136.0
OLMA,2025-12-10 19:17:57,0.8831428571428571,30.2941,13.973288,1.618597909162787,3414900.0,2428372736.0
OMC,2025-12-10 19:17:57,0.839,77.105,5.277179,0.934203942180968,4234661.0,24468441088.0
PEN,2025-12-10 19:17:57,0.8247142857142856,300.46,4.638844,0.595535107202756,441220.0,11766667264.0
PLAB,2025-12-10 19:17:57,0.9651428571428572,37.24,44.959133,16.97304836284557,780806.0,2240005120.0
PLTR,2025-12-10 19:17:57,0.7714285714285714,189.251,4.0750294,0.7536349922141409,51843990.0,451067707392.0
RCL,2025-12-10 19:17:57,0.8034285714285715,258.0,3.898193,0.691305295789249,2187757.0,70359941120.0
RELY,2025-12-10 19:17:57,0.7685714285714285,15.265,7.879864,0.906092538826025,3834477.0,3191086336.0
RKLB,2025-12-10 19:17:57,0.8621428571428571,58.33,9.17088,1.149204930333794,21821484.0,31157338112.0
RUSHB,2025-12-10 19:17:57,0.76,57.84,5.1827574,0.5222706617765783,43353.0,4458388480.0
SATS,2025-12-10 19:17:57,0.9324285714285714,102.6,9.685693,2.4006691026098053,4263920.0,29536110592.0
SPXC,2025-12-10 19:17:57,0.7894285714285715,217.145,3.738294,0.6865988792097643,330838.0,10821545984.0
SXI,2025-12-10 19:17:57,0.937,247.41,7.076087,0.9670040067110496,130531.0,2997866752.0
TERN,2025-12-10 19:17:57,0.8557142857142856,44.94,5.5672984,2.4406374297105144,3227901.0,4048185344.0
TTC,2025-12-10 19:17:57,0.7857142857142856,72.66,4.231824,0.709726466137968,679404.0,7170472448.0
UHAL,2025-12-10 19:17:57,0.7629999999999999,53.445,5.041271,0.5746078603359728,165311.0,10153368576.0
WBD,2025-12-10 19:17:57,0.7644285714285715,29.7739,5.356829,1.135651178173105,54526198.0,73791594496.0
WRBY,2025-12-10 19:17:57,0.916,28.01,20.628773,5.773709437433981,2641290.0,3421836544.0
XPO,2025-12-10 19:17:57,0.7752857142857141,148.44,3.9932723,0.6349998840167326,1293290.0,17480603648.0
AAOI,2025-12-10 19:40:04,0.8818734793187347,34.89,14.845294,1.30830278559712,5162412.0,2382285312.0
ABVX,2025-12-10 19:40:04,0.9316301703163016,129.85,5.5347896,2.834126698760565,1187557.0,10245808128.0
ADPT,2025-12-10 19:40:04,0.7945255474452554,16.175,8.8492565,1.041240237444064,2224187.0,2469359360.0
ALLY,2025-12-10 19:40:04,0.8032846715328467,44.275,4.57015,1.4514092160932617,3466892.0,13639055360.0
ANF,2025-12-10 19:40:04,0.8059610705596105,105.355,5.3971634,0.6515035878203718,2099046.0,4959041024.0
APG,2025-12-10 19:40:04,0.7991484184914841,39.53,4.854106,1.0686369044668087,2420520.0,16440760320.0
ASTS,2025-12-10 19:40:04,0.8361313868613138,78.99,8.443165,0.7995881685224208,12895566.0,29021028352.0
ATI,2025-12-10 19:40:04,0.7957420924574209,103.48,4.0836906,0.844872218048437,1481469.0,14262868992.0
AXON,2025-12-10 19:40:04,0.9083941605839416,571.18,4.480323,1.1234587258712696,758950.0,45072076800.0
BDX,2025-12-10 19:40:04,0.8489051094890512,197.95,4.835287,0.775281741717541,1972995.0,56737902592.0
BRZE,2025-12-10 19:40:04,0.924087591240876,35.95,17.292011,3.699482026080875,1740049.0,4000057088.0
CHYM,2025-12-10 19:40:04,0.7798053527980535,25.83,6.3400536,0.9579425705779848,3739268.0,9675348992.0
CNM,2025-12-10 19:40:04,0.8400243309002433,54.305,5.323892,1.1120390332463406,2687965.0,10721167360.0
COLD,2025-12-10 19:40:04,0.7864963503649635,12.49,10.923619,1.2287566063903073,6705061.0,3569512448.0
CVCO,2025-12-10 19:40:04,0.8900243309002432,596.365,4.6529818,0.8409724288255688,164701.0,4721807360.0
DYN,2025-12-10 19:40:04,0.7963503649635035,19.48,5.639908,2.428288336101077,2803728.0,2782224896.0
EEFT,2025-12-10 19:40:04,0.7952554744525547,77.01,3.8710585,1.172380870413403,871425.0,3237860864.0
EXPE,2025-12-10 19:40:04,0.7885644768856449,273.74,4.772841,0.5738304614927916,2075092.0,33865902080.0
FLY,2025-12-10 19:40:04,0.8319951338199513,21.35,9.712237,1.198271481579092,2109668.0,3400011520.0
GEV,2025-12-10 19:40:04,0.983941605839416,721.58,15.397414,3.044274489402958,2960260.0,196431347712.0
HSBC,2025-12-10 19:40:04,0.8495133819951337,74.075,4.6404805,1.2672473066200012,1643474.0,254313299968.0
IESC,2025-12-10 19:40:04,0.7963503649635036,470.13,3.5642674,0.798912701112497,158742.0,9334236160.0
JBTM,2025-12-10 19:40:04,0.9604622871046228,152.6,10.732174,1.2964773609080902,554130.0,7930831872.0
KAI,2025-12-10 19:40:04,0.862043795620438,292.81,3.9808207,1.0240231819031596,139074.0,3448755712.0
LINE,2025-12-10 19:40:04,0.7980535279805353,37.1401,7.3723574,0.7340481001837269,1340577.0,9277494272.0
MCHB,2025-12-10 19:40:04,0.7836982968369829,15.21,4.889807,1.9866079597760204,355211.0,3364659712.0
MIDD,2025-12-10 19:40:04,0.9228710462287104,140.72,9.086681,0.928884994240077,710947.0,7132025344.0
MMYT,2025-12-10 19:40:04,0.8200729927007299,75.155,4.8040714,0.8077362290168201,1073598.0,7150801920.0
MOD,2025-12-10 19:40:04,0.7776155717761557,159.52,4.2955265,0.6300666026629039,997858.0,8398499840.0
MTZ,2025-12-10 19:40:04,0.7672749391727494,228.495,3.6822715,0.7216510174298538,907925.0,18030071808.0
NVST,2025-12-10 19:40:04,0.8034063260340633,22.11,7.225992,1.1021112187747442,2032049.0,3674278144.0
ODFL,2025-12-10 19:40:04,0.7874695863746958,155.74,4.600716,0.6381120493314674,2223003.0,32731588608.0
OLMA,2025-12-10 19:40:04,0.8736009732360097,29.72,11.813392,1.6745471316876044,3414900.0,2382352640.0
OMC,2025-12-10 19:40:04,0.844403892944039,77.06,5.2157288,1.001859416845882,4234661.0,24454158336.0
PEN,2025-12-10 19:40:04,0.8057177615571778,299.01,4.13387,0.6580708036807035,441220.0,11709882368.0
PLAB,2025-12-10 19:40:04,0.962287104622871,37.05,44.219536,17.4562490554632,780806.0,2228576512.0
PLTR,2025-12-10 19:40:04,0.774330900243309,189.33,4.119009,0.832462817773092,51843990.0,451255992320.0
RCL,2025-12-10 19:40:04,0.8485401459854015,259.49,4.498221,0.7855438241084362,2187757.0,70766280704.0
RELY,2025-12-10 19:40:04,0.77007299270073,15.345,8.445234,0.98323448021725,3834477.0,3207810048.0
RKLB,2025-12-10 19:40:04,0.8512165450121655,57.47,7.561297,1.246979948751423,21821484.0,30697963520.0
RUSHB,2025-12-10 19:40:04,0.7754257907542579,58.44,6.2738624,0.5577468687288077,43353.0,4504637440.0
SATS,2025-12-10 19:40:04,0.9341849148418492,103.28,10.427705,2.538009390420083,4263920.0,29731866624.0
SFBS,2025-12-10 19:40:04,0.8291970802919708,75.8,4.0208592,1.3425344408427875,236928.0,4140335104.0
SPXC,2025-12-10 19:40:04,0.8189781021897811,217.951,4.1168795,0.7457214709313924,330838.0,10861713408.0
SXI,2025-12-10 19:40:04,0.94014598540146,246.065,6.4939866,1.0184247420153067,130531.0,2981569280.0
TERN,2025-12-10 19:40:04,0.8222627737226277,44.58,4.72164,2.5071865586955733,3227901.0,4015757056.0
TTC,2025-12-10 19:40:04,0.7942822384428222,72.715,4.310712,0.8002528686907937,679404.0,7175899136.0
UHAL,2025-12-10 19:40:04,0.7867396593673965,53.565,5.2771177,0.6458977321533352,165311.0,10176164864.0
WRBY,2025-12-10 19:40:04,0.9153284671532846,28.32,21.963827,6.070469353989907,2641290.0,3459707648.0
XPO,2025-12-10 19:40:04,0.8086374695863747,148.63,4.126383,0.7785485080685693,1293290.0,17502978048.0
AAOI,2025-12-10 19:40:05,0.8818734793187347,34.89,14.845294,1.30830278559712,5162412.0,2382285312.0
ABVX,2025-12-10 19:40:05,0.9316301703163016,129.85,5.5347896,2.834126698760565,1187557.0,10245808128.0
ADPT,2025-12-10 19:40:05,0.7945255474452554,16.175,8.8492565,1.041240237444064,2224187.0,2469359360.0
ALLY,2025-12-10 19:40:05,0.8032846715328467,44.275,4.57015,1.4514092160932617,3466892.0,13639055360.0
ANF,2025-12-10 19:40:05,0.8059610705596105,105.355,5.3971634,0.6515035878203718,2099046.0,4959041024.0
APG,2025-12-10 19:40:05,0.7991484184914841,39.53,4.854106,1.0686369044668087,2420520.0,16440760320.0
ASTS,2025-12-10 19:40:05,0.8361313868613138,78.99,8.443165,0.7995881685224208,12895566.0,29021028352.0
ATI,2025-12-10 19:40:05,0.7957420924574209,103.48,4.0836906,0.844872218048437,1481469.0,14262868992.0
AXON,2025-12-10 19:40:05,0.9083941605839416,571.18,4.480323,1.1234587258712696,758950.0,45072076800.0
BDX,2025-12-10 19:40:05,0.8489051094890512,197.95,4.835287,0.775281741717541,1972995.0,56737902592.0
BRZE,2025-12-10 19:40:05,0.924087591240876,35.95,17.292011,3.699482026080875,1740049.0,4000057088.0
CHYM,2025-12-10 19:40:05,0.7798053527980535,25.83,6.3400536,0.9579425705779848,3739268.0,9675348992.0
CNM,2025-12-10 19:40:05,0.8400243309002433,54.305,5.323892,1.1120390332463406,2687965.0,10721167360.0
COLD,2025-12-10 19:40:05,0.7864963503649635,12.49,10.923619,1.2287566063903073,6705061.0,3569512448.0
CVCO,2025-12-10 19:40:05,0.8900243309002432,596.365,4.6529818,0.8409724288255688,164701.0,4721807360.0
DYN,2025-12-10 19:40:05,0.7963503649635035,19.48,5.639908,2.428288336101077,2803728.0,2782224896.0
EEFT,2025-12-10 19:40:05,0.7952554744525547,77.01,3.8710585,1.172380870413403,871425.0,3237860864.0
EXPE,2025-12-10 19:40:05,0.7885644768856449,273.74,4.772841,0.5738304614927916,2075092.0,33865902080.0
FLY,2025-12-10 19:40:05,0.8319951338199513,21.35,9.712237,1.198271481579092,2109668.0,3400011520.0
GEV,2025-12-10 19:40:05,0.983941605839416,721.58,15.397414,3.044274489402958,2960260.0,196431347712.0
HSBC,2025-12-10 19:40:05,0.8495133819951337,74.075,4.6404805,1.2672473066200012,1643474.0,254313299968.0
IESC,2025-12-10 19:40:05,0.7963503649635036,470.13,3.5642674,0.798912701112497,158742.0,9334236160.0
JBTM,2025-12-10 19:40:05,0.9604622871046228,152.6,10.732174,1.2964773609080902,554130.0,7930831872.0
KAI,2025-12-10 19:40:05,0.862043795620438,292.81,3.9808207,1.0240231819031596,139074.0,3448755712.0
LINE,2025-12-10 19:40:05,0.7980535279805353,37.1401,7.3723574,0.7340481001837269,1340577.0,9277494272.0
MCHB,2025-12-10 19:40:05,0.7836982968369829,15.21,4.889807,1.9866079597760204,355211.0,3364659712.0
MIDD,2025-12-10 19:40:05,0.9228710462287104,140.72,9.086681,0.928884994240077,710947.0,7132025344.0
MMYT,2025-12-10 19:40:05,0.8200729927007299,75.155,4.8040714,0.8077362290168201,1073598.0,7150801920.0
MOD,2025-12-10 19:40:05,0.7776155717761557,159.52,4.2955265,0.6300666026629039,997858.0,8398499840.0
MTZ,2025-12-10 19:40:05,0.7672749391727494,228.495,3.6822715,0.7216510174298538,907925.0,18030071808.0
NVST,2025-12-10 19:40:05,0.8034063260340633,22.11,7.225992,1.1021112187747442,2032049.0,3674278144.0
ODFL,2025-12-10 19:40:05,0.7874695863746958,155.74,4.600716,0.6381120493314674,2223003.0,32731588608.0
OLMA,2025-12-10 19:40:05,0.8736009732360097,29.72,11.813392,1.6745471316876044,3414900.0,2382352640.0
OMC,2025-12-10 19:40:05,0.844403892944039,77.06,5.2157288,1.001859416845882,4234661.0,24454158336.0
PEN,2025-12-10 19:40:05,0.8057177615571778,299.01,4.13387,0.6580708036807035,441220.0,11709882368.0
PLAB,2025-12-10 19:40:05,0.962287104622871,37.05,44.219536,17.4562490554632,780806.0,2228576512.0
PLTR,2025-12-10 19:40:05,0.774330900243309,189.33,4.119009,0.832462817773092,51843990.0,451255992320.0
RCL,2025-12-10 19:40:05,0.8485401459854015,259.49,4.498221,0.7855438241084362,2187757.0,70766280704.0
RELY,2025-12-10 19:40:05,0.77007299270073,15.345,8.445234,0.98323448021725,3834477.0,3207810048.0
RKLB,2025-12-10 19:40:05,0.8512165450121655,57.47,7.561297,1.246979948751423,21821484.0,30697963520.0
RUSHB,2025-12-10 19:40:05,0.7754257907542579,58.44,6.2738624,0.5577468687288077,43353.0,4504637440.0
SATS,2025-12-10 19:40:05,0.9341849148418492,103.28,10.427705,2.538009390420083,4263920.0,29731866624.0
SFBS,2025-12-10 19:40:05,0.8291970802919708,75.8,4.0208592,1.3425344408427875,236928.0,4140335104.0
SPXC,2025-12-10 19:40:05,0.8189781021897811,217.951,4.1168795,0.7457214709313924,330838.0,10861713408.0
SXI,2025-12-10 19:40:05,0.94014598540146,246.065,6.4939866,1.0184247420153067,130531.0,2981569280.0
TERN,2025-12-10 19:40:05,0.8222627737226277,44.58,4.72164,2.5071865586955733,3227901.0,4015757056.0
TTC,2025-12-10 19:40:05,0.7942822384428222,72.715,4.310712,0.8002528686907937,679404.0,7175899136.0
UHAL,2025-12-10 19:40:05,0.7867396593673965,53.565,5.2771177,0.6458977321533352,165311.0,10176164864.0
WRBY,2025-12-10 19:40:05,0.9153284671532846,28.32,21.963827,6.070469353989907,2641290.0,3459707648.0
XPO,2025-12-10 19:40:05,0.8086374695863747,148.63,4.126383,0.7785485080685693,1293290.0,17502978048.0
